13	37	20	29	4	19	56	42	3	25	30	48	1	44	6	9	39	56	54	57	7	40	61	46	31	42	55	35	2	30	5	26	55	12	50	23	31	41	62	31	64	24	14	63	3	21	4	43	7	58	30	11	29	27	54	59	65	43	28	1	8	28	32	61	45	
8	16	2	47	10	33	44	34	44	39	36	60	42	7	1	33	37	11	61	59	63	53	57	40	12	55	47	41	12	43	11	19	54	12	3	63	45	42	31	20	15	64	14	56	5	13	21	46	22	14	30	18	65	23	58	11	9	38	48	24	17	62	49	4	6	
36	61	42	10	25	61	24	23	8	12	26	19	30	64	39	44	26	56	41	45	46	51	53	16	33	5	27	28	40	22	29	9	16	62	18	38	57	43	60	62	49	18	17	14	14	54	55	40	47	30	20	23	13	4	38	48	8	63	64	50	16	21	55	31	15	
8	1	7	45	59	3	28	11	16	39	25	3	26	64	46	55	15	2	3	18	37	44	25	31	42	6	45	63	59	8	10	64	9	16	43	2	17	5	12	30	42	34	32	2	33	11	57	47	10	60	61	48	35	18	13	14	22	52	4	15	62	14	19	1	29	
55	2	43	57	11	6	33	43	37	34	7	46	22	49	53	11	42	32	45	60	38	53	16	24	57	28	17	3	39	16	31	25	15	8	16	26	12	47	1	46	13	5	26	35	54	14	43	30	44	20	22	19	5	36	37	61	62	52	63	40	4	27	56	18	31	
4	38	40	50	36	20	59	41	44	26	28	57	3	55	32	22	9	47	25	43	16	18	37	2	14	5	5	38	58	17	1	62	54	39	45	25	56	38	63	33	63	23	24	64	13	54	27	21	33	42	65	48	60	34	49	8	36	51	43	29	65	46	24	52	19	
3	10	2	40	5	35	37	28	56	35	41	42	53	58	9	29	54	54	21	22	38	26	57	23	3	19	18	43	43	4	53	44	11	55	17	15	22	51	42	12	20	14	52	6	7	59	32	60	48	53	16	24	11	8	37	25	27	57	61	62	63	40	39	64	27	
55	12	48	40	53	57	58	2	41	61	6	34	26	65	15	11	12	31	21	14	1	32	35	51	19	31	37	58	3	34	20	56	45	1	29	32	55	21	33	29	16	36	62	38	34	9	46	45	39	4	58	40	42	26	17	49	54	53	43	56	22	59	44	65	60	
5	30	44	24	58	7	36	29	1	6	62	7	51	39	43	51	31	12	16	54	27	64	43	13	37	33	33	32	11	34	19	16	59	61	37	50	2	5	14	3	10	7	8	58	45	50	47	9	58	57	60	18	53	37	35	25	4	65	52	15	23	4	26	17	18	
60	63	63	64	8	63	6	13	3	65	55	52	38	61	42	30	56	59	15	25	23	37	27	18	21	39	40	24	62	53	20	57	48	18	54	53	14	58	65	16	54	1	64	26	49	41	53	36	34	65	2	3	36	22	7	4	58	43	11	52	28	31	40	9	45	
26	62	58	15	59	8	1	44	4	24	27	44	9	60	10	6	53	64	39	7	3	28	62	45	38	48	6	2	20	13	46	45	12	37	57	65	41	57	47	44	14	11	21	22	60	30	29	48	31	5	52	29	32	49	8	63	33	11	16	51	23	40	34	29	17	
18	27	49	7	6	26	18	5	45	38	64	8	63	44	33	61	29	61	22	12	1	17	39	11	12	21	34	49	47	62	59	65	21	41	1	25	64	19	28	43	56	24	48	51	2	15	46	31	8	3	37	9	15	10	20	24	30	50	8	13	44	64	4	14	40	
4	22	37	20	48	13	8	6	60	58	6	7	36	33	14	36	3	19	50	12	39	6	40	18	15	48	61	12	48	57	48	49	16	20	2	61	30	8	64	22	63	4	26	34	35	39	5	38	55	51	46	25	54	19	41	2	1	35	17	47	25	65	28	37	21	
29	32	39	36	29	60	34	30	20	65	63	56	1	31	45	49	11	3	37	33	40	38	26	8	48	7	32	42	35	3	50	61	33	24	29	62	16	64	25	41	59	20	22	59	51	65	42	1	2	12	23	39	52	53	46	43	55	13	5	20	15	54	15	47	10	
43	40	26	36	62	57	29	16	13	21	1	12	60	61	11	6	18	50	53	65	30	17	52	42	21	8	54	7	18	35	17	59	10	44	31	3	31	55	19	41	22	20	53	5	12	63	9	27	45	60	24	14	9	15	49	28	14	37	34	32	4	48	23	8	25	
49	10	50	38	26	23	46	42	10	48	51	6	55	12	48	52	36	55	56	44	38	19	55	7	53	17	10	29	37	17	54	20	25	30	56	57	58	34	25	60	16	13	65	3	21	45	50	59	35	41	29	8	61	16	14	39	40	21	2	4	42	47	22	62	11	
10	41	62	43	64	54	56	7	53	58	29	33	43	13	65	16	41	6	4	56	17	42	21	36	41	25	8	20	44	61	30	51	35	24	28	34	13	18	40	63	9	63	31	48	8	27	1	48	37	1	38	47	40	55	17	15	12	22	32	55	19	59	45	48	23	
65	14	28	15	51	25	22	48	53	5	55	13	2	35	44	64	4	24	36	57	41	49	3	58	16	57	5	6	29	52	22	27	65	50	40	50	7	60	32	56	62	19	3	61	53	46	57	54	2	30	45	40	9	48	33	19	37	36	23	1	21	42	24	20	23	
62	3	29	56	32	19	50	51	21	43	37	65	35	24	1	60	4	40	3	49	4	19	20	38	42	16	58	18	40	12	41	34	13	4	22	44	20	6	29	42	48	62	45	15	21	39	10	23	11	9	5	17	28	25	52	2	38	46	19	10	53	57	47	1	59	
64	40	13	2	3	53	47	65	25	62	18	62	4	39	7	10	43	19	35	62	5	36	34	43	54	41	28	44	19	24	36	14	64	48	15	1	37	62	6	57	56	16	52	58	52	56	65	26	9	34	27	11	8	54	51	56	31	13	33	45	36	11	59	34	50	
6	33	17	65	28	9	55	41	58	44	26	49	43	50	55	12	5	63	11	61	48	64	18	60	30	63	31	32	54	62	14	57	27	30	59	54	36	45	29	28	23	53	10	63	37	63	7	39	60	15	29	42	12	47	36	41	46	64	5	34	57	16	21	19	46	
10	7	14	54	33	40	10	18	48	7	52	45	11	23	41	26	50	13	37	31	48	12	5	43	13	32	33	30	50	51	6	60	55	20	48	21	57	56	37	39	62	22	16	8	44	53	30	28	64	1	57	46	15	61	24	21	29	53	49	11	36	54	3	22	9	
50	41	63	39	13	33	35	34	46	40	12	32	2	38	30	1	28	8	9	21	29	27	46	14	10	54	47	60	56	3	63	41	44	57	11	55	22	40	23	2	17	31	33	14	4	62	15	29	5	20	49	30	48	27	42	52	16	20	45	6	22	43	40	65	34	
47	51	53	21	5	55	33	35	22	44	34	17	56	62	18	9	44	47	52	3	20	36	19	39	15	23	59	55	57	56	24	35	40	8	58	44	60	25	10	15	62	45	31	49	38	48	57	14	28	43	16	50	11	31	19	26	45	12	13	34	65	32	1	37	36	
52	14	31	5	23	45	64	64	9	47	37	55	36	51	17	13	63	62	20	26	13	41	3	25	56	36	21	16	35	58	53	22	6	14	24	27	56	28	25	65	2	61	54	37	43	2	48	38	1	63	3	8	38	65	29	21	34	50	39	7	40	19	19	44	31	
40	4	21	62	27	19	61	20	4	32	60	5	12	32	64	7	27	9	44	25	35	65	56	17	32	58	54	49	8	31	14	47	33	34	41	58	50	36	11	53	65	6	56	13	36	55	18	63	57	2	22	26	56	14	38	23	3	28	4	10	54	17	48	20	51	
23	12	32	56	21	18	56	24	6	65	57	59	17	52	49	9	7	7	65	13	45	20	8	3	22	9	60	35	61	11	15	12	20	46	3	40	61	62	63	1	58	54	63	6	39	41	14	41	47	10	51	24	29	58	27	47	1	16	25	55	26	30	2	48	28	
2	17	3	59	12	3	48	63	60	51	35	35	64	10	15	8	58	36	33	48	60	14	47	10	27	36	38	55	35	15	62	36	28	64	30	39	1	9	41	61	58	7	28	57	11	40	60	4	13	27	53	5	43	32	15	65	6	45	52	37	57	49	5	16	46	
32	53	47	38	22	41	30	24	2	18	34	43	12	36	50	36	19	54	7	51	1	5	50	48	56	20	35	39	23	50	21	55	37	63	27	56	35	57	14	38	8	47	11	17	15	58	59	34	46	61	16	45	61	65	25	52	24	57	26	41	49	39	29	8	42	
53	63	6	42	11	43	47	55	48	64	3	40	49	34	19	41	49	65	36	50	21	20	1	12	44	39	51	15	1	56	49	52	54	58	27	63	27	7	54	10	3	57	47	51	18	65	23	1	60	58	59	14	14	48	22	62	21	5	8	20	61	2	9	45	36	
29	39	61	35	24	3	38	8	49	20	22	47	41	21	41	33	2	55	43	49	9	29	3	15	24	26	5	10	25	48	40	52	18	34	23	39	42	56	44	18	11	63	62	50	18	37	14	19	24	54	1	34	14	3	42	36	28	44	46	44	27	12	30	42	52	
48	13	14	37	56	29	44	53	25	27	3	61	35	19	20	23	19	49	35	24	24	6	41	4	43	18	25	54	45	64	32	28	14	47	63	2	7	39	51	34	62	52	30	33	8	42	58	35	26	19	44	45	21	14	50	63	36	3	50	9	1	16	38	12	62	
29	11	1	65	61	30	62	44	54	26	48	26	10	6	47	29	45	25	49	58	8	45	22	4	29	26	7	42	59	14	36	21	23	34	20	16	63	14	65	46	37	40	6	52	43	51	8	24	10	56	12	13	39	33	18	64	55	19	38	47	31	9	65	50	39	
19	63	33	34	55	12	2	31	17	49	7	1	55	27	9	45	36	20	11	4	33	7	53	50	42	35	12	47	31	63	18	50	58	51	15	48	60	16	10	9	62	21	13	51	40	15	30	11	36	40	10	1	44	61	53	20	26	59	64	56	52	16	41	45	65	
54	25	54	1	34	60	63	47	1	45	23	16	13	32	48	46	38	47	24	31	28	39	58	19	40	49	6	50	21	47	44	4	4	33	5	37	26	65	17	27	42	38	41	53	3	22	28	51	65	52	2	29	18	59	42	55	37	56	36	55	30	14	57	35	43	
59	62	4	56	14	27	33	49	65	15	47	18	41	20	15	21	20	38	40	10	15	24	46	57	58	33	16	4	22	41	47	17	36	46	6	47	8	34	30	3	50	9	18	23	25	32	39	44	7	11	54	16	34	29	12	31	60	20	35	19	59	13	30	28	52	
31	8	55	3	33	58	45	39	9	63	63	41	37	39	51	44	24	59	10	52	64	34	44	17	61	59	9	4	20	36	56	50	39	42	46	6	31	23	43	40	20	47	12	53	14	53	33	35	49	38	20	53	6	1	54	1	57	62	2	11	29	52	60	2	30	
36	6	58	58	49	29	11	20	39	60	31	25	23	1	2	62	16	41	64	11	32	64	63	26	64	10	49	48	65	51	12	30	56	1	33	34	28	31	53	64	27	17	23	45	15	24	37	29	59	35	40	20	36	35	43	34	38	24	14	32	7	18	61	60	22	
15	28	45	43	16	42	65	32	63	44	43	19	18	4	10	48	39	30	14	8	3	46	45	27	49	9	33	1	2	25	17	23	53	60	56	64	34	59	28	29	31	2	50	44	6	55	26	41	17	37	48	21	10	35	42	57	34	7	58	36	32	20	49	22	65	
40	15	32	27	40	60	60	39	42	36	41	29	59	16	52	30	61	61	46	21	43	30	54	40	20	22	4	27	5	18	25	41	31	56	3	7	50	63	45	24	28	15	51	21	30	33	48	32	20	19	47	53	49	31	34	1	53	30	37	52	48	49	35	11	38	
28	12	19	20	52	44	47	64	25	1	32	50	45	49	4	63	25	57	43	55	15	43	38	47	2	25	26	51	50	37	17	13	44	35	34	29	10	12	26	36	9	56	17	54	41	18	49	58	8	25	48	22	65	17	65	64	42	24	53	27	59	60	35	39	30	
63	64	41	9	20	6	15	10	23	65	38	40	47	25	46	5	2	1	6	18	65	1	55	22	44	14	11	39	46	44	3	45	39	39	51	59	45	2	61	64	4	29	40	44	50	16	46	52	15	49	4	12	56	58	31	30	4	42	64	48	17	7	27	53	54	
8	46	16	5	39	15	2	1	50	52	50	2	23	37	13	4	40	24	51	27	55	11	29	28	9	11	42	8	34	30	43	39	17	59	44	47	18	43	48	58	18	32	55	41	61	2	45	30	24	25	62	11	57	20	36	42	35	13	54	59	56	26	32	49	19	
11	28	24	51	7	13	3	32	5	37	33	4	14	57	23	34	46	35	3	63	4	45	25	16	26	27	55	52	48	36	2	58	64	22	40	8	32	40	34	44	12	59	36	19	49	60	50	42	20	52	28	30	29	54	36	53	10	29	41	49	58	38	43	54	55	
12	56	20	48	23	50	57	14	16	7	62	3	55	26	21	40	50	42	5	33	10	53	30	32	20	11	22	52	49	16	38	54	64	64	35	21	39	20	34	52	25	29	55	13	58	7	53	36	51	59	3	60	41	33	19	56	43	39	44	20	46	10	8	61	1	
39	62	36	57	29	22	16	57	11	28	45	15	19	15	58	63	17	44	34	46	61	25	21	33	62	38	13	5	44	54	2	18	51	37	7	14	58	24	5	4	46	48	13	59	60	6	55	8	48	23	55	44	47	9	10	40	39	21	50	26	12	52	31	57	20	
37	5	8	55	7	10	34	52	17	29	44	21	13	47	4	35	32	45	12	33	53	50	7	3	28	22	14	5	60	63	22	21	63	23	9	4	31	41	56	44	65	30	1	11	9	2	41	40	54	53	6	33	35	13	29	3	39	35	15	15	34	14	36	27	36	
40	29	61	16	15	38	13	41	35	21	49	35	61	22	12	46	26	40	17	32	4	8	60	37	3	24	1	19	41	27	51	31	55	43	26	5	15	42	46	50	54	24	18	50	47	27	28	63	65	44	29	2	55	22	39	49	45	36	64	64	63	53	11	52	33	
34	52	38	3	30	22	4	50	40	41	25	62	1	28	61	42	49	5	21	6	31	4	32	2	1	28	64	46	38	55	4	7	43	42	8	60	65	62	57	30	35	3	26	36	23	19	7	10	14	28	9	45	33	37	44	45	62	47	12	39	24	13	51	54	53	
41	47	45	44	25	11	6	25	31	37	46	51	48	46	63	6	52	40	38	22	18	1	16	59	7	50	11	17	24	64	4	58	49	53	30	9	53	33	24	19	4	8	3	47	55	65	54	31	40	21	56	57	12	1	45	18	58	55	42	65	53	35	57	32	18	
19	31	5	52	54	24	53	52	26	33	31	23	15	63	60	32	44	51	42	47	28	57	28	16	25	21	2	60	12	38	11	29	59	13	14	45	35	1	36	55	30	60	19	43	56	3	6	37	51	48	7	11	40	39	26	9	49	27	51	59	58	61	46	46	4	
33	25	34	31	54	28	60	46	29	35	39	31	44	59	14	20	65	22	56	30	49	49	9	5	34	2	57	26	21	40	27	53	62	59	16	48	15	8	26	45	43	58	6	18	51	17	37	48	41	27	11	23	8	19	32	41	21	14	1	36	51	26	24	55	37	
38	26	29	46	57	4	21	43	8	42	26	24	7	7	62	32	12	15	47	26	36	13	40	49	11	8	32	34	28	12	52	64	41	16	42	30	17	61	2	22	30	25	45	39	29	40	65	40	53	40	65	27	51	38	5	60	45	35	28	8	46	10	6	16	31	
45	37	46	39	35	58	5	57	38	36	20	9	36	2	3	14	57	17	55	28	19	48	10	52	8	15	30	18	18	47	40	63	16	11	32	49	4	32	42	35	1	58	44	33	59	43	40	50	53	26	13	4	16	6	53	21	23	25	51	33	60	5	37	24	13	
56	59	11	22	31	46	17	21	24	50	3	58	25	42	43	47	40	48	55	53	31	3	57	54	34	23	41	38	45	49	55	35	52	57	60	5	40	4	24	62	51	26	57	7	65	21	61	37	63	39	13	28	39	5	6	7	32	44	43	12	27	29	35	8	27	
21	4	51	22	37	38	7	52	18	9	50	37	58	21	34	29	35	57	3	37	62	7	59	39	52	61	65	7	31	64	23	49	1	6	3	24	43	7	8	59	19	57	29	6	16	64	32	49	49	36	15	41	45	8	26	20	2	12	27	30	10	55	13	7	56	
16	34	24	23	35	17	34	27	44	46	37	35	4	15	22	36	30	58	8	37	6	31	42	20	52	63	20	33	10	26	11	24	51	38	47	20	49	11	50	25	43	18	58	55	27	7	19	56	62	19	21	65	44	57	12	29	51	32	55	60	54	1	16	40	34	
55	57	18	61	38	47	39	45	32	17	8	44	28	58	35	47	13	30	23	1	41	52	49	4	41	41	56	38	55	26	7	42	19	20	37	46	59	8	24	24	26	33	60	62	20	27	31	32	58	63	32	36	50	21	40	9	64	19	65	42	2	51	25	3	5	
57	36	60	60	63	18	18	19	10	3	38	37	32	5	24	25	33	52	54	48	22	62	32	34	45	12	10	27	26	65	27	8	33	28	2	31	37	29	42	47	18	15	15	1	15	44	1	53	23	54	35	37	58	53	4	38	59	11	55	14	8	17	21	41	32	
22	59	9	41	33	48	55	54	61	36	58	33	39	35	55	23	59	24	13	45	25	29	36	33	17	50	43	23	5	10	57	32	3	65	62	35	38	49	15	28	21	3	64	60	42	47	11	27	4	16	8	31	42	40	56	54	44	28	18	24	37	60	50	37	63	
42	9	15	24	17	49	43	14	33	30	53	10	35	8	8	50	10	34	26	62	19	16	4	55	17	29	17	13	7	51	58	48	54	5	7	11	42	46	13	6	6	60	12	40	1	18	20	12	48	45	55	32	59	58	47	18	17	61	8	23	64	63	14	36	2	
10	35	41	53	46	44	9	38	55	32	40	7	52	48	54	27	34	52	18	26	33	4	40	29	13	64	3	6	1	32	5	10	65	43	61	40	19	51	16	9	24	49	15	64	28	5	23	62	50	28	25	11	30	60	31	42	56	31	47	52	6	46	58	55	26	
51	29	52	33	41	56	47	22	59	53	49	63	63	45	38	26	64	46	57	2	11	25	48	38	4	30	30	58	20	19	8	4	50	40	36	28	21	15	49	13	56	27	65	65	5	61	12	1	16	6	14	35	21	42	62	21	5	25	3	17	44	23	16	25	39	
58	44	56	62	42	2	52	45	64	37	54	36	50	48	57	43	38	7	61	5	64	15	65	30	12	13	12	11	27	23	45	16	64	49	5	18	34	3	62	32	29	46	4	9	31	48	51	6	51	47	65	55	62	64	8	10	8	17	7	35	25	22	40	23	24	
42	42	51	28	43	17	51	15	17	54	56	62	31	40	59	5	41	29	58	28	34	55	35	44	60	65	60	45	37	20	62	33	57	47	39	32	62	22	35	11	10	10	7	40	46	52	44	5	18	34	36	49	23	2	21	15	8	9	6	38	24	64	53	13	47	
