29	31	34	1	12	42	28	31	30	43	27	65	33	4	15	12	58	47	7	53	54	31	14	30	11	15	10	32	15	64	65	45	8	50	35	25	27	62	55	54	37	14	56	4	18	65	13	8	46	20	60	32	51	6	62	59	20	9	25	36	2	24	10	16	7	
44	33	33	38	21	19	9	32	6	12	47	5	23	55	48	42	47	15	24	53	11	17	7	14	39	35	13	60	45	22	1	20	52	33	57	5	49	65	37	54	10	18	58	34	8	40	16	53	53	27	39	61	43	41	25	26	28	29	30	54	46	9	31	36	50	
63	27	23	61	63	10	3	14	65	32	18	38	37	4	24	63	40	16	39	17	22	52	26	41	58	12	13	2	18	35	41	15	62	64	9	59	5	11	5	6	42	23	43	11	28	61	7	1	13	44	19	33	29	39	8	21	48	18	25	4	51	60	14	47	54	
20	38	58	30	43	60	4	65	35	14	23	28	19	21	38	61	34	3	24	5	8	42	53	24	62	51	9	54	63	55	44	16	25	35	45	2	29	46	64	61	59	22	23	10	40	1	5	7	61	26	11	2	6	12	25	13	46	33	52	42	27	27	56	44	15	
32	44	22	12	42	16	5	61	36	13	36	29	17	42	23	41	50	24	43	46	48	39	24	15	23	64	30	49	53	6	42	21	49	62	29	26	12	33	21	47	44	54	9	58	28	31	34	13	55	8	56	35	44	14	51	65	10	8	57	63	13	25	18	1	19	
41	20	28	7	40	7	50	27	15	41	54	45	8	1	31	14	54	64	57	1	42	56	9	49	37	3	62	57	16	56	10	54	11	33	60	47	39	43	12	55	18	62	32	23	61	62	36	48	60	29	47	38	19	54	21	52	55	13	43	2	4	50	58	9	17	
50	56	54	25	63	40	42	57	5	62	50	64	33	31	57	60	12	26	10	65	41	60	51	53	37	52	52	20	41	61	34	27	49	22	47	44	61	23	36	64	21	19	62	55	48	58	42	59	11	49	1	52	45	37	39	13	24	28	32	63	16	2	21	3	29	
2	41	15	23	9	13	40	26	8	24	10	58	63	62	4	46	48	55	24	19	26	34	39	48	65	37	64	1	56	58	16	56	33	29	11	41	42	48	3	49	4	6	44	1	5	42	45	50	31	7	12	54	36	40	38	35	9	30	29	14	23	47	51	55	18	
60	31	46	42	29	25	46	35	63	46	36	37	25	18	2	25	19	55	58	56	23	23	64	51	52	61	8	29	44	62	34	38	25	12	15	53	34	1	21	31	39	56	3	65	7	4	18	26	53	9	15	10	31	11	59	15	5	6	41	47	13	7	20	22	24	
32	4	52	24	22	16	59	10	15	54	16	16	5	38	1	13	52	9	41	60	65	57	63	63	31	45	56	39	62	6	55	28	12	38	49	28	51	42	37	2	29	53	14	33	25	14	43	10	21	18	6	20	8	2	17	37	44	6	7	40	11	58	65	19	30	
48	44	14	24	15	17	52	65	25	17	26	36	59	34	56	12	35	9	18	36	24	51	12	27	57	51	37	49	49	53	12	30	29	23	52	41	36	38	42	58	53	63	28	46	29	19	55	64	25	10	32	46	60	43	5	47	27	39	28	7	24	40	44	50	59	
21	23	27	54	61	19	41	58	47	20	21	63	9	17	20	15	48	65	5	24	2	51	48	40	13	55	61	50	23	45	42	41	1	3	29	62	22	3	53	2	25	7	62	28	26	16	41	4	14	45	30	18	28	8	51	38	59	46	31	13	32	61	57	23	64	
16	18	16	19	3	20	37	9	12	65	29	26	40	31	36	17	54	50	44	58	33	14	50	21	34	62	35	27	47	56	24	63	6	39	13	7	54	49	13	64	48	42	25	20	10	59	38	58	41	15	50	11	28	32	22	57	26	51	16	8	43	45	2	46	23	
14	49	62	60	62	61	41	38	16	60	40	9	29	33	48	43	15	54	63	45	6	52	3	56	2	10	30	41	11	10	46	22	56	42	14	52	35	55	23	49	47	62	57	12	27	37	47	39	23	48	18	28	27	21	19	29	30	48	64	36	58	44	55	51	18	
3	32	51	55	52	32	36	48	20	44	7	54	22	45	12	62	61	39	24	14	57	50	39	42	48	9	27	25	61	8	42	64	37	26	53	23	57	18	5	10	58	11	63	15	53	13	17	49	47	34	59	39	21	32	16	1	38	40	24	33	44	65	35	13	28	
13	35	14	31	37	22	23	45	19	35	32	25	46	13	7	12	4	45	28	36	53	26	8	24	47	41	65	42	5	12	64	16	44	10	46	15	33	2	59	48	36	24	5	14	34	11	26	38	53	51	7	40	16	17	64	54	53	61	30	55	9	28	6	52	39	
48	64	1	49	57	46	17	13	50	31	46	61	56	19	46	44	22	21	49	34	17	35	19	12	64	7	17	28	9	1	62	58	64	63	37	53	40	53	1	24	16	44	18	4	61	65	47	16	15	25	51	31	59	1	41	56	8	55	20	13	60	10	1	54	6	
37	37	44	23	35	65	38	13	17	40	8	11	18	22	25	41	3	54	32	3	29	22	10	19	36	20	6	46	21	54	51	55	26	27	10	57	25	47	7	40	23	9	48	35	30	6	12	31	59	40	33	24	61	39	42	34	55	41	10	13	27	62	63	49	17	
4	42	41	48	45	14	65	53	61	35	15	1	42	44	57	16	7	10	8	43	46	37	32	16	49	37	40	38	30	24	52	33	64	28	17	50	47	13	26	36	45	39	35	19	20	25	33	21	33	54	62	11	9	28	27	52	63	64	22	29	23	8	59	18	51	
3	57	10	13	16	44	57	54	11	8	1	34	38	21	3	10	18	9	19	43	31	4	38	28	25	63	46	31	52	61	65	54	51	10	2	64	51	56	49	61	5	47	29	35	1	30	48	18	36	60	58	6	62	33	23	20	26	7	49	12	63	50	64	53	56	
64	42	42	54	25	36	49	7	62	18	7	24	60	23	56	55	12	56	51	40	12	4	65	12	53	10	11	34	8	57	24	4	30	1	55	54	32	38	58	28	56	2	50	50	16	40	37	29	26	22	65	39	24	3	47	9	7	59	43	15	41	63	17	3	61	
5	55	23	43	45	50	30	40	32	13	56	6	49	15	33	4	16	1	25	12	45	36	18	34	7	29	7	3	41	9	60	43	61	17	19	41	64	48	13	31	57	2	35	42	21	63	42	37	62	1	44	41	38	55	10	37	20	13	39	56	22	32	46	14	47	
49	53	43	28	65	5	20	64	39	58	13	36	34	41	30	34	14	6	64	1	12	38	15	22	7	4	42	36	35	52	14	18	37	54	45	37	58	3	31	29	55	44	62	22	17	27	56	27	32	57	40	45	23	46	62	24	47	48	57	11	19	7	26	53	59	
4	21	48	65	50	11	54	25	5	10	39	31	63	64	60	49	25	35	1	61	30	24	38	63	14	46	16	16	6	1	7	8	20	53	5	4	62	58	27	64	2	63	33	3	61	26	43	18	56	43	14	22	65	51	28	13	29	30	34	31	36	34	40	55	19	
43	49	13	33	10	11	34	8	40	28	1	60	6	19	51	48	32	5	45	15	19	57	41	46	18	7	12	52	42	58	2	17	39	14	50	46	24	17	54	62	45	55	53	48	3	38	29	32	44	8	47	56	64	19	36	16	25	49	65	9	31	1	18	4	20	
65	48	34	17	31	27	59	15	14	41	19	50	3	49	22	8	26	13	5	47	46	18	2	24	16	5	53	13	20	54	25	18	34	55	32	63	14	28	12	30	64	27	10	1	7	29	6	33	41	11	10	23	26	24	43	40	12	28	54	30	21	8	45	48	62	
12	45	9	34	57	35	31	16	41	28	22	5	32	52	43	39	61	62	64	5	40	36	17	65	22	44	16	29	20	1	24	36	41	37	63	32	2	27	46	40	53	3	42	17	51	19	54	45	18	49	50	53	20	62	55	40	56	4	2	57	62	23	24	38	53	
17	2	52	44	46	24	29	45	1	45	31	16	29	10	31	18	56	16	30	52	3	5	23	3	4	11	7	26	32	33	12	47	35	59	23	19	17	50	59	14	25	25	28	53	36	60	62	20	7	28	5	9	27	34	9	39	36	8	48	64	37	55	44	6	49	
1	18	63	48	11	9	7	31	36	59	59	27	55	13	34	13	17	40	36	38	47	58	6	52	38	8	20	27	46	23	7	48	40	4	28	49	14	32	15	50	24	3	12	11	19	39	21	28	16	56	64	56	53	1	44	22	3	59	45	47	18	47	25	54	57	
48	37	59	14	46	39	36	49	46	44	61	17	65	21	27	53	16	18	34	16	56	50	19	47	26	60	62	7	18	48	57	65	21	48	12	62	23	45	45	1	22	38	20	24	56	42	8	6	56	40	21	50	25	35	27	51	29	31	53	52	4	43	54	28	24	
53	15	42	32	58	41	55	29	54	7	19	30	12	24	18	49	42	62	9	9	25	59	37	42	43	17	47	16	60	64	38	46	13	19	11	5	52	60	33	38	65	48	65	11	4	16	57	44	20	64	61	32	50	21	14	23	39	56	40	28	62	9	8	60	21	
16	62	5	10	28	40	8	8	38	15	11	53	6	54	64	2	36	30	51	57	36	9	28	23	44	53	4	50	61	65	3	10	60	5	18	20	42	24	29	16	36	37	1	42	22	6	41	58	25	27	48	63	32	13	15	12	60	19	56	52	14	59	7	17	26	
10	26	35	31	51	48	65	21	47	42	42	41	14	32	65	38	13	58	6	20	7	11	16	22	64	1	36	55	56	43	47	2	65	18	27	50	3	26	8	43	4	45	18	17	11	22	50	23	8	52	41	12	60	53	33	58	49	1	59	37	40	27	34	40	44	
57	24	38	18	29	15	16	6	31	24	17	46	8	37	51	58	10	62	52	60	27	42	40	26	23	7	1	49	39	39	28	30	63	59	44	29	9	59	30	41	14	42	19	20	13	2	11	20	61	62	21	20	42	51	45	60	64	47	40	32	16	3	55	25	54	
33	34	60	21	62	31	34	37	45	53	47	44	64	2	38	58	20	57	28	63	34	19	52	11	55	14	27	51	1	39	37	32	7	35	51	65	60	22	34	40	7	16	18	5	17	54	58	30	43	20	25	13	41	15	22	27	23	46	8	23	24	44	61	21	9	
39	18	3	56	52	43	61	2	57	63	20	43	54	44	21	6	1	30	42	13	51	64	32	30	6	58	48	47	40	2	53	12	17	54	4	3	28	60	9	17	62	15	59	44	65	10	49	57	45	23	1	25	19	36	52	22	19	34	5	16	33	8	11	7	41	
2	50	3	62	48	17	51	63	9	27	54	18	9	43	55	31	44	12	49	10	61	5	28	28	5	19	57	57	22	37	33	21	23	34	20	1	48	4	59	56	27	52	6	35	24	58	64	65	2	44	8	62	46	33	26	53	49	14	41	17	48	11	22	13	39	
36	61	21	36	54	12	60	33	12	29	55	7	24	52	6	65	59	3	46	25	24	27	11	35	65	13	15	8	31	12	43	1	8	2	34	61	4	26	28	17	50	16	16	9	2	20	3	59	22	45	23	41	10	30	10	14	37	24	18	64	38	50	62	41	48	
31	34	47	57	58	59	39	8	10	44	9	27	48	3	46	26	16	22	30	41	32	33	8	50	42	4	18	23	1	60	1	34	27	46	21	17	37	57	24	44	34	28	3	13	29	48	40	43	4	65	15	30	32	25	20	5	26	35	36	38	45	49	64	56	7	
6	59	38	63	14	16	32	41	21	46	3	2	11	43	5	8	57	29	38	12	43	40	36	7	65	65	28	22	48	10	26	51	63	8	45	12	10	9	51	27	44	56	30	51	31	23	57	17	51	33	27	34	4	62	32	15	55	57	35	35	61	46	19	56	42	
61	1	49	1	53	8	41	34	30	25	59	51	16	9	36	45	35	63	44	31	25	44	18	17	3	53	14	43	3	2	15	63	4	65	64	48	6	37	18	32	61	10	18	21	14	52	60	48	50	28	13	4	7	28	24	3	22	36	45	19	28	57	11	26	55	
9	8	53	45	22	18	43	27	37	44	38	18	30	20	62	56	28	2	61	54	16	63	1	43	41	15	5	30	24	29	17	31	36	3	6	55	20	40	14	52	19	51	4	47	11	64	35	32	65	39	22	21	25	23	53	3	29	57	26	50	25	42	13	52	46	
17	43	61	55	55	47	7	39	51	50	41	48	19	5	43	52	22	53	3	37	39	65	63	29	24	46	44	4	56	30	42	6	4	36	59	56	17	64	28	7	48	8	46	64	9	21	44	25	7	58	62	49	54	57	11	2	35	48	1	25	12	39	28	15	10	
22	2	24	20	29	21	62	30	1	60	35	21	39	59	26	19	53	4	60	44	9	60	12	53	61	36	63	32	64	9	40	15	10	61	31	39	16	26	1	15	27	33	33	2	24	56	14	12	3	2	52	64	65	61	54	54	32	50	18	25	56	5	37	65	58	
7	36	61	26	34	10	44	1	42	37	25	32	43	34	28	44	21	21	40	15	5	29	45	54	40	2	39	30	38	41	8	35	9	6	59	46	10	51	39	53	6	61	13	49	33	34	27	47	52	63	65	57	19	48	40	62	34	15	23	3	50	27	60	58	30	
29	29	39	64	2	23	4	62	33	52	24	2	10	6	51	7	61	42	26	30	16	15	60	26	35	61	17	59	30	3	23	56	26	61	54	25	18	56	20	45	43	42	47	49	44	32	54	40	6	12	63	19	31	55	46	58	51	51	49	13	48	4	3	8	65	
55	33	8	45	56	53	19	24	29	3	2	59	54	36	61	63	31	12	20	21	58	9	4	39	54	16	22	56	17	29	49	5	65	55	48	42	40	6	65	9	1	12	59	52	35	54	51	64	7	1	26	54	11	22	30	60	40	60	50	62	10	31	14	1	25	
34	46	57	35	42	58	32	42	51	19	8	39	1	6	37	65	23	25	6	48	50	2	12	31	47	6	37	12	51	38	30	15	14	20	47	60	11	15	32	59	27	36	40	26	33	3	24	55	27	41	30	16	27	44	38	8	36	10	18	18	45	52	29	61	61	
8	42	6	19	1	63	45	27	28	4	60	28	26	50	52	54	13	61	13	52	34	19	20	37	38	34	19	11	63	5	6	3	44	15	22	41	7	62	10	31	9	62	58	25	46	44	9	56	36	21	42	2	39	59	35	17	31	51	14	23	53	17	27	31	32	
44	6	30	39	8	58	46	4	49	57	46	33	64	40	61	20	11	59	49	3	28	53	28	13	63	50	63	14	10	28	36	52	38	63	23	43	56	61	43	42	46	26	64	42	58	58	65	65	51	38	2	12	22	28	29	19	13	18	29	21	45	9	1	12	5	
23	52	52	11	27	26	53	47	20	30	42	12	20	35	59	55	37	3	14	61	36	28	13	40	56	23	21	54	25	31	50	43	12	38	52	39	54	37	17	18	3	54	22	29	22	8	9	57	19	16	49	32	42	58	3	33	15	24	44	31	55	3	10	53	40	
57	25	26	29	38	29	27	26	48	42	45	53	47	34	63	64	17	28	37	6	26	7	14	43	22	49	23	24	50	4	56	42	31	16	3	64	41	30	22	20	4	5	7	51	39	65	44	49	33	14	52	52	17	1	32	36	43	53	57	34	54	46	1	2	60	
11	62	33	28	17	51	29	18	55	16	47	56	54	39	10	2	24	55	21	15	13	49	57	47	40	15	25	20	14	21	19	14	15	42	41	31	24	5	45	22	20	27	65	64	55	9	63	8	60	11	28	4	59	7	49	32	34	4	53	31	26	58	42	37	32	
15	65	55	16	43	2	26	4	3	23	57	8	21	57	9	29	25	7	22	18	49	51	27	58	35	59	5	31	33	42	56	50	39	45	60	24	48	19	17	46	41	7	51	58	62	48	28	4	53	47	13	36	30	38	12	58	43	17	37	60	56	13	37	32	52	
32	47	33	50	59	11	24	3	58	15	62	40	36	63	21	11	8	47	35	45	60	30	7	9	45	18	61	50	37	22	39	65	2	5	46	57	12	1	56	1	15	57	38	48	49	7	55	51	38	31	34	28	52	34	53	28	32	32	9	1	51	54	4	49	43	
42	40	50	40	30	49	53	11	20	33	53	11	25	37	47	43	2	8	25	32	42	54	61	4	59	60	52	35	55	36	9	28	16	58	65	34	38	57	43	60	16	29	65	37	1	43	15	3	63	36	31	26	19	27	26	10	18	12	46	5	64	50	39	62	45	
30	19	12	15	61	1	33	22	64	64	28	42	8	25	29	47	49	46	59	7	10	1	24	18	42	27	62	37	55	50	63	23	64	9	32	58	7	8	13	3	56	33	45	60	51	5	35	34	46	32	38	49	26	61	2	65	21	61	51	7	44	20	24	39	24	
53	28	29	47	39	29	35	5	5	34	53	3	61	19	49	22	54	31	45	50	30	43	64	25	1	21	2	14	36	33	37	14	59	63	62	31	26	27	38	29	54	20	31	56	41	12	4	27	40	45	7	8	22	9	24	18	6	23	30	42	50	15	48	44	63	
38	7	19	64	41	52	49	59	13	36	30	22	29	56	59	9	60	60	27	62	18	45	5	35	6	34	20	10	15	63	63	49	2	21	51	40	61	29	35	8	56	64	24	20	50	17	25	41	12	53	37	24	33	42	58	31	2	10	47	20	3	29	65	3	1	
42	51	34	3	6	36	63	65	59	13	46	8	35	26	16	19	55	41	44	27	29	8	24	44	39	38	43	65	33	47	45	7	18	5	10	20	50	2	22	31	12	62	36	54	17	53	65	5	24	42	27	58	49	51	31	20	33	62	19	52	39	56	58	57	60	
18	6	32	3	23	62	12	19	31	61	34	15	56	42	38	30	63	23	16	46	44	30	21	45	48	51	24	35	43	58	27	41	61	57	41	22	52	54	39	25	46	4	29	36	37	65	1	32	28	7	10	64	36	20	35	29	59	52	49	49	33	14	33	31	2	
51	54	56	37	10	3	15	9	34	45	43	27	41	8	50	44	27	45	17	26	14	31	18	55	11	53	21	19	65	46	19	57	22	7	16	30	13	28	40	30	11	13	60	47	23	47	32	35	15	36	57	29	63	10	18	6	61	34	28	58	20	41	38	32	4	
46	60	46	9	32	8	14	43	2	64	56	35	15	22	53	50	11	11	45	22	17	50	25	48	8	23	3	45	28	24	29	9	19	1	24	44	20	31	17	4	26	13	34	38	27	18	18	41	30	1	54	31	47	62	37	49	58	16	28	27	29	51	26	59	46	
40	23	64	2	39	54	19	46	18	53	12	28	4	47	41	63	29	6	48	23	19	25	15	32	50	32	51	30	58	34	11	37	50	60	32	27	44	50	6	59	35	8	21	38	52	57	39	9	61	13	31	14	31	45	34	30	10	20	42	65	49	53	36	33	56	
58	63	15	41	60	28	10	12	24	47	44	19	12	48	11	21	30	23	50	53	55	61	62	3	34	22	49	17	25	13	54	25	57	31	56	45	11	7	34	33	51	14	52	59	53	55	18	61	29	2	4	65	1	64	6	15	42	5	29	26	51	27	10	43	20	
