9	31	53	22	38	32	57	42	6	28	45	36	35	65	16	50	10	62	48	46	7	64	22	59	55	2	52	11	43	54	50	17	27	58	10	51	22	1	26	28	29	5	61	59	3	11	41	9	8	23	55	12	19	9	4	6	13	53	18	50	40	64	14	64	56	
10	48	11	9	8	36	34	11	31	27	12	41	2	21	47	22	8	57	38	16	58	41	23	43	57	7	17	53	7	15	44	15	62	51	24	5	25	54	13	52	14	24	26	18	42	6	33	49	59	5	60	49	45	19	28	35	29	46	30	32	56	63	50	55	61	
62	52	1	50	64	52	61	21	10	9	60	13	41	42	6	43	36	55	21	51	14	53	8	54	7	33	42	2	11	27	49	3	11	56	51	12	33	46	28	43	57	22	55	25	61	58	3	30	45	24	15	59	7	20	45	16	53	19	14	63	43	65	60	4	42	
43	61	7	21	23	49	8	42	36	32	38	27	32	2	6	51	14	62	57	33	39	2	18	55	14	9	34	6	2	22	47	42	15	54	62	36	35	2	10	4	34	48	30	63	46	33	50	57	28	37	23	64	40	40	53	50	52	20	56	46	41	35	24	51	25	
17	19	55	16	28	56	49	8	20	45	53	51	25	45	12	60	2	9	31	39	60	13	19	14	3	62	49	34	18	32	54	31	50	42	46	10	33	29	17	57	5	5	35	29	47	44	21	48	51	52	22	43	61	36	58	63	30	35	37	59	1	23	11	64	65	
52	58	23	12	9	7	14	11	41	41	55	20	61	33	3	45	50	46	40	19	34	35	47	4	62	24	2	12	32	50	5	18	40	25	26	46	36	40	56	7	15	44	24	10	12	27	52	63	13	27	16	38	59	58	42	55	17	43	1	46	28	3	60	64	29	
20	44	57	57	33	61	6	10	20	14	19	44	63	12	48	24	23	20	16	13	59	5	27	36	6	8	58	7	64	56	31	16	32	22	8	65	16	11	9	34	22	25	15	21	35	56	39	54	10	55	65	3	59	26	36	62	30	28	65	29	16	37	41	46	50	
46	43	65	55	45	30	9	2	40	26	33	28	65	19	38	53	18	39	44	41	9	42	5	34	47	28	48	1	2	29	48	49	3	48	35	50	12	41	51	50	4	13	12	64	31	52	49	56	20	25	23	26	63	27	57	36	54	37	58	60	62	15	33	6	60	
64	41	5	37	21	52	36	31	61	33	60	42	14	41	58	39	60	16	34	19	8	1	6	42	32	56	38	43	22	35	40	18	9	44	54	29	24	25	57	19	55	51	59	3	24	53	45	19	2	7	37	10	7	46	45	47	29	17	13	49	49	48	65	57	20	
53	18	43	9	10	59	63	58	51	64	14	34	37	32	33	44	2	36	50	40	15	20	2	29	30	49	13	12	47	2	35	38	17	4	41	23	62	36	16	45	34	27	14	6	56	46	47	57	16	31	39	28	48	30	60	12	11	1	21	58	3	47	22	19	52	
62	39	45	31	51	24	62	12	37	65	3	15	46	57	28	10	20	55	58	48	46	2	58	47	22	48	49	2	5	61	51	1	32	30	29	18	54	26	29	23	25	29	38	6	19	65	16	36	55	4	18	35	5	11	13	27	58	56	26	64	52	9	61	21	39	
22	33	25	47	60	47	5	23	19	8	41	17	20	10	6	26	27	38	26	35	48	48	28	39	6	21	23	14	13	40	52	35	7	11	14	1	58	18	24	9	23	61	29	42	5	30	63	29	65	21	64	48	3	22	31	8	43	41	32	54	13	12	34	18	15	
34	17	4	50	37	11	7	30	35	47	32	63	42	60	61	62	56	40	64	12	58	3	53	31	20	39	44	23	59	59	38	25	11	41	9	45	48	14	9	16	58	40	13	34	33	5	28	24	43	26	36	46	27	18	65	49	55	50	65	51	54	34	6	52	8	
12	20	52	23	28	2	15	65	12	46	32	14	8	52	56	31	18	24	53	35	22	30	22	61	27	3	28	60	6	4	63	17	25	49	40	49	50	54	47	57	35	10	7	43	61	62	6	13	19	56	44	38	21	63	32	46	1	57	38	5	60	36	20	16	17	
59	61	2	45	42	56	16	51	60	54	46	55	57	56	6	47	32	42	65	29	7	48	30	63	16	31	55	52	50	3	65	41	63	62	21	39	53	33	23	44	20	2	34	9	58	37	61	21	14	64	47	17	30	8	13	1	39	4	28	21	5	35	7	63	24	
17	34	9	46	56	53	64	55	18	7	44	52	60	62	63	45	45	14	10	51	24	52	22	23	13	41	25	40	37	18	61	51	54	5	29	42	55	27	29	7	36	8	59	26	2	53	6	47	1	13	30	31	65	50	43	11	28	65	48	3	15	42	49	12	46	
6	39	35	30	1	39	63	7	30	22	7	18	25	50	16	36	13	38	32	60	16	38	18	12	18	10	26	57	49	23	37	52	60	8	17	58	41	14	63	5	33	2	20	57	51	40	26	61	6	54	56	18	24	8	27	42	16	53	33	62	5	3	48	64	4	
65	56	44	10	51	47	42	53	1	33	36	34	58	32	39	44	22	54	1	27	15	43	40	62	8	37	2	9	19	65	11	17	55	52	24	41	31	2	24	32	30	58	63	20	24	35	64	43	23	62	4	45	36	48	32	46	12	33	49	31	34	55	51	25	57	
2	55	5	1	12	34	31	4	31	48	27	65	43	5	23	37	5	56	6	45	25	44	57	55	24	20	21	10	62	36	46	63	25	50	64	36	16	27	39	47	7	3	44	49	64	8	19	9	54	28	48	11	13	38	14	21	58	17	29	52	53	17	48	15	58	
44	45	8	5	16	52	10	12	32	57	10	29	9	11	18	29	58	26	27	27	23	45	17	40	7	1	23	15	48	31	4	26	12	10	28	24	61	37	33	24	34	42	51	32	50	3	60	40	30	19	2	48	62	15	21	6	16	47	14	61	13	15	20	16	35	
47	37	18	16	4	40	40	43	24	6	28	26	64	2	51	15	3	33	11	17	51	10	30	30	23	24	35	38	43	48	59	22	19	9	38	20	48	12	61	7	15	21	32	13	23	16	26	25	46	36	37	34	45	65	57	2	27	23	39	1	4	29	31	41	42	
54	37	20	63	30	25	13	49	54	23	4	2	48	26	45	16	60	10	59	57	64	58	12	19	27	11	22	55	28	38	25	21	7	46	14	35	3	24	18	53	47	21	56	27	44	31	40	36	39	31	29	37	32	41	61	48	50	8	36	8	51	60	21	62	37	
32	21	36	55	39	23	34	56	11	58	32	38	30	3	11	61	31	48	17	1	34	63	46	41	33	51	21	25	5	6	60	36	24	29	24	62	50	57	48	59	47	15	29	12	17	42	6	44	20	22	42	53	18	21	34	50	4	47	5	8	52	64	45	10	26	
2	2	9	56	50	63	37	64	27	47	13	64	51	56	17	6	30	3	21	50	28	3	54	9	5	61	59	3	38	1	28	36	2	34	31	49	32	60	45	56	42	55	52	25	43	2	35	8	4	53	57	29	50	44	36	58	37	26	55	7	33	15	46	26	48	
1	7	12	60	52	65	34	39	51	59	17	53	20	24	51	2	13	15	49	54	50	36	25	8	24	28	32	37	4	57	18	5	63	28	61	47	28	30	19	11	17	35	61	38	62	48	37	3	58	20	54	40	55	13	46	11	41	14	44	40	6	10	41	9	21	
34	46	46	61	61	57	11	28	52	44	18	30	15	20	22	32	5	60	19	15	40	27	51	51	9	26	51	65	64	47	18	33	23	63	25	16	55	36	43	37	17	58	1	27	12	20	59	15	21	11	31	53	38	13	39	41	36	24	37	34	65	54	2	20	53	
26	36	37	59	11	5	7	6	3	31	12	23	24	26	34	32	52	22	2	62	57	41	32	13	12	1	10	65	1	29	48	24	64	16	17	7	21	22	14	23	53	20	43	8	45	15	38	27	31	39	25	30	14	54	30	28	56	40	33	55	65	2	9	58	18	
25	63	35	44	6	58	30	23	33	36	64	44	10	27	7	46	46	28	57	34	54	12	19	26	31	5	23	32	14	16	45	35	12	15	13	15	4	40	38	39	10	37	13	17	57	19	62	37	47	47	8	32	60	24	55	21	25	11	50	34	22	41	3	33	43	
12	47	42	51	18	11	58	50	21	7	43	37	62	11	15	43	16	46	33	35	35	53	59	41	38	24	63	63	24	30	34	35	8	11	19	25	19	13	7	39	22	46	10	10	60	23	51	4	3	27	40	32	6	28	7	44	49	4	41	9	31	4	52	39	12	
58	60	30	3	64	1	16	45	8	24	36	31	9	37	27	28	9	59	29	36	63	4	17	2	36	22	29	39	61	64	48	53	65	10	53	57	11	4	34	17	25	6	43	33	38	4	5	44	62	22	12	58	23	24	56	58	46	18	30	40	16	13	27	7	20	
15	63	27	16	31	42	40	32	17	5	2	19	65	45	11	16	53	3	36	11	60	27	55	10	54	29	24	63	54	33	20	1	26	44	16	53	18	51	17	35	56	19	57	50	61	64	1	52	62	34	58	62	58	47	59	48	7	13	43	59	44	56	4	65	37	
4	51	49	54	2	16	42	18	64	26	15	58	21	59	52	55	49	37	42	26	28	19	31	38	59	25	13	47	17	13	13	20	61	65	5	60	10	44	22	6	4	24	63	23	15	50	7	63	27	46	21	41	1	51	29	55	8	26	40	28	36	53	33	32	45	
35	26	48	13	36	54	17	59	49	37	6	31	40	1	46	20	21	22	18	7	33	5	14	58	39	30	29	20	63	57	62	32	17	43	45	52	27	56	43	12	28	50	41	63	53	17	22	2	36	38	9	3	42	23	59	8	48	25	26	47	11	19	9	31	57	
53	12	19	44	53	29	2	33	65	65	16	21	15	15	50	45	24	52	15	37	45	22	19	64	46	61	11	62	5	39	53	55	44	6	31	31	32	32	1	31	38	10	47	40	23	34	19	41	17	32	10	56	52	30	54	43	20	61	26	22	35	13	13	9	27	
40	37	50	4	31	14	30	41	56	10	59	17	22	32	29	52	40	17	37	64	6	65	20	1	23	38	29	35	51	42	53	21	11	34	23	37	45	49	9	36	53	7	49	15	30	10	57	4	31	32	65	33	25	18	44	44	60	56	16	39	25	62	54	34	46	
8	65	7	57	7	39	43	6	22	47	34	32	36	35	57	63	37	21	16	50	49	57	38	39	2	6	64	63	56	27	25	4	24	31	55	27	4	39	40	26	10	1	54	45	33	47	42	5	62	51	52	45	41	29	16	53	26	12	38	15	46	62	17	59	26	
65	22	29	30	54	55	38	52	38	16	14	24	50	16	9	34	64	51	7	19	2	46	42	15	18	56	53	13	3	43	38	6	1	1	30	45	56	65	26	25	13	40	35	60	59	43	31	51	32	34	5	36	13	49	40	33	35	23	45	37	65	14	36	61	11	
63	39	60	62	62	15	8	36	50	2	23	24	28	7	50	59	8	12	6	52	50	34	20	11	8	54	4	20	24	65	30	19	32	24	18	32	36	21	64	17	26	17	39	45	25	29	37	31	33	42	16	22	9	33	35	16	38	23	46	43	27	1	61	47	20	
11	8	56	27	3	7	44	18	45	20	40	1	56	4	31	31	17	45	39	49	65	53	7	20	21	45	36	18	41	14	36	47	22	24	6	19	28	48	36	10	3	12	6	57	11	38	21	29	15	57	13	12	43	16	30	64	55	62	12	33	9	47	23	27	5	
14	45	33	59	17	38	65	24	41	50	34	11	5	61	23	64	4	32	38	15	61	37	1	56	43	27	64	26	35	25	28	46	2	59	39	17	29	33	41	8	18	5	12	19	63	32	13	1	6	57	20	58	14	21	47	56	40	45	22	5	7	42	50	23	31	
22	23	60	52	56	62	1	60	7	19	57	37	29	55	35	11	64	25	24	8	9	15	43	49	27	48	50	1	30	53	32	49	4	24	33	59	19	34	51	22	50	41	59	14	27	26	36	28	48	47	30	54	64	7	37	31	52	21	23	17	3	56	63	6	10	
31	62	28	64	47	48	45	21	39	58	49	3	16	4	53	62	33	31	56	39	1	11	24	13	34	38	15	19	35	18	25	65	14	55	61	61	37	41	12	13	32	57	2	45	4	43	40	23	9	30	59	4	44	17	16	5	63	29	20	22	50	45	21	60	36	
12	50	57	53	60	60	14	47	59	61	39	36	31	63	42	58	54	43	30	4	56	32	55	18	52	12	62	29	33	52	57	39	34	48	27	26	40	37	8	31	37	43	65	1	36	39	51	22	16	12	24	6	43	14	23	29	21	17	64	48	2	46	22	35	26	
45	59	3	13	63	30	41	40	29	32	10	4	14	30	15	25	50	20	3	61	40	31	15	54	19	61	54	64	15	24	26	56	13	21	4	11	50	43	47	14	10	60	11	22	16	28	46	65	41	48	59	18	12	6	4	32	64	58	25	23	12	47	5	27	1	
5	30	49	48	13	64	54	63	3	11	13	33	53	12	65	33	6	13	41	9	17	1	10	7	23	23	16	4	21	38	8	25	18	52	12	9	44	58	15	46	1	19	3	50	29	2	17	32	22	56	42	28	57	46	36	14	24	49	25	20	26	17	40	14	28	
43	24	46	33	28	22	30	48	25	15	8	26	32	36	40	18	11	65	5	53	30	16	50	9	28	65	27	43	39	34	44	14	55	23	47	17	43	7	59	2	19	64	25	51	35	63	3	44	60	64	35	26	13	31	28	45	12	52	16	56	15	61	59	13	12	
36	18	54	43	14	53	3	10	12	39	44	5	35	22	64	33	50	23	43	63	47	16	9	27	35	52	40	24	45	43	41	13	59	20	55	6	8	48	17	16	21	54	25	53	10	18	19	58	35	60	50	14	11	55	48	38	42	14	61	18	57	28	29	49	51	
16	53	52	65	59	3	18	54	20	4	56	35	19	43	3	12	28	16	20	15	55	57	52	65	50	2	60	10	31	37	54	48	16	39	42	9	38	61	56	58	56	45	25	7	20	32	17	46	40	32	62	27	22	41	25	6	44	15	23	10	44	2	50	63	39	
26	3	13	15	55	1	4	32	23	8	50	47	21	28	20	52	19	45	8	56	4	14	29	16	23	35	55	22	19	49	64	42	48	4	57	37	3	59	2	24	63	52	5	19	6	24	9	20	7	11	7	21	21	39	17	51	3	10	61	25	58	55	62	33	60	
48	1	57	38	65	17	33	57	26	51	52	39	54	4	41	3	8	42	17	43	61	56	42	5	53	63	45	44	55	9	28	37	10	19	7	8	34	38	58	48	23	36	21	11	40	60	5	50	36	29	27	27	14	62	20	57	59	64	31	45	12	4	13	18	8	
17	25	38	54	5	19	10	44	40	18	12	40	23	58	2	40	12	26	47	5	46	38	62	42	65	39	51	54	49	59	1	1	16	33	54	14	49	63	52	27	14	4	54	34	51	55	8	64	24	54	3	57	27	60	33	26	31	13	15	21	4	6	28	17	39	
3	23	22	2	9	43	12	5	30	43	58	17	52	49	28	38	47	27	60	42	50	21	4	61	36	18	62	41	34	8	7	29	31	26	32	37	65	34	44	28	9	29	45	58	11	5	48	54	25	33	27	13	39	30	62	2	51	59	35	8	10	39	37	29	64	
60	4	64	26	40	24	35	65	2	25	9	6	50	8	24	5	21	29	41	55	27	40	33	17	7	34	12	46	2	41	42	60	43	38	18	13	62	52	10	61	8	16	62	58	14	19	59	37	40	44	11	59	7	45	10	15	2	22	56	18	59	30	62	36	3	
15	40	62	64	46	4	6	61	50	63	3	7	55	30	43	19	39	33	22	7	38	33	8	57	25	11	47	48	8	4	50	23	42	44	15	21	51	20	27	16	12	15	16	63	49	53	14	17	18	34	26	60	63	32	42	24	45	17	59	42	29	41	58	60	30	
7	15	50	24	27	63	39	46	13	29	20	64	42	31	17	14	53	4	9	18	43	19	56	60	12	32	13	50	17	5	1	26	19	53	40	44	45	6	16	62	40	33	52	16	65	1	20	51	5	35	61	45	47	47	38	50	10	54	34	30	55	45	42	8	14	
12	49	58	17	61	46	50	27	30	60	23	43	12	6	36	34	1	12	13	45	51	54	47	32	26	4	18	51	40	28	65	50	5	57	2	62	30	53	25	57	41	45	22	50	48	54	20	55	10	22	33	52	8	7	15	29	5	31	10	42	53	11	24	56	59	
21	47	17	4	15	8	42	62	28	26	26	16	41	9	16	65	29	64	2	30	12	26	34	40	37	6	31	42	28	10	25	50	57	39	49	63	44	23	35	18	46	59	24	32	1	39	13	20	34	13	47	43	51	13	19	4	22	39	52	42	48	63	25	37	38	
13	32	14	25	62	20	19	54	42	30	50	8	33	5	44	44	51	14	15	62	29	17	11	3	54	50	49	56	7	21	22	8	47	35	30	43	52	32	36	20	54	14	27	19	18	64	65	1	26	7	63	48	20	4	41	8	53	34	57	58	45	16	64	24	36	
25	64	16	56	29	35	42	1	60	62	54	59	54	53	4	7	46	44	12	58	18	17	36	39	10	40	14	11	23	33	51	45	30	59	34	55	27	9	28	21	1	26	12	56	5	13	46	60	56	61	33	8	15	1	49	17	25	55	19	43	24	62	27	49	63	
55	38	14	6	65	33	60	14	43	49	17	56	27	63	54	17	28	50	22	28	25	39	51	20	47	36	31	45	48	19	29	34	50	40	28	48	7	22	62	51	3	11	37	30	7	21	47	35	61	2	65	18	31	52	29	12	4	63	49	53	7	18	18	57	58	
43	42	59	7	32	37	2	38	5	29	47	17	11	13	10	8	15	25	43	46	52	45	49	44	29	46	55	51	53	38	21	25	6	12	36	35	57	23	20	47	60	49	64	57	9	4	62	62	28	40	42	14	10	25	63	36	61	39	17	41	18	26	1	13	33	
19	47	10	41	51	6	24	35	50	13	25	54	10	23	15	40	59	30	51	20	15	18	8	50	23	44	56	47	42	7	13	58	47	27	31	33	10	55	65	60	65	28	44	29	43	57	49	37	34	29	53	39	46	58	12	3	34	2	49	11	3	5	65	1	14	
30	16	20	18	19	11	20	37	53	23	21	42	4	48	55	32	34	15	14	26	26	12	58	23	60	65	23	59	64	11	2	27	28	17	43	36	39	57	5	14	24	23	6	31	64	40	52	33	56	62	54	10	10	51	33	61	47	55	63	41	8	44	12	12	7	
42	44	21	33	48	31	46	57	34	1	61	57	39	15	49	30	2	53	30	47	19	23	26	6	2	64	65	58	2	6	36	38	51	54	8	24	20	50	15	33	42	9	20	24	14	7	42	14	43	5	58	63	27	15	3	27	16	55	4	12	58	40	46	37	32	
51	5	47	32	20	8	21	9	27	34	18	22	62	38	62	1	25	58	26	36	44	52	46	33	56	53	21	27	30	60	55	15	49	28	44	64	42	3	4	63	8	14	11	35	39	10	2	59	57	27	37	50	16	12	61	65	6	14	24	31	17	7	36	54	31	
