65	53	42	22	48	52	57	33	24	28	64	32	10	17	61	21	63	1	23	17	62	57	40	32	16	59	7	46	58	42	54	53	2	57	29	42	43	18	7	3	43	4	31	52	19	24	5	15	24	30	31	20	17	6	49	32	8	56	11	52	34	62	39	26	54	
65	65	29	17	4	28	59	7	57	46	23	15	50	37	39	10	65	56	24	3	38	58	64	30	64	48	55	60	21	16	47	22	13	11	35	18	35	31	25	26	8	43	39	54	14	12	62	12	1	20	19	40	27	10	63	6	57	51	1	32	2	49	30	9	53	
1	22	23	26	42	48	32	19	19	20	30	28	14	41	26	34	54	60	41	63	57	47	54	40	45	64	36	25	26	43	13	23	65	33	48	44	15	14	58	32	35	22	59	45	2	19	11	49	14	52	47	3	33	37	40	12	31	16	38	57	53	44	17	50	11	
60	22	24	6	14	53	35	34	46	15	29	63	25	12	11	9	56	11	41	24	50	50	52	58	19	41	45	60	54	27	4	47	49	25	55	60	13	22	26	57	34	59	61	62	64	65	65	1	7	38	10	57	21	2	51	39	37	26	31	28	3	36	3	32	5	
55	24	4	9	50	59	40	36	45	30	32	42	27	19	46	63	28	35	18	22	19	54	57	42	20	13	27	51	16	56	41	3	15	43	10	64	34	48	34	14	11	64	58	35	17	33	37	42	2	49	64	21	37	53	60	53	65	23	36	25	10	12	26	24	52	
23	20	20	5	53	32	15	49	19	49	65	51	13	40	52	61	36	5	30	23	63	15	22	16	49	35	24	60	47	45	44	5	64	63	7	50	27	21	31	43	2	33	26	12	5	11	5	41	13	34	60	9	48	16	25	37	48	46	28	30	29	65	38	17	62	
38	64	19	57	29	60	58	57	20	3	61	28	7	33	40	39	27	46	20	41	2	48	21	42	4	50	59	65	16	8	57	54	6	9	45	33	5	35	24	20	37	18	47	42	49	20	15	10	11	34	51	1	13	12	40	16	53	34	12	14	43	17	52	45	22	
29	10	8	62	33	25	33	48	6	9	31	26	21	38	25	54	20	23	1	22	61	13	7	27	22	6	65	22	57	42	28	19	51	35	15	17	57	45	64	60	52	27	24	11	3	43	59	18	62	58	38	63	5	42	30	24	47	16	46	37	57	14	55	44	38	
4	59	29	48	55	23	34	17	40	41	15	14	34	31	12	25	1	65	27	42	16	51	24	31	29	60	20	35	47	62	6	50	53	34	32	41	54	64	57	29	38	5	42	7	32	52	27	33	56	61	9	63	37	30	28	63	22	47	31	3	44	34	58	27	2	
16	2	53	14	56	16	50	58	56	52	24	40	12	56	25	63	62	19	32	26	46	29	47	28	57	47	1	23	33	24	22	46	27	7	60	15	23	42	6	11	27	30	51	36	18	7	34	14	31	62	37	4	23	17	27	20	62	35	39	27	49	55	7	8	61	
64	21	16	39	26	27	65	53	9	33	5	15	1	18	39	59	50	40	16	2	1	28	59	29	60	20	8	49	27	12	44	25	30	58	63	54	19	60	41	26	31	44	38	24	59	13	17	45	51	32	41	52	56	35	10	50	55	15	31	22	25	11	36	54	3	
33	42	15	26	16	39	50	59	11	7	52	20	21	28	4	51	4	53	40	38	60	22	25	8	52	37	30	59	9	18	56	37	58	6	60	10	42	46	1	54	49	50	5	4	13	8	55	16	61	26	57	52	47	9	62	31	45	21	23	63	41	13	24	29	17	
15	36	57	58	34	42	41	18	46	44	28	53	30	41	43	53	24	29	34	33	19	65	10	39	23	59	9	32	12	36	48	26	4	37	16	35	14	55	51	56	33	13	41	61	52	20	48	11	45	15	40	64	14	50	34	38	41	49	62	50	17	46	10	21	14	
25	46	24	13	31	15	43	42	55	38	28	8	19	35	50	33	10	45	44	57	13	11	30	52	7	14	60	49	22	6	60	48	51	18	56	15	32	33	54	20	9	14	27	24	51	9	58	55	53	36	46	65	49	16	59	46	21	42	29	47	47	23	28	30	39	
8	44	3	40	32	22	43	45	44	64	26	52	52	15	37	18	59	35	57	1	17	36	20	58	62	59	38	16	11	1	53	18	46	54	55	9	9	33	52	55	29	12	39	19	24	10	35	21	40	23	25	54	58	33	47	56	27	28	2	36	30	53	51	60	41	
40	1	48	5	51	32	36	59	2	47	18	7	15	32	46	35	45	37	26	12	13	13	38	31	14	5	41	65	53	33	39	27	31	19	28	16	50	61	8	51	42	24	57	54	54	35	22	33	3	46	45	17	58	20	38	4	17	25	3	6	52	43	27	10	57	
55	19	42	49	26	26	25	47	14	11	35	48	30	3	51	8	45	61	63	58	30	2	7	41	2	12	15	39	35	20	30	24	37	4	7	62	28	29	41	40	37	9	22	64	11	5	7	53	61	6	43	23	10	52	65	3	59	11	42	27	30	13	50	1	16	
56	60	34	16	35	8	52	42	27	50	50	29	54	37	21	58	14	43	58	61	37	60	53	47	33	15	9	36	63	8	45	50	1	10	64	33	17	49	7	41	32	56	2	20	28	19	10	39	59	2	38	30	60	22	11	40	42	18	62	31	25	38	12	22	46	
8	55	60	54	61	34	17	50	34	36	9	53	43	45	46	46	14	10	37	33	18	62	64	35	58	25	56	28	33	13	8	38	65	1	24	59	34	40	40	2	9	49	52	51	28	31	29	39	39	64	4	53	63	65	22	48	22	11	12	54	20	16	24	19	16	
47	8	49	22	52	48	28	28	35	13	56	64	41	27	34	37	31	21	27	30	40	9	54	48	19	38	2	32	60	17	47	42	24	28	61	5	10	22	33	42	36	21	43	8	50	5	44	12	24	4	40	6	12	25	45	28	62	45	57	53	61	39	29	18	63	
21	21	6	43	51	47	10	4	17	17	49	21	56	58	44	57	32	40	2	53	17	30	47	59	24	34	54	61	60	5	52	16	24	60	58	7	36	65	9	62	14	63	6	8	55	48	61	19	22	60	64	36	23	43	29	41	12	20	30	11	18	16	25	39	5	
7	45	40	6	54	27	19	41	32	21	22	13	14	34	32	11	32	2	28	9	29	4	18	43	31	20	61	46	36	32	50	43	10	23	48	61	46	65	37	12	20	56	25	33	23	53	38	54	52	65	62	14	1	15	54	35	30	47	16	1	24	57	43	27	26	
23	16	58	20	57	3	39	42	23	4	62	7	42	51	59	41	46	2	43	56	53	5	21	34	13	19	47	2	61	7	14	15	17	4	36	1	4	8	40	26	10	37	32	47	22	21	20	65	23	60	53	11	63	9	44	8	24	26	18	29	22	25	30	38	22	
62	39	25	1	13	51	9	52	15	54	3	36	8	65	56	1	53	63	61	56	41	4	14	57	10	27	11	28	55	49	49	58	20	12	50	30	59	56	16	6	42	17	39	60	12	28	48	64	23	44	2	59	45	62	4	5	22	7	14	18	40	62	19	59	21	
40	23	60	28	30	63	5	42	34	52	51	60	34	46	17	12	29	8	56	24	53	41	43	46	54	51	18	52	41	9	55	13	30	45	41	61	43	44	35	11	33	18	4	65	62	18	10	26	23	1	49	15	36	27	54	25	11	6	7	48	15	59	60	42	37	
34	35	11	10	3	22	37	20	23	31	17	40	38	40	62	31	21	4	1	44	58	22	50	61	28	32	10	19	27	49	57	57	18	65	1	18	22	35	36	42	5	51	13	34	25	7	65	46	12	63	20	2	19	8	64	44	39	4	6	60	54	48	53	2	47	
48	18	63	18	58	36	15	35	49	49	59	54	46	39	62	43	53	62	60	54	55	37	22	56	33	16	40	13	65	41	58	45	56	57	62	42	26	10	10	7	58	1	58	38	33	52	14	18	47	6	5	34	44	26	23	8	40	61	17	37	32	9	16	24	64	
13	61	22	21	4	29	11	3	15	45	34	64	55	51	47	60	57	9	34	14	30	38	56	23	52	24	55	62	39	10	58	49	5	11	2	6	33	10	12	46	54	42	44	43	25	25	36	16	28	7	24	59	36	18	15	23	32	2	19	4	11	8	63	14	20	
50	17	45	58	25	25	46	64	3	22	22	21	54	36	48	53	55	40	29	65	54	43	29	60	56	29	62	60	13	7	7	63	23	51	55	47	9	34	44	10	52	2	28	39	30	11	26	16	49	46	14	35	24	39	20	15	4	19	5	15	27	11	11	41	1	
62	25	2	29	63	9	12	60	37	50	27	45	11	37	28	54	51	64	10	21	14	21	23	28	26	36	46	34	45	22	26	40	42	25	65	37	35	11	30	3	59	50	48	1	20	6	54	3	65	62	22	13	15	47	40	43	15	24	5	57	39	31	29	16	53	
28	49	19	37	12	19	30	60	63	32	14	4	17	16	1	13	34	14	25	13	56	61	26	6	65	15	42	28	43	54	15	4	35	31	40	45	49	5	38	44	39	52	45	46	61	47	55	36	60	18	41	44	7	63	48	4	20	23	33	52	9	42	57	43	8	
27	22	54	30	57	31	59	43	9	39	34	55	25	63	43	36	36	22	41	34	1	44	44	24	8	28	32	47	18	9	51	46	28	38	7	20	65	63	60	8	40	26	62	58	29	34	33	59	54	2	24	56	43	3	12	49	35	41	37	42	48	15	21	11	50	
25	27	47	22	19	52	54	44	43	44	2	11	4	58	63	3	15	51	45	13	58	25	41	31	53	16	12	61	32	21	44	55	48	25	8	62	16	62	40	58	38	40	63	42	30	60	42	50	46	19	56	36	52	28	64	26	42	9	20	8	31	63	64	4	23	
5	63	31	64	38	18	34	10	13	8	37	7	49	20	49	65	4	17	40	29	21	63	3	22	17	9	48	14	5	50	34	6	47	62	11	19	12	33	27	24	41	60	30	21	15	16	23	11	26	59	37	39	56	40	61	6	51	41	25	52	24	53	53	7	45	
52	19	56	19	42	16	60	37	42	11	44	57	30	53	10	21	23	48	12	60	43	15	40	14	34	22	38	17	20	40	60	59	59	50	13	33	62	3	4	37	18	45	22	47	31	29	64	54	10	8	46	50	25	19	1	55	41	36	65	47	6	61	49	62	51	
51	30	38	51	36	7	64	11	29	40	41	55	37	25	64	42	4	49	60	20	45	44	58	11	44	39	16	35	10	13	12	60	43	47	45	8	53	42	17	15	16	57	6	51	21	2	24	16	48	18	35	26	61	31	35	46	63	49	9	13	61	18	64	52	61	
43	39	50	23	54	62	32	46	63	16	54	65	38	5	45	55	39	3	49	63	35	20	60	18	26	1	11	41	62	44	36	40	19	19	57	3	21	24	42	9	47	30	7	10	34	49	61	6	58	48	3	22	63	63	37	21	64	52	59	58	26	30	31	33	56	
18	32	57	38	8	1	13	37	4	13	6	52	9	9	35	50	11	51	46	7	19	63	65	60	59	55	14	20	19	43	64	34	7	56	12	21	52	12	49	55	24	53	40	30	60	15	12	5	59	54	16	10	57	6	17	44	60	22	59	23	55	58	42	61	43	
48	9	30	57	59	19	16	51	56	43	34	62	52	42	56	44	40	5	27	45	65	2	35	15	60	46	1	50	22	61	27	2	3	53	57	57	4	6	32	63	46	64	56	34	32	49	8	4	41	34	47	39	33	14	52	28	58	54	10	12	55	32	13	46	24	
3	36	26	7	1	17	50	61	5	17	25	46	22	29	19	53	8	57	20	21	42	45	12	25	55	22	4	18	34	46	35	32	16	56	37	14	5	23	10	7	43	34	50	55	63	3	47	2	62	9	19	33	38	28	58	22	48	58	40	14	51	6	43	53	60	
12	3	62	32	7	1	1	38	50	53	33	51	28	30	43	22	48	10	58	10	65	14	56	63	47	4	27	51	44	15	44	56	12	40	19	16	39	16	53	21	6	20	8	29	57	46	47	31	54	37	36	51	46	26	43	34	27	2	10	5	14	60	59	23	26	
10	38	64	25	26	20	25	54	21	53	36	1	32	49	53	1	19	39	46	43	15	7	2	14	17	5	28	4	61	51	29	5	22	25	30	46	42	53	23	60	44	42	60	3	25	45	6	41	18	49	24	29	55	18	40	4	26	65	8	16	50	32	27	3	57	
45	48	29	33	2	24	3	40	15	5	62	59	8	43	8	56	51	36	42	1	9	43	27	10	48	41	55	12	52	57	64	31	37	28	63	37	47	1	11	64	3	7	53	8	44	61	59	25	29	35	26	38	14	46	50	58	13	32	3	65	24	4	30	62	30	
25	28	9	21	39	2	22	42	54	29	16	47	23	38	13	55	61	45	64	40	22	55	52	62	63	49	10	56	10	3	17	33	31	24	53	65	21	11	39	18	45	54	1	57	24	4	43	20	43	41	58	63	30	42	51	19	23	59	14	32	60	21	5	21	44	
53	20	61	59	58	4	26	55	55	17	1	51	57	21	27	31	12	24	58	52	7	16	9	64	17	40	55	37	35	11	9	20	30	2	9	22	3	35	62	56	48	65	41	39	23	2	13	24	25	60	8	29	4	19	32	20	54	17	56	30	25	63	38	58	6	
49	7	60	15	5	50	61	61	25	32	8	23	34	31	54	28	38	9	31	51	34	52	36	48	35	56	13	28	29	58	20	7	63	14	21	64	64	17	59	19	43	3	40	16	32	18	36	4	27	10	47	60	46	18	41	22	9	44	38	33	37	62	40	31	11	
57	29	65	5	20	15	48	21	52	56	44	5	27	44	29	23	22	25	4	39	59	14	45	36	52	10	2	42	48	34	44	41	61	41	43	12	53	26	29	47	13	7	46	35	46	8	60	2	30	58	50	15	9	24	48	62	25	53	32	5	16	10	54	14	49	
15	26	36	34	49	10	42	53	51	9	38	55	64	47	14	54	6	26	62	21	8	50	43	54	18	48	5	24	23	12	9	36	32	39	5	25	45	44	65	28	53	31	17	49	1	28	40	7	55	33	21	58	14	4	52	27	46	49	60	2	60	56	36	30	22	
39	37	65	18	34	30	1	63	42	48	60	6	19	62	55	49	18	47	59	16	26	21	61	9	2	58	1	53	26	25	10	64	59	5	14	27	31	12	25	8	57	17	11	13	35	1	55	29	40	48	42	64	3	33	5	7	23	17	51	49	36	65	46	21	4	
57	47	27	65	6	26	56	22	33	63	30	30	53	58	2	32	35	63	34	62	2	39	20	5	16	3	37	7	46	53	1	36	38	16	35	40	42	25	55	8	23	19	33	9	8	32	41	38	42	11	34	28	32	51	31	48	57	62	50	43	49	52	4	15	10	
36	48	37	60	34	41	14	49	8	17	55	37	51	24	63	52	56	26	17	41	64	62	28	50	46	58	33	25	59	47	19	29	26	61	22	57	30	32	38	35	48	27	9	31	50	3	16	38	23	39	13	12	34	39	56	10	29	40	26	44	63	44	62	21	42	
6	12	54	35	60	21	16	8	25	49	57	24	60	26	58	27	41	50	48	11	39	53	39	65	11	61	53	54	43	14	14	51	25	2	17	2	21	30	13	45	7	60	3	1	36	42	23	55	32	3	1	61	59	38	51	64	28	43	47	4	46	5	49	63	9	
60	62	13	21	64	55	27	56	53	27	10	29	47	62	57	48	58	45	33	27	31	29	51	1	9	63	44	3	37	39	59	30	32	8	50	32	60	9	18	40	34	25	3	14	19	54	65	11	35	28	35	61	53	21	2	61	15	34	4	41	5	47	6	36	45	
54	63	32	61	15	6	26	57	6	42	58	56	33	2	18	59	37	11	46	55	63	40	59	29	30	34	34	9	36	4	53	21	7	20	23	16	24	38	53	27	10	46	16	41	43	32	39	13	39	12	63	44	50	54	3	14	20	29	18	62	32	10	9	31	25	
20	50	44	56	31	5	63	8	22	39	48	48	3	56	23	14	52	54	65	46	51	2	62	11	19	45	43	22	64	6	49	2	55	20	58	13	22	53	19	38	26	64	21	26	59	40	37	42	33	29	11	8	30	1	19	57	60	4	15	26	7	47	32	45	12	
15	56	19	2	9	57	27	6	12	51	59	49	21	48	7	49	42	15	11	39	32	59	14	25	61	37	21	43	62	64	38	14	54	63	12	60	55	36	63	65	20	58	37	44	21	50	27	59	4	33	31	20	26	45	46	17	15	1	57	10	58	28	19	47	18	
30	39	1	63	36	54	18	25	19	55	46	61	16	37	49	40	2	3	3	47	44	12	4	40	5	65	33	27	16	19	42	43	49	36	39	18	20	54	45	36	50	20	29	51	58	12	28	56	15	21	34	62	31	22	33	31	38	60	64	35	8	37	14	52	7	
58	4	19	41	44	54	20	63	16	61	52	27	17	50	39	38	7	31	64	28	58	32	47	53	19	17	57	50	25	40	60	6	45	4	42	23	55	52	15	5	51	6	29	2	40	9	32	47	32	43	8	24	56	54	7	11	1	62	59	26	35	45	33	12	48	
2	30	35	53	42	37	33	62	64	29	19	65	58	60	29	22	3	50	13	52	4	19	55	51	15	8	20	57	38	28	33	39	59	17	20	32	40	50	7	34	11	22	36	3	16	61	25	14	44	34	65	33	54	49	18	62	56	36	52	22	1	24	52	5	17	
9	31	53	55	23	21	2	44	58	6	63	50	23	4	21	62	3	59	47	49	5	42	38	44	21	57	35	39	45	21	61	46	39	40	34	3	59	37	43	45	46	24	33	52	27	51	41	28	30	16	11	41	52	48	4	13	37	38	53	15	56	31	60	26	14	
26	20	5	56	62	40	20	12	62	10	36	39	48	64	3	1	9	32	44	54	35	49	29	7	26	42	61	55	28	23	63	52	38	59	39	31	37	56	34	25	60	8	60	45	63	14	46	3	36	10	53	61	65	11	6	18	43	61	13	1	19	2	61	57	58	
24	11	10	27	42	33	8	65	26	45	42	20	18	41	60	18	30	38	9	34	47	20	13	31	25	7	49	12	56	31	58	17	40	64	41	14	29	32	61	54	12	28	14	18	4	50	45	32	20	50	3	55	60	5	20	21	9	63	22	1	26	19	10	2	10	
32	8	39	63	65	25	6	25	30	23	40	12	56	54	31	45	46	20	23	48	49	33	54	37	54	51	55	1	58	52	11	24	56	45	25	53	2	27	9	36	45	34	41	50	26	17	63	64	24	18	44	59	60	32	35	42	16	13	35	7	61	42	41	49	19	
45	33	21	3	40	56	43	9	25	12	24	31	6	22	53	24	64	46	7	30	10	42	42	13	11	46	17	48	5	56	2	53	24	25	48	63	2	28	14	29	55	24	54	39	45	40	1	43	18	15	4	18	39	44	31	50	22	37	30	26	38	32	8	46	59	
59	41	49	24	41	11	47	1	60	19	39	32	20	15	64	15	16	6	51	4	27	31	14	2	3	43	22	24	48	65	5	32	44	52	46	26	58	24	21	50	42	54	18	53	61	62	63	17	57	55	7	16	12	23	13	9	10	30	28	34	33	32	35	3	28	
