27	19	1	10	30	38	8	23	7	47	33	27	11	5	58	17	59	32	28	38	39	53	51	20	53	64	62	18	50	11	9	17	52	28	29	53	65	36	8	12	15	38	31	22	42	23	40	33	55	64	6	26	51	54	43	38	56	40	57	34	48	62	49	34	24	
11	19	24	45	26	28	59	63	58	14	38	15	52	5	1	50	10	26	33	61	3	4	47	40	57	14	22	53	61	55	12	7	8	32	51	31	59	42	29	50	56	2	63	39	3	64	21	13	23	54	5	21	60	50	62	48	65	16	33	6	3	41	9	17	18	
45	39	64	22	65	48	11	63	43	48	1	38	3	8	58	56	12	14	45	62	7	25	56	19	55	49	21	31	44	27	38	23	63	36	44	2	17	52	59	60	34	56	32	37	4	24	25	10	35	3	9	40	28	61	58	15	40	13	46	18	41	17	42	32	50	
15	28	1	2	19	60	35	10	26	4	5	47	27	12	16	29	15	53	54	8	43	2	45	52	46	61	21	62	33	53	48	47	13	45	49	32	39	16	40	62	17	44	42	43	55	56	6	2	50	57	7	19	58	51	5	37	59	23	31	11	8	9	58	21	63	
40	50	26	53	21	21	5	61	62	47	48	52	51	49	27	40	54	43	30	36	47	64	15	3	30	25	10	37	15	28	22	55	10	46	40	33	1	44	26	63	24	6	44	7	53	8	46	41	48	11	11	29	7	23	31	34	47	38	3	65	2	32	56	7	9	
23	36	3	65	59	62	21	65	40	27	52	42	7	24	22	14	32	47	20	54	8	53	34	42	56	30	39	13	11	45	17	31	15	18	28	9	13	48	6	50	9	57	25	16	19	46	26	49	29	44	33	35	37	1	7	38	41	45	43	38	51	44	2	53	60	
29	42	5	12	47	52	18	36	10	31	49	53	55	28	12	32	58	42	59	59	48	11	21	25	37	57	46	13	60	14	7	19	56	9	30	35	61	46	4	5	13	50	57	63	10	2	26	3	43	19	62	23	26	14	45	63	6	27	15	64	36	16	13	24	21	
43	57	16	21	60	18	29	42	9	26	51	8	49	52	48	2	45	3	28	58	47	23	62	4	30	56	40	44	3	63	63	46	52	13	61	46	31	24	20	36	47	5	50	31	59	24	32	32	27	64	24	10	12	19	11	53	6	54	18	7	55	14	65	29	25	
42	9	52	1	27	21	47	31	64	12	18	22	42	50	46	31	5	52	43	20	61	19	23	42	34	29	18	45	10	46	2	49	53	54	49	14	9	30	42	6	38	60	24	15	41	7	48	51	56	22	63	49	39	21	25	4	55	40	58	56	26	48	44	8	36	
21	19	42	49	60	44	21	52	65	33	28	4	10	6	57	31	3	40	1	21	62	2	2	37	48	55	56	30	27	60	63	47	13	38	32	5	15	46	58	14	11	17	16	20	22	5	50	22	45	51	41	39	48	43	6	35	32	61	57	59	54	53	37	64	23	
62	4	35	40	61	46	51	9	59	5	30	64	53	49	39	33	24	10	15	65	14	44	31	8	33	20	62	19	54	58	41	48	1	10	22	53	55	5	63	47	10	23	43	62	7	16	27	28	24	42	26	37	21	56	49	53	11	36	6	58	29	45	50	24	52	
60	10	40	64	3	22	6	26	62	65	30	11	27	57	32	3	18	1	20	5	42	5	12	13	9	65	41	53	38	62	39	32	4	14	28	7	31	34	32	27	31	61	35	58	50	1	59	2	8	12	15	43	16	14	53	24	11	28	11	48	20	48	17	25	57	
40	29	22	6	57	46	36	50	16	26	34	16	17	34	15	28	38	55	44	49	42	3	59	2	11	42	19	56	53	40	47	25	2	1	31	58	45	62	41	59	23	9	8	38	43	26	64	12	11	46	60	50	48	52	49	51	27	2	37	11	61	18	33	41	20	
61	34	60	57	6	51	13	14	56	48	53	12	46	64	20	18	56	2	57	40	50	40	63	52	10	7	26	25	40	1	41	35	32	33	24	38	16	34	52	8	16	37	16	62	33	36	12	22	39	3	61	21	41	57	4	50	5	29	9	42	27	45	11	59	15	
24	29	28	57	12	34	7	48	49	64	14	17	9	35	50	9	29	2	51	17	5	31	13	30	38	46	55	17	47	46	27	4	9	52	58	19	18	65	1	64	61	14	20	6	53	63	15	8	64	59	23	1	25	36	32	60	14	21	7	57	62	33	59	3	17	
51	21	34	48	20	33	42	31	46	45	12	43	55	17	39	47	39	41	4	7	2	61	18	17	3	9	13	35	65	15	47	52	36	16	31	53	46	8	17	26	50	28	1	39	44	39	19	16	14	21	22	24	14	37	27	14	49	40	54	43	56	25	29	19	38	
56	5	18	63	21	41	47	46	41	19	22	12	36	35	21	54	54	31	1	25	58	12	3	32	53	45	17	12	6	33	49	58	37	65	55	55	42	34	35	14	51	55	26	23	24	44	6	14	10	4	37	2	15	37	34	1	16	47	13	20	12	59	11	50	57	
63	38	29	32	7	43	16	60	1	33	17	44	37	26	53	40	61	52	55	32	18	52	46	61	62	63	8	54	6	56	42	5	24	6	35	30	47	49	21	48	15	36	22	48	64	8	20	55	59	7	25	9	56	2	2	50	62	10	35	3	65	9	4	19	12	
36	45	57	18	64	35	30	33	55	13	25	60	32	15	51	36	34	59	24	37	61	5	27	6	37	31	60	46	39	11	55	65	55	44	15	52	12	44	16	64	54	41	58	19	53	43	53	21	38	7	51	42	14	17	29	47	40	23	26	3	49	20	3	21	56	
17	6	1	59	22	64	45	62	54	62	50	31	45	2	65	51	52	29	61	63	60	40	36	15	1	37	47	9	37	3	4	51	7	61	44	25	57	21	21	46	17	8	8	5	10	8	49	50	41	37	48	26	11	16	41	12	50	19	18	23	19	13	7	26	3	
48	47	58	4	65	36	18	2	41	15	65	48	56	50	19	25	30	44	35	43	17	41	28	33	53	50	51	62	52	8	62	34	54	53	36	55	21	51	57	64	63	52	45	50	37	60	9	1	37	49	38	59	17	3	20	4	46	2	5	30	10	60	6	7	61	
30	48	1	16	34	62	10	18	39	57	51	32	65	46	2	41	19	51	55	17	2	56	59	5	52	22	12	47	16	6	27	50	53	25	59	20	20	1	37	58	58	21	23	60	64	27	30	24	7	17	31	7	8	22	9	61	43	26	36	62	28	63	37	11	20	
28	28	39	28	1	29	20	18	50	10	16	4	38	31	7	54	62	11	60	17	21	48	58	37	19	51	58	14	22	2	32	49	30	5	9	26	33	29	43	15	40	59	16	8	25	23	61	17	31	52	34	49	35	24	20	54	6	12	62	27	11	36	13	41	37	
15	65	62	43	41	9	13	34	24	19	55	45	12	4	10	60	32	57	26	56	9	8	58	21	5	18	27	31	23	64	61	37	62	58	12	39	63	22	3	22	42	57	2	50	58	6	42	25	1	1	11	3	13	4	19	10	28	46	38	41	44	34	14	38	29	
22	9	19	44	11	38	17	65	35	1	55	39	40	14	32	38	23	34	44	24	51	54	43	29	26	17	5	57	27	46	12	53	55	28	27	60	63	41	59	31	38	49	3	11	61	34	47	14	2	25	37	52	10	12	15	36	28	18	24	56	63	42	37	45	59	
64	37	56	33	29	23	5	12	23	16	4	56	59	17	60	15	51	40	25	63	53	56	26	5	14	13	64	48	46	41	38	40	13	30	7	39	49	10	50	5	20	51	61	11	65	52	28	54	22	49	47	9	42	3	17	51	18	9	32	59	57	65	34	58	26	
36	31	7	43	13	10	63	63	4	6	60	51	31	43	6	16	23	15	50	26	25	33	37	34	61	31	14	58	60	5	16	30	35	22	8	45	32	3	40	38	8	39	17	37	11	20	49	36	33	40	56	55	63	27	19	57	53	31	47	49	42	62	12	64	19	
18	44	46	19	16	11	26	49	27	62	58	46	43	23	12	8	13	64	4	35	17	59	23	47	38	2	12	36	14	10	50	29	51	29	48	2	40	6	53	64	65	41	52	45	63	51	54	6	57	51	42	64	55	4	56	15	1	60	47	9	63	30	36	61	3	
16	49	30	19	33	28	19	6	4	58	2	55	41	7	37	26	45	35	3	38	12	16	39	64	63	40	61	27	8	42	17	24	25	47	39	56	6	57	61	9	48	62	60	22	1	31	46	50	65	53	18	11	63	59	6	5	24	4	17	32	43	33	52	63	13	
24	51	15	13	43	24	59	37	17	16	36	44	60	14	40	41	31	46	37	14	49	27	35	48	43	65	20	10	49	16	19	7	64	34	21	41	53	12	11	4	25	43	47	18	56	19	57	19	63	26	30	46	52	5	28	29	61	46	39	44	58	54	55	62	22	
1	26	6	13	35	7	37	10	52	51	65	3	40	16	65	63	44	44	47	41	4	10	36	49	43	13	38	28	62	25	46	64	50	52	11	17	58	40	26	42	23	24	43	61	37	45	57	15	18	38	53	22	45	29	1	21	35	39	48	30	63	31	25	54	15	
32	62	5	5	20	47	27	41	24	21	13	63	14	25	17	48	11	36	26	31	35	46	64	6	28	33	3	56	55	47	6	16	41	8	19	61	54	43	38	10	1	45	7	7	9	22	52	11	53	12	39	20	56	37	26	18	2	25	23	48	4	9	15	45	30	
13	38	2	54	8	11	49	50	15	53	50	33	38	60	19	52	33	37	38	3	58	55	64	17	57	47	19	65	40	61	15	56	34	14	41	38	24	21	22	37	7	6	4	44	63	18	25	30	54	62	32	46	45	31	61	39	10	14	36	50	9	51	35	42	64	
6	11	19	24	32	53	30	38	54	7	35	6	29	61	59	22	26	38	2	54	31	38	65	42	8	42	48	54	12	21	51	13	31	3	37	62	54	64	29	43	5	63	45	33	57	37	55	13	9	53	1	37	23	59	14	29	36	60	19	43	15	65	58	41	4	
25	35	54	23	61	30	28	55	8	55	42	46	42	56	50	34	53	21	50	45	33	13	15	26	29	58	37	32	45	12	29	6	44	16	36	39	43	47	27	50	39	2	38	13	60	14	41	40	31	24	19	62	33	48	22	63	50	57	49	2	1	52	3	51	64	
25	13	42	7	38	24	41	38	51	52	26	59	22	63	24	43	14	18	10	44	39	6	1	28	26	3	27	11	2	1	8	25	16	48	29	54	4	4	23	53	54	46	49	12	42	65	52	56	18	60	32	57	5	32	16	25	29	40	33	29	45	38	61	55	21	
14	37	21	15	58	6	1	39	49	8	11	49	60	65	1	53	31	54	49	60	9	7	22	40	40	48	16	10	34	4	29	44	35	50	56	25	52	59	59	35	64	5	18	55	3	14	42	31	5	25	24	2	32	45	41	3	30	62	12	61	53	38	35	20	19	
26	46	5	14	38	37	8	43	53	61	43	1	39	6	3	58	33	2	22	8	40	22	32	27	33	23	12	4	55	31	19	12	10	21	22	48	57	35	24	42	28	64	41	58	2	42	51	29	40	8	36	13	26	6	38	59	24	49	58	15	16	11	25	30	34	
44	2	20	8	23	58	31	18	33	23	19	6	6	45	43	10	13	56	36	15	24	26	35	7	17	45	18	29	3	37	52	46	38	3	53	59	60	16	11	28	36	27	30	41	4	9	48	32	61	17	35	16	46	60	21	55	39	36	14	41	5	64	19	47	64	
2	34	59	17	42	18	50	1	46	23	3	52	5	17	45	21	43	58	59	34	13	48	8	46	59	52	48	55	62	24	54	63	54	49	13	36	62	62	30	44	18	30	27	22	47	4	56	21	64	35	57	6	19	60	49	9	37	32	65	33	52	61	31	41	28	
41	7	22	37	32	63	54	61	21	9	39	24	50	58	17	19	44	23	29	35	6	38	7	35	32	43	25	15	1	60	40	40	62	61	10	28	55	2	21	11	4	65	31	52	47	48	2	26	3	28	59	6	64	62	42	28	33	58	44	31	53	14	5	46	14	
14	12	63	10	28	7	14	19	37	63	6	17	62	23	23	24	15	25	21	9	61	49	40	51	23	5	35	36	7	17	43	22	21	41	30	50	44	45	2	15	46	64	33	34	26	48	58	32	11	13	39	65	59	18	52	16	13	20	50	29	32	27	37	56	64	
3	34	43	39	36	55	10	32	19	44	52	2	32	18	6	43	56	5	34	65	54	48	14	4	31	28	35	59	65	20	53	65	57	27	38	20	22	46	51	33	26	35	33	64	51	40	29	42	40	61	45	25	42	46	27	7	9	63	60	8	13	43	10	1	11	
46	18	18	20	3	49	39	38	14	25	21	50	54	59	22	45	28	46	23	10	11	24	15	1	13	20	15	60	26	11	57	62	29	9	16	34	55	53	1	7	10	22	55	65	12	8	43	38	52	61	44	58	17	56	61	29	8	4	27	30	19	35	26	48	15	
39	6	8	24	4	6	34	21	57	28	31	63	2	2	49	60	46	42	11	34	30	37	41	33	54	6	44	61	27	19	8	1	24	10	21	27	20	55	47	5	14	11	5	14	13	50	7	53	21	17	19	51	51	58	18	40	60	64	30	22	12	38	23	35	48	
37	58	61	25	39	65	35	47	63	46	55	48	52	42	4	1	60	48	52	53	64	21	44	57	50	64	6	22	15	35	3	49	27	62	5	61	59	36	45	54	19	29	31	2	5	28	65	7	12	55	49	7	9	25	8	53	23	62	10	34	31	17	15	13	3	
19	49	65	54	24	43	3	50	6	2	54	34	1	50	41	48	35	45	51	55	39	36	8	38	44	53	63	52	55	51	52	8	34	56	58	57	19	58	40	25	59	27	62	4	14	27	60	37	5	23	24	47	61	33	10	42	4	7	20	5	55	12	64	23	46	
52	14	62	46	48	19	38	7	7	29	15	34	4	51	36	23	9	11	13	37	20	47	42	24	64	30	28	1	25	34	44	10	45	43	54	37	2	26	32	64	53	55	30	56	29	3	6	35	16	19	8	27	63	45	50	59	12	61	61	31	30	36	39	18	17	
25	32	4	48	62	64	33	42	28	13	7	25	19	38	32	35	43	60	31	21	40	29	28	36	15	59	65	51	31	9	59	57	34	63	35	40	57	5	6	17	12	6	39	30	45	10	1	19	6	27	39	41	47	8	5	64	58	11	50	24	14	37	9	43	29	
47	4	23	41	7	39	50	13	11	17	53	14	5	9	8	29	40	40	12	40	44	3	29	45	45	54	50	15	56	22	55	30	26	59	3	29	30	50	42	35	58	25	45	1	27	50	24	4	24	31	43	65	33	65	46	10	45	34	24	35	48	2	60	6	62	
65	33	19	42	5	54	40	26	31	30	56	13	57	50	35	20	22	38	46	23	15	58	62	39	12	27	15	16	21	20	1	14	50	19	54	63	6	25	17	32	50	3	44	35	48	11	50	9	47	31	28	53	19	26	18	41	45	32	51	58	50	36	7	34	51	
59	20	53	14	31	16	62	27	58	32	8	1	18	10	39	44	24	22	62	39	39	28	17	6	60	4	57	28	9	23	14	63	40	65	12	5	19	5	33	6	35	36	6	47	41	49	30	62	13	21	34	38	43	43	48	35	51	37	63	52	64	15	47	29	7	
56	24	19	58	52	24	32	20	29	7	59	5	29	55	9	47	25	36	27	63	16	56	48	41	50	26	22	63	6	43	61	61	65	15	57	49	35	13	4	62	21	1	63	46	51	61	31	6	29	47	2	37	36	44	12	19	2	30	8	7	3	1	18	65	33	
50	52	47	59	51	40	10	44	34	54	27	27	13	29	55	59	36	26	32	6	37	43	7	57	49	13	58	64	16	57	60	60	39	35	51	22	9	60	65	40	62	27	10	58	5	61	49	18	15	7	46	45	50	30	36	33	42	26	21	53	17	3	48	63	37	
26	15	43	26	9	17	64	33	18	54	23	7	35	38	25	41	63	62	25	27	30	57	61	55	65	44	5	2	18	59	35	43	65	12	1	8	29	60	46	45	49	4	51	13	30	3	3	25	19	10	45	28	6	41	16	61	20	22	59	36	8	34	12	5	39	
5	16	9	61	50	43	43	45	27	49	6	28	33	30	23	42	6	47	37	46	59	29	2	10	21	28	23	47	41	20	20	51	31	18	39	12	60	7	52	22	52	57	48	20	18	13	62	27	50	29	3	43	54	60	55	11	22	65	56	59	24	9	36	46	26	
3	59	18	9	44	42	58	33	20	11	57	17	6	5	64	26	4	48	15	1	25	30	19	24	16	12	43	21	45	26	40	54	9	60	51	51	25	41	18	39	50	7	54	53	3	55	11	5	28	23	10	50	45	22	7	56	31	45	24	13	8	47	62	14	36	
31	54	10	5	14	32	54	3	20	36	2	9	44	11	30	4	5	13	45	20	19	33	49	61	39	48	59	18	28	58	56	58	46	51	60	48	23	50	47	34	16	48	37	57	52	62	63	54	17	33	9	64	65	53	24	38	35	15	53	1	1	43	46	2	27	
38	26	31	27	7	59	44	56	30	18	40	22	8	27	33	34	37	55	39	22	10	1	49	16	53	41	16	34	20	65	46	60	19	9	4	23	2	29	12	25	43	50	46	44	15	8	11	45	62	38	61	2	49	43	35	26	17	31	52	34	25	28	24	40	42	
26	63	34	55	10	58	46	54	37	20	63	56	14	40	39	49	41	39	19	8	57	41	24	18	23	60	42	48	17	13	16	39	9	64	26	13	48	52	5	21	56	11	51	3	34	25	50	65	61	6	12	61	41	35	65	62	19	43	45	37	48	58	4	4	38	
33	1	11	13	2	20	1	59	5	2	29	26	58	27	18	49	42	1	40	57	63	22	10	34	4	39	16	49	40	7	18	3	3	31	11	64	46	9	57	51	8	19	12	56	54	21	44	1	24	61	65	16	30	13	60	5	38	65	53	10	6	2	28	15	32	
17	3	4	28	55	49	48	6	60	22	44	5	61	44	26	57	34	49	63	32	20	9	2	23	50	14	24	50	29	18	10	36	17	20	62	5	64	25	13	43	45	52	47	35	28	5	20	11	37	15	26	56	15	34	5	65	47	25	59	58	38	1	24	12	61	
20	53	55	39	63	31	22	51	8	50	8	10	3	1	46	27	47	34	41	51	45	24	25	58	2	11	27	3	32	10	59	48	5	31	23	65	7	37	36	13	17	40	9	17	39	49	33	62	18	14	52	54	18	3	57	16	15	4	64	42	21	41	26	16	6	
41	60	60	11	28	57	24	65	2	41	43	54	15	36	61	65	14	50	14	16	28	32	22	31	26	63	45	1	18	47	4	59	38	4	63	1	53	23	65	52	3	37	29	64	6	30	61	19	20	9	27	33	36	49	64	8	44	35	58	10	11	5	52	22	56	
49	55	44	29	53	26	62	17	61	60	18	16	55	33	13	62	64	44	42	43	38	24	30	9	18	15	16	12	4	64	65	2	47	39	52	43	3	48	48	56	41	10	54	31	25	1	34	20	44	58	57	19	22	11	21	27	24	45	35	25	36	40	8	23	5	
