18	14	26	2	13	3	6	38	47	62	63	48	53	47	49	53	36	47	7	40	48	37	56	52	44	43	54	54	50	55	46	37	27	56	57	50	58	61	21	37	59	18	19	42	65	64	27	33	43	34	5	26	4	59	10	44	39	62	32	17	51	12	51	11	65	
41	59	55	34	12	24	23	28	42	64	25	39	26	57	16	56	60	40	58	52	49	35	21	45	64	36	28	11	21	37	8	61	29	63	27	43	21	46	65	62	44	30	32	64	13	45	54	7	19	45	1	2	14	15	47	17	48	4	20	64	50	28	3	5	31	
14	41	41	58	39	36	33	62	2	32	8	45	18	14	63	62	3	60	10	13	36	20	56	37	40	54	11	64	42	11	21	54	50	62	44	23	30	9	17	30	38	24	9	56	35	4	52	37	65	1	47	31	14	43	65	53	23	12	51	5	18	6	49	2	7	
27	22	28	35	39	55	8	62	61	63	32	64	47	3	59	41	49	22	54	18	21	39	38	28	23	33	44	25	16	45	21	42	2	46	9	40	33	14	34	29	9	65	24	56	1	15	31	48	36	18	4	54	56	33	17	12	5	58	36	19	37	56	57	43	34	
61	8	1	9	42	26	16	39	49	6	39	62	34	19	29	51	15	18	41	45	30	52	45	22	21	57	56	9	46	25	43	39	31	41	47	4	2	60	43	48	65	14	42	32	32	5	17	44	22	58	24	50	40	3	5	59	57	63	7	35	16	53	8	54	20	
53	49	14	47	24	60	45	37	36	9	3	40	23	45	61	13	1	41	51	1	46	43	55	37	42	23	52	16	28	31	29	15	12	44	60	35	34	37	6	2	45	7	48	4	54	32	13	50	8	63	47	56	38	36	21	15	57	7	30	19	39	58	33	47	59	
25	17	62	61	20	64	38	26	36	40	9	2	52	58	8	47	38	59	19	7	13	31	62	18	59	15	53	47	48	34	10	5	48	11	65	3	3	35	26	39	12	35	41	57	24	44	36	60	36	55	6	47	21	63	1	14	16	51	56	54	17	4	55	22	23	
51	63	8	20	23	43	25	55	14	17	14	58	50	8	26	37	6	7	55	65	5	65	9	53	54	57	3	56	47	65	59	32	62	64	49	19	41	10	11	53	24	18	45	7	27	5	44	28	12	33	25	13	30	30	2	18	21	2	15	65	1	60	31	60	61	
13	11	32	19	17	19	41	34	61	48	56	63	24	16	7	54	41	20	18	3	16	33	23	15	35	21	13	30	50	5	20	60	15	49	14	30	65	52	61	58	32	50	56	55	65	62	43	38	13	59	40	28	26	64	40	1	16	53	23	2	54	42	57	4	25	
3	31	21	53	26	14	19	8	4	9	10	63	49	45	11	42	18	36	1	13	12	59	28	60	14	23	50	53	13	51	9	15	15	28	2	37	41	20	44	42	25	49	39	16	29	47	47	43	22	45	55	26	41	15	24	52	38	64	35	56	46	48	61	58	3	
60	27	41	12	5	17	36	53	56	42	13	37	22	54	52	65	43	10	35	58	28	17	29	26	49	12	6	24	7	60	25	64	21	1	11	25	15	44	10	8	19	23	39	38	9	24	39	49	33	14	41	61	21	4	19	16	14	30	25	20	17	47	17	40	45	
25	60	59	3	3	61	21	21	32	59	29	55	28	10	23	32	51	15	52	53	33	54	64	53	11	16	3	57	30	38	34	54	35	25	55	36	20	10	50	50	1	11	40	29	22	63	62	6	9	45	56	39	37	58	26	40	2	27	31	31	65	63	17	26	24	
6	56	40	14	41	24	15	49	61	43	4	54	33	7	60	12	62	32	41	48	56	16	47	17	45	10	13	40	27	36	62	30	24	35	46	62	57	55	51	50	29	52	37	61	54	31	5	48	63	46	28	51	59	10	65	38	19	10	11	44	53	8	9	2	39	
46	63	27	35	43	11	62	22	48	55	8	10	60	55	4	38	18	52	31	25	50	1	41	57	10	17	33	14	22	35	51	2	30	12	35	5	22	32	26	65	20	34	7	12	21	10	49	36	60	13	60	42	12	37	33	23	50	3	33	6	33	16	5	61	25	
39	64	44	4	23	45	22	54	49	31	7	57	15	43	51	26	35	27	36	3	58	55	52	55	20	55	23	35	60	15	61	33	11	37	38	34	14	56	19	61	21	26	53	40	2	41	57	42	62	25	46	59	16	24	48	31	12	65	1	6	8	57	47	19	28	
5	49	38	60	1	33	12	26	17	42	24	51	33	59	44	55	28	29	1	50	1	32	59	61	34	64	65	21	35	16	47	39	64	18	31	64	52	42	22	3	19	45	52	49	36	29	40	61	57	39	48	57	6	36	53	37	34	54	53	4	62	41	43	63	56	
4	55	34	44	12	35	60	56	18	45	22	45	14	18	36	51	61	23	57	31	6	22	62	50	7	62	46	38	35	39	22	37	25	53	13	41	18	8	21	40	49	42	12	61	59	48	47	52	3	43	17	9	52	11	53	58	10	32	33	40	2	50	15	25	51	
21	56	54	27	11	20	9	53	29	2	44	12	48	30	9	14	44	13	1	55	64	56	60	29	22	34	28	5	43	52	39	61	45	27	23	51	46	27	38	8	31	15	14	10	42	22	24	21	32	18	8	30	17	6	58	27	33	20	36	16	5	7	4	47	30	
24	30	9	50	1	15	10	16	28	16	54	47	35	7	13	52	14	42	59	13	32	18	44	51	49	53	53	55	54	33	16	11	60	22	57	58	35	1	5	63	16	61	46	49	3	56	34	12	30	26	22	62	42	65	44	25	50	31	10	37	64	23	46	57	43	
36	43	9	37	45	6	50	38	51	33	35	35	64	46	62	21	64	57	60	63	33	19	46	65	25	17	58	45	61	41	22	30	17	30	1	61	38	46	39	12	11	65	44	7	43	40	27	41	31	21	42	3	47	20	59	2	34	48	49	25	23	57	55	37	26	
51	33	49	31	63	60	39	64	38	45	40	13	6	15	40	24	52	36	61	2	26	52	34	8	25	58	27	17	46	65	33	29	28	16	57	25	9	30	20	46	9	57	56	14	5	28	35	55	1	32	55	23	14	21	28	36	12	59	49	60	49	18	19	10	30	
9	31	39	36	51	18	44	42	6	56	46	34	25	34	30	50	23	53	63	41	12	38	53	62	14	42	43	28	58	50	57	1	16	29	35	1	45	13	40	50	3	19	18	26	52	49	9	8	30	4	54	40	48	34	37	45	11	15	10	7	59	63	64	9	27	
33	7	3	46	47	50	46	65	65	4	49	43	9	55	8	15	36	45	43	5	14	21	11	21	27	12	15	22	9	23	44	40	28	48	20	8	28	63	4	30	65	53	6	8	39	9	19	7	54	59	10	64	13	17	18	41	25	30	57	32	51	35	16	24	29	
25	18	42	22	18	1	24	2	5	26	40	14	42	44	64	35	53	60	45	2	11	17	27	38	8	58	25	40	63	31	54	20	47	28	39	62	28	57	3	31	23	35	43	58	14	46	29	65	34	6	63	41	18	30	12	23	15	33	62	9	4	48	32	42	10	
64	39	33	55	36	62	4	4	35	61	17	6	20	13	35	22	8	9	37	30	19	60	41	49	54	48	46	41	8	24	42	5	58	8	59	27	5	61	31	36	54	44	42	11	56	11	28	61	18	62	25	35	57	1	16	43	48	2	12	53	15	51	57	14	63	
49	34	59	45	61	30	32	40	6	38	27	14	63	20	31	60	45	62	48	43	11	23	24	4	36	11	19	18	2	24	12	50	55	5	26	50	33	58	23	35	26	47	51	21	1	8	13	46	4	64	22	14	16	41	16	54	52	32	65	47	56	9	29	44	10	
52	28	43	39	48	6	64	27	50	18	25	59	30	1	61	23	19	7	40	58	20	21	42	51	24	19	41	26	45	21	34	31	43	6	4	29	12	1	49	60	22	9	51	46	10	44	3	26	51	41	16	3	61	51	54	13	4	34	38	47	44	6	11	21	14	
13	44	21	13	25	12	28	33	63	7	39	41	9	64	22	47	11	26	40	62	15	50	63	40	23	45	16	26	52	35	35	64	14	53	10	35	1	36	1	61	41	43	34	47	34	55	30	49	17	2	51	24	53	38	61	6	18	12	37	1	48	65	62	56	54	
7	21	46	39	22	40	14	58	6	65	26	60	27	3	6	25	43	30	5	14	24	10	31	33	39	23	12	35	20	62	18	28	19	2	63	38	36	12	29	41	8	52	42	26	55	38	45	30	4	48	41	32	57	9	56	28	23	1	60	43	60	13	34	10	11	
59	44	45	5	4	16	7	53	46	30	40	17	10	6	17	57	42	37	46	39	27	7	58	25	1	31	17	12	27	28	17	19	5	60	21	8	8	26	61	51	55	33	64	62	38	18	51	11	52	30	49	11	36	38	35	34	1	50	47	29	13	59	44	15	48	
62	19	52	20	14	35	11	43	33	6	12	46	55	20	32	19	64	41	56	34	9	22	32	58	64	59	1	56	31	13	38	26	36	23	45	42	55	54	18	22	60	27	1	48	46	35	65	44	5	51	15	10	7	44	65	3	37	65	61	62	16	25	20	38	47	
64	13	36	51	28	56	43	54	54	22	33	17	19	9	18	2	19	31	4	60	25	5	26	25	57	17	32	20	36	6	63	33	23	32	24	42	21	58	30	10	12	58	27	30	7	39	31	29	1	35	10	34	37	40	49	28	50	14	42	38	18	44	49	37	4	
65	5	21	56	31	26	2	23	47	29	22	20	59	39	19	26	48	44	60	14	24	24	59	35	62	13	50	34	57	14	36	55	16	54	46	46	16	45	2	64	9	23	15	1	62	33	25	47	7	17	58	28	42	47	63	30	55	49	60	46	61	27	37	12	18	
13	52	29	58	53	19	1	9	30	63	5	58	21	44	65	36	31	25	2	12	22	30	3	1	26	44	57	50	14	4	61	24	51	27	16	37	37	14	45	64	13	48	56	33	23	52	63	53	11	64	64	35	28	61	29	49	40	20	30	55	17	26	10	65	46	
23	36	16	38	13	13	45	57	2	8	15	52	4	2	60	1	62	22	25	58	51	7	32	5	37	15	18	60	21	18	40	43	53	51	17	64	62	59	55	6	63	4	47	64	11	42	61	3	60	19	55	44	23	26	45	57	35	62	54	54	14	24	31	65	7	
42	62	3	33	50	62	29	53	41	24	54	15	17	52	5	34	44	46	56	61	25	47	25	19	32	14	32	53	42	30	59	18	25	59	48	9	53	11	59	28	29	49	38	45	32	43	14	10	20	3	65	41	51	24	60	21	34	23	63	12	51	56	26	13	55	
6	16	35	12	7	63	40	52	32	19	18	5	29	21	22	30	19	64	11	42	54	24	8	11	28	14	59	10	37	1	58	43	20	26	52	24	22	26	9	51	43	25	53	6	45	9	38	61	4	44	34	55	65	39	65	27	51	57	26	23	60	15	63	17	40	
50	26	59	7	32	42	50	59	27	53	33	36	19	28	37	63	58	26	62	30	23	13	15	14	36	35	4	50	33	9	23	16	34	14	22	65	55	5	52	17	54	20	49	6	43	19	3	39	44	60	62	1	6	10	25	41	45	15	29	9	21	48	24	54	64	
40	52	48	43	38	61	30	54	44	35	31	60	36	62	38	29	57	39	34	1	45	8	44	63	33	50	15	19	6	2	11	45	52	55	21	21	48	51	9	25	17	36	20	53	31	58	10	22	23	42	26	2	49	63	61	18	48	9	28	59	8	37	41	60	32	
52	15	2	34	19	25	48	60	42	34	18	31	41	39	53	17	60	54	65	57	46	14	37	52	43	24	57	7	54	49	24	44	59	25	8	10	50	54	62	25	26	16	53	63	58	36	9	44	21	6	35	4	18	5	50	55	27	41	64	15	22	17	56	13	40	
63	22	22	49	17	44	1	30	31	58	16	64	65	60	19	4	24	17	19	29	1	8	57	39	64	4	61	13	55	3	52	48	25	7	29	45	49	33	8	14	19	21	10	17	6	27	20	32	43	38	55	40	43	42	11	41	46	5	53	34	9	36	13	26	50	
43	65	23	2	2	32	20	14	41	36	17	3	53	47	45	25	37	17	6	10	25	40	52	27	23	18	28	58	29	51	33	2	48	56	5	45	19	20	57	59	61	8	58	44	53	33	64	20	49	63	30	7	35	14	31	60	30	62	48	63	41	14	1	21	1	
59	1	18	11	55	9	64	63	65	40	47	32	37	65	12	33	26	19	2	44	48	57	2	37	38	60	10	50	49	40	48	41	29	3	50	16	7	53	13	4	20	59	35	54	56	45	21	17	59	20	55	43	10	56	10	46	58	19	34	29	52	14	65	23	5	
47	24	9	28	34	12	46	26	43	37	16	21	51	32	15	5	20	53	13	10	60	56	54	11	18	17	62	27	14	64	30	63	22	34	25	54	44	64	14	20	33	27	50	15	57	51	23	11	38	36	19	30	29	7	40	37	26	35	59	39	28	31	42	45	51	
44	33	30	43	46	48	5	4	21	19	60	6	38	3	41	2	22	6	23	24	42	58	41	7	48	8	31	1	32	11	51	9	41	14	48	18	60	62	21	13	10	17	17	43	15	57	40	34	60	61	51	36	50	25	40	33	29	5	39	56	19	16	63	54	35	
43	6	24	29	24	34	29	36	48	3	48	38	42	12	30	39	63	63	17	20	37	47	49	40	13	38	55	26	40	40	53	8	43	9	41	1	47	64	46	21	62	18	57	36	28	20	7	23	15	22	44	50	2	24	27	13	60	10	38	30	54	26	35	25	33	
1	24	4	63	59	19	58	10	7	28	35	26	33	61	39	52	33	24	50	54	46	62	48	55	41	9	33	65	40	56	15	40	18	14	36	5	32	28	12	39	57	46	2	20	37	34	4	5	55	8	58	38	52	45	19	22	45	60	3	19	42	16	6	52	30	
29	57	58	54	3	31	43	50	24	63	19	56	1	20	46	53	12	11	35	47	34	47	30	13	47	49	60	61	36	38	23	62	29	15	50	32	42	27	10	5	21	28	56	22	47	37	6	56	45	39	38	6	20	61	33	63	41	3	2	8	38	17	4	7	24	
51	29	1	10	37	63	31	62	52	46	43	17	54	33	59	27	1	63	38	61	16	34	34	12	30	39	50	36	40	48	58	23	13	58	32	45	56	58	41	37	40	17	55	21	47	47	42	45	41	11	41	53	44	8	63	4	45	61	36	18	28	49	50	51	17	
8	16	5	63	56	46	34	6	30	54	50	9	28	29	47	37	4	33	13	11	28	15	51	8	48	1	35	7	41	7	24	43	26	28	42	12	2	16	10	32	64	60	36	23	19	17	57	19	53	10	27	9	22	8	20	62	13	52	14	46	55	26	25	5	58	
2	9	51	6	18	13	63	10	53	16	26	61	7	45	42	11	3	49	26	15	65	20	17	46	23	62	32	47	16	43	30	10	43	19	11	60	27	12	4	5	28	28	1	27	8	41	37	13	22	5	16	20	15	29	64	35	21	36	13	40	62	45	42	39	54	
50	35	14	57	35	21	9	1	16	35	2	56	8	11	10	63	25	28	12	49	25	44	4	52	58	37	48	32	15	22	20	65	54	31	51	21	53	58	23	7	27	26	49	30	21	59	25	40	24	41	29	45	19	23	34	4	61	12	43	3	33	50	62	18	36	
45	37	61	34	49	57	59	63	39	20	21	33	44	53	49	16	8	34	26	32	55	27	20	64	60	20	29	44	17	44	62	55	38	52	23	63	40	15	56	10	35	4	54	12	14	22	26	62	46	48	31	34	8	47	36	65	1	6	43	10	33	43	64	48	16	
19	37	56	32	28	65	63	29	36	10	16	1	31	12	38	18	34	3	20	9	31	25	5	22	59	22	53	23	4	42	38	27	2	33	54	27	24	51	58	57	57	6	45	28	15	14	30	51	16	46	51	47	60	52	1	50	60	55	8	63	26	42	21	30	2	
6	46	20	55	35	22	47	41	55	65	51	4	29	31	17	7	12	65	2	64	62	51	59	54	57	52	2	33	4	19	32	12	63	52	60	39	60	40	65	49	36	49	58	63	16	65	8	19	61	5	18	56	1	5	38	43	56	37	9	57	3	5	61	50	22	
55	12	16	26	12	2	62	61	43	57	65	40	62	18	35	63	38	23	53	37	60	28	25	29	46	14	17	7	8	65	31	62	32	42	20	20	39	19	15	14	7	10	52	3	30	21	1	58	41	47	33	48	5	51	4	40	62	13	43	11	10	22	14	27	44	
18	40	15	41	52	27	37	58	13	35	20	35	29	8	6	6	39	43	10	16	36	45	12	46	29	19	55	31	10	14	2	34	44	15	55	26	41	25	18	53	57	32	16	24	39	23	23	4	58	33	21	26	11	30	5	30	42	56	62	50	63	50	18	39	65	
10	64	37	21	14	23	13	45	40	39	16	65	56	19	48	18	41	6	27	2	7	53	41	1	38	25	63	23	34	27	19	30	33	57	48	44	17	58	16	47	30	30	59	6	49	15	22	19	26	50	21	29	32	62	20	5	18	8	24	49	35	46	11	64	31	
11	32	40	52	44	21	17	5	53	12	53	2	39	14	20	8	27	47	42	19	61	40	33	2	63	16	34	37	27	26	65	21	52	40	3	27	59	6	31	45	13	22	60	50	25	1	51	54	42	23	57	35	62	24	41	56	43	2	46	64	27	28	30	16	4	
12	37	53	16	65	37	27	15	10	3	34	11	49	17	49	3	63	21	59	22	50	48	57	56	3	55	12	29	64	23	26	10	57	4	24	59	32	50	7	42	51	35	49	36	39	30	33	37	47	26	60	46	5	49	15	8	30	24	31	28	45	48	38	34	52	
56	25	13	38	27	54	22	3	35	52	32	7	32	1	50	41	55	5	46	31	17	61	63	41	15	20	21	60	51	53	41	45	7	62	12	33	43	31	24	10	16	53	8	30	60	49	11	57	59	65	6	6	34	2	44	64	14	18	48	60	47	19	33	49	5	
42	20	44	8	37	51	26	24	57	49	14	38	58	50	25	40	53	35	3	56	65	63	59	59	23	61	34	39	19	17	41	4	37	17	64	1	6	14	27	1	62	36	28	52	18	53	16	3	10	16	62	5	63	46	62	29	27	38	56	45	46	32	48	9	60	
30	8	47	48	29	36	42	60	62	18	11	44	31	22	49	45	59	53	39	32	52	56	61	11	50	32	64	7	65	61	55	28	3	34	5	31	2	41	22	9	56	32	63	19	39	20	63	35	6	37	60	54	25	51	7	3	17	52	13	14	49	59	46	48	38	
48	23	23	17	31	28	6	7	52	25	34	8	40	62	9	53	65	61	10	46	56	12	1	42	19	65	22	15	40	10	34	35	13	13	33	47	11	37	36	57	58	5	62	11	4	3	2	54	64	7	32	51	16	14	29	39	20	16	42	52	48	21	64	59	1	
29	38	6	62	8	4	54	11	58	1	23	16	57	56	55	61	14	48	14	27	60	41	38	43	18	26	20	42	22	12	28	46	49	32	40	42	25	28	47	15	22	51	2	13	31	50	8	53	29	21	2	17	63	59	49	9	57	7	44	24	10	64	60	52	19	
