2	3	43	35	54	35	26	16	36	43	41	23	50	4	62	34	17	5	19	3	53	27	39	49	57	2	24	61	11	24	63	39	58	34	37	35	1	60	50	38	36	25	57	20	27	55	52	43	59	5	44	45	29	16	30	20	15	50	18	25	8	9	61	64	41	
28	33	41	20	16	10	53	38	2	6	64	53	57	39	45	59	16	22	22	29	48	40	43	30	53	65	35	59	58	34	36	21	1	11	42	12	19	25	49	18	31	50	5	23	24	47	14	37	3	44	63	47	7	46	13	56	51	52	54	32	12	26	55	8	27	
20	19	41	43	65	59	7	45	63	28	64	44	39	33	44	5	29	25	10	1	34	63	37	15	47	65	26	62	45	31	21	63	48	61	40	44	52	44	24	48	4	20	27	43	53	1	49	12	25	55	13	57	52	50	6	31	46	29	30	23	58	43	18	38	39	
55	14	23	34	37	5	37	56	27	14	40	27	59	52	50	46	62	41	30	43	44	60	21	5	18	45	61	61	63	31	32	48	44	54	16	15	57	53	4	19	64	42	45	58	26	28	33	22	2	63	65	45	1	19	49	6	59	47	1	3	7	35	35	51	20	
48	61	10	33	63	27	32	37	4	19	62	30	52	18	29	47	14	6	35	30	54	40	23	28	41	8	32	5	40	13	23	22	9	32	55	3	57	20	39	58	35	36	24	19	50	49	65	63	56	34	27	42	11	51	2	47	53	38	57	27	45	7	46	51	43	
33	51	25	49	25	18	19	57	38	37	40	21	35	35	8	1	60	49	7	42	50	52	29	15	36	53	58	39	33	43	9	64	28	32	47	50	48	63	40	19	41	12	37	2	46	45	2	44	28	10	14	10	59	42	24	26	27	16	62	61	56	4	56	17	34	
37	64	14	35	38	30	2	49	1	1	28	43	2	3	3	8	16	12	63	55	34	21	17	47	16	9	36	19	62	52	49	31	48	60	65	20	24	64	5	22	64	27	4	64	29	65	6	42	10	1	32	41	20	45	20	35	51	56	51	47	39	34	13	22	33	
10	38	49	7	37	3	3	64	65	1	27	65	5	2	9	3	30	47	22	9	4	56	57	54	42	37	25	7	48	44	34	56	16	17	60	53	18	6	51	17	63	10	19	8	8	20	1	36	1	23	44	11	12	39	52	51	13	10	58	55	54	24	41	14	40	
36	54	56	31	39	7	27	44	21	26	51	40	24	22	39	45	65	38	55	33	23	39	41	30	29	22	16	50	61	18	21	30	6	9	59	41	14	19	19	34	42	5	6	1	25	43	46	28	15	32	57	34	3	23	64	37	47	17	12	40	35	32	4	35	48	
59	8	52	10	26	18	54	28	23	49	51	63	26	7	11	54	58	43	56	15	39	18	57	50	27	29	14	56	31	46	30	22	53	15	32	13	32	21	37	53	65	22	51	23	33	58	12	18	34	64	31	6	14	24	54	40	51	2	31	16	47	57	36	35	7	
2	40	36	17	9	21	13	31	3	35	54	59	45	7	26	44	35	30	55	56	16	30	42	15	58	53	60	49	21	23	55	24	60	25	36	4	43	48	32	46	18	20	38	61	24	62	36	63	23	27	47	39	53	22	57	45	5	45	28	25	65	16	50	58	41	
12	59	13	60	23	57	10	40	27	2	62	22	38	54	43	61	33	16	48	51	65	28	55	45	54	14	42	2	56	32	38	1	24	52	58	45	44	65	20	2	3	16	25	38	4	63	34	35	11	13	18	10	39	5	52	27	17	29	31	6	58	8	2	15	50	
57	60	24	56	12	25	56	26	44	27	29	41	57	58	48	5	8	57	43	11	43	3	25	4	28	26	62	30	25	9	10	16	65	30	6	14	53	61	35	31	21	59	4	13	49	50	16	55	41	63	65	19	57	23	20	19	52	13	45	5	22	51	32	20	15	
22	28	64	16	61	27	34	52	29	46	35	13	60	22	53	48	21	4	40	41	24	56	25	33	32	23	53	15	42	5	26	63	30	27	11	25	51	45	11	14	23	44	31	16	65	11	62	19	17	36	58	37	38	10	3	55	32	54	3	7	55	39	3	20	56	
13	42	33	55	50	46	12	28	5	26	26	14	22	43	26	56	31	61	13	40	63	1	4	48	1	10	37	26	9	55	11	20	31	44	9	16	20	23	41	21	47	64	33	3	38	58	54	3	53	64	45	48	62	44	28	62	57	65	24	61	59	30	15	17	7	
23	30	24	41	4	45	21	2	10	20	40	3	8	40	54	5	15	33	1	58	61	63	42	59	19	37	46	47	49	60	51	5	25	8	48	27	55	1	28	61	22	64	62	24	38	52	28	50	13	26	42	9	21	29	64	38	53	44	20	35	38	6	39	65	11	
18	21	59	16	47	52	34	46	47	57	15	26	17	65	38	42	39	45	63	60	42	33	44	20	50	12	55	53	48	48	62	65	2	56	16	49	42	51	22	23	38	35	47	54	34	19	28	7	62	24	62	36	58	37	61	41	63	43	25	29	27	22	30	21	10	
40	65	51	21	20	5	56	54	52	42	20	2	3	26	61	25	20	31	13	54	18	49	32	57	8	57	15	29	17	34	37	58	31	22	10	50	27	65	36	9	43	55	11	44	14	4	1	31	33	12	19	50	60	49	41	65	45	52	34	57	23	62	45	53	16	
54	31	39	54	2	47	28	54	51	4	65	54	6	31	18	13	48	65	5	30	39	7	2	25	31	56	43	25	36	24	41	22	55	12	8	53	58	35	40	40	38	39	26	40	9	43	50	49	43	53	11	16	55	14	38	20	1	15	42	37	36	17	57	25	29	
63	10	16	32	49	55	3	21	15	40	22	56	24	6	30	9	14	46	63	23	17	15	24	28	59	56	64	7	44	21	33	41	30	47	5	18	34	7	38	46	45	53	36	4	56	65	9	2	43	7	25	58	19	48	26	10	35	16	20	12	37	45	52	1	28	
56	10	58	61	41	37	39	28	7	39	17	4	46	18	47	50	42	36	3	20	54	13	53	5	26	64	40	5	51	38	27	38	49	20	31	22	56	8	48	60	41	63	63	21	15	44	9	55	12	11	7	65	18	59	65	43	57	45	43	52	9	10	10	55	22	
40	9	12	42	55	4	18	51	64	36	64	38	39	53	48	49	58	44	61	51	43	34	41	13	11	12	21	16	21	8	36	59	17	45	35	6	50	50	54	45	19	52	20	57	37	64	39	27	40	28	15	14	61	56	29	7	62	46	22	16	60	58	10	1	47	
39	4	14	22	57	58	40	43	10	29	13	6	63	41	46	23	49	59	16	34	18	19	30	60	37	42	45	24	47	44	61	19	50	3	40	44	61	14	15	5	42	26	8	37	64	51	57	48	42	7	11	62	25	37	53	60	18	29	21	65	7	11	9	54	12	
49	24	3	60	40	5	35	59	11	4	56	60	59	34	36	65	43	27	21	14	12	14	26	39	31	14	47	36	22	33	44	6	56	46	63	26	54	30	19	56	37	8	49	28	40	17	25	15	42	44	29	52	57	53	25	23	62	4	54	18	32	31	20	21	9	
16	44	54	45	61	42	10	3	23	38	40	46	58	52	17	33	12	65	23	58	22	43	54	24	29	4	53	59	22	7	1	35	51	52	13	47	26	22	50	49	55	19	28	48	5	36	13	14	35	37	6	56	10	57	11	39	60	61	29	15	2	27	48	52	18	
59	29	37	15	7	20	4	23	42	47	30	10	60	44	44	27	43	32	35	35	40	5	28	35	33	40	38	58	24	21	4	17	47	39	28	51	57	31	9	31	11	34	40	6	5	16	36	47	45	61	14	22	1	41	51	46	12	22	26	33	43	23	48	20	60	
6	5	49	36	13	14	44	44	53	46	47	1	10	28	49	3	41	61	4	14	45	32	25	2	52	57	39	9	36	56	7	41	60	50	12	6	64	51	55	51	31	29	48	38	58	25	39	30	19	41	40	63	8	65	62	57	59	34	63	24	24	15	61	18	54	
2	20	45	50	1	26	14	29	8	51	17	31	22	46	49	62	18	48	2	16	39	55	3	6	50	24	27	49	19	41	30	23	60	7	64	61	32	12	22	42	58	38	5	15	15	53	10	32	30	9	44	4	60	47	5	44	1	33	35	17	11	52	31	13	58	
29	60	26	38	16	62	30	51	6	42	1	47	49	30	10	54	8	9	46	51	13	23	51	41	45	3	45	32	31	50	22	60	36	44	33	49	39	58	34	34	35	32	15	16	59	24	3	64	31	48	52	42	5	35	17	50	37	59	14	65	40	33	56	6	19	
19	55	47	9	21	16	41	50	30	56	41	52	57	42	17	39	22	56	44	57	7	24	22	63	37	25	48	4	10	39	13	25	26	62	34	45	10	11	29	37	59	2	23	50	43	37	27	60	27	65	47	31	28	6	29	58	32	64	56	33	34	5	1	61	3	
21	38	5	26	64	41	19	63	62	4	39	33	25	31	60	20	12	28	38	13	53	29	35	49	15	63	17	18	50	10	13	7	42	15	36	40	56	47	37	52	50	9	15	11	36	12	24	48	32	61	61	17	22	27	65	35	30	13	53	14	19	61	16	60	23	
40	32	63	21	3	45	5	7	58	10	42	1	33	22	31	25	19	47	45	41	46	10	65	55	60	6	5	54	17	62	64	54	29	57	9	27	35	12	43	27	20	7	30	49	28	55	8	41	36	50	16	12	59	13	64	51	21	11	39	32	1	37	20	25	26	
27	49	59	37	14	22	55	19	44	39	45	34	44	20	1	28	35	11	20	46	8	6	59	7	41	26	4	9	41	27	38	2	10	26	43	24	43	29	42	21	61	21	54	39	36	56	64	1	60	18	42	3	23	40	9	63	57	12	4	47	35	48	51	45	62	
6	1	38	30	40	56	25	58	43	61	26	27	60	24	21	12	1	23	32	34	28	27	31	35	34	56	5	65	26	49	56	29	49	33	55	36	15	12	13	57	8	36	16	7	59	37	11	59	54	40	39	15	2	49	50	28	41	54	44	60	42	15	22	19	45	
8	36	52	18	48	40	22	18	54	21	9	23	30	1	10	4	25	24	3	7	6	31	44	58	55	38	26	2	55	42	43	60	11	28	14	56	2	33	6	53	54	15	10	16	13	17	19	37	41	19	46	44	49	17	36	45	61	59	37	41	34	12	34	47	36	
45	32	35	10	36	22	63	47	30	13	59	48	30	29	19	48	4	63	31	19	32	64	5	24	38	43	56	44	12	30	13	53	61	47	1	28	6	62	10	31	7	1	14	33	39	34	13	40	25	42	49	55	38	54	15	4	50	2	46	41	31	60	26	24	51	
23	50	40	19	58	6	19	60	14	49	20	43	61	50	65	35	31	54	8	17	64	7	46	1	52	18	28	42	42	51	15	63	33	53	11	25	56	32	16	4	10	37	44	1	21	43	38	47	29	37	62	27	43	40	31	30	54	55	4	34	36	17	45	1	5	
38	23	58	64	37	60	6	5	37	7	18	12	40	62	40	10	59	64	49	31	23	9	18	8	13	48	39	27	14	39	27	43	61	19	41	30	11	42	34	44	45	54	55	17	48	29	22	39	28	3	3	50	9	20	53	21	65	26	47	5	63	16	45	56	20	
18	22	29	57	53	7	36	37	59	50	18	20	5	55	44	5	54	26	14	6	11	35	7	34	9	7	30	12	51	25	31	3	39	55	56	24	60	26	61	52	13	9	17	12	62	49	18	51	8	30	64	16	63	58	1	2	61	19	11	45	31	38	43	4	32	
34	24	19	56	17	8	63	24	6	9	21	54	23	63	59	51	50	10	42	39	59	41	32	11	49	13	36	20	52	37	45	19	62	64	7	26	63	2	31	1	12	46	54	29	44	48	9	32	55	56	3	47	23	30	48	4	38	18	27	22	53	65	38	57	58	
44	56	55	46	17	53	52	62	45	13	38	20	21	64	7	4	63	50	24	24	33	28	61	50	48	18	41	48	54	14	40	32	65	29	10	17	16	61	11	54	6	46	9	27	45	13	30	39	61	49	62	28	15	55	10	57	5	42	37	58	55	18	25	53	35	
31	2	47	24	10	33	30	61	39	54	33	50	16	6	51	63	2	7	6	59	14	62	64	56	31	52	44	37	9	28	6	38	27	52	3	35	19	26	25	55	12	57	40	25	60	16	23	59	20	27	48	29	21	42	15	49	34	55	32	33	17	23	5	41	9	
64	9	27	20	31	15	33	20	52	55	12	65	10	5	18	36	52	44	53	26	58	33	54	46	56	16	59	10	18	33	17	14	40	41	31	7	61	60	21	39	49	32	36	60	35	57	23	23	37	8	42	24	40	28	4	25	41	62	38	63	29	50	4	2	22	
34	62	7	29	17	43	10	48	13	65	15	64	20	32	33	27	9	49	1	36	45	25	5	37	56	60	57	37	1	53	56	30	47	62	61	61	40	3	41	50	62	58	52	15	19	9	41	24	55	39	59	34	4	60	8	51	55	57	23	50	44	9	12	21	5	
65	14	42	62	56	24	57	40	9	6	58	13	47	15	65	17	3	32	12	63	31	61	50	22	16	32	63	21	44	19	23	44	29	1	38	29	20	27	59	24	33	44	37	10	2	35	24	4	64	33	60	28	30	43	49	48	6	49	59	46	5	25	21	26	13	
58	39	33	23	26	61	48	6	24	59	63	55	11	54	52	43	45	13	5	18	57	43	22	36	35	1	31	51	20	52	65	10	32	26	27	48	17	9	50	41	62	47	24	12	34	7	53	13	21	54	27	8	27	49	42	61	44	7	50	63	64	40	14	13	2	
34	63	15	40	45	46	37	22	4	41	55	8	23	9	24	9	27	30	36	5	4	30	48	10	7	46	63	52	51	11	42	17	3	51	54	57	31	23	6	35	61	56	43	16	61	64	24	16	26	56	20	32	33	65	38	28	49	39	65	44	40	47	42	50	24	
30	22	57	51	22	23	44	9	61	59	2	59	15	9	20	6	26	52	22	24	19	43	1	43	42	27	18	14	64	56	39	28	10	31	10	32	45	54	37	47	44	33	32	56	41	49	59	65	24	16	23	35	57	21	10	34	43	25	44	40	38	29	3	36	37	
9	52	17	59	21	63	38	53	21	24	29	5	18	30	24	31	48	58	20	1	2	50	42	26	25	16	49	38	15	57	10	27	41	24	19	62	13	45	47	31	14	10	32	20	40	54	48	17	44	1	21	43	51	60	7	6	8	37	55	16	33	51	34	2	36	
45	6	19	25	43	47	24	52	12	44	23	63	26	34	41	22	51	19	3	38	18	8	40	54	53	54	15	34	22	15	46	64	13	58	20	52	38	49	45	48	19	60	43	42	22	18	61	9	34	62	41	59	3	16	36	50	2	48	17	27	62	56	21	7	44	
41	56	18	15	27	64	31	15	38	3	37	53	62	45	20	57	15	8	58	28	38	41	33	21	56	49	19	46	2	21	24	39	12	36	52	36	42	15	56	3	23	30	59	14	63	8	4	4	16	60	34	46	35	58	22	21	40	13	65	43	48	20	13	44	55	
1	11	21	12	57	28	28	13	16	39	3	14	42	4	22	34	34	65	64	23	5	20	62	10	23	36	41	38	48	17	25	44	31	43	54	19	63	15	26	6	53	24	16	30	25	39	60	57	36	58	15	33	9	18	41	29	44	14	61	26	41	18	2	50	65	
56	7	56	5	24	58	58	44	17	16	3	45	9	60	13	64	10	51	6	19	19	36	59	31	24	20	63	41	21	41	35	8	39	30	15	58	22	63	44	23	25	39	65	18	32	13	26	35	57	16	50	7	46	42	37	3	4	28	42	11	1	14	23	40	31	
24	30	46	19	5	2	29	36	1	45	4	11	56	33	64	6	20	5	50	61	41	50	47	3	30	56	65	32	6	40	63	33	7	41	44	63	42	10	33	43	47	31	49	35	64	59	39	13	51	21	8	25	14	52	23	27	42	20	60	48	55	53	1	58	38	
46	48	4	47	13	44	27	55	25	61	43	5	32	56	54	52	54	14	56	37	32	15	9	51	5	50	38	60	50	22	19	28	8	20	8	21	59	34	58	16	27	30	29	59	17	6	45	3	14	33	38	46	54	46	35	53	30	1	43	26	21	61	40	23	13	
47	38	6	13	28	19	42	58	35	33	6	37	12	8	55	53	44	29	25	27	56	8	52	54	51	64	10	40	38	30	54	18	2	59	30	28	5	2	23	39	34	41	21	43	29	60	19	11	22	41	31	15	49	26	63	30	14	7	4	48	46	54	64	32	49	
25	12	47	27	11	18	59	33	24	34	61	15	52	10	34	29	28	41	9	41	36	38	51	40	43	31	4	35	26	45	4	50	37	48	9	39	65	1	2	24	33	62	36	19	3	5	44	20	43	52	60	13	26	43	51	64	6	53	24	42	21	32	14	46	7	
20	17	8	17	18	29	49	10	19	1	5	63	43	21	40	29	23	53	50	54	36	45	60	22	2	23	50	26	34	20	33	55	34	35	4	49	62	52	57	53	51	58	56	24	12	25	58	25	14	38	22	45	16	7	64	15	28	41	48	59	58	13	47	27	42	
50	8	32	39	64	31	14	65	4	43	65	28	24	25	36	58	35	15	11	44	20	17	62	52	61	55	37	63	33	61	47	15	4	61	46	1	14	59	54	26	36	3	42	53	8	14	42	45	24	45	12	38	61	9	16	50	64	49	49	27	51	6	54	46	6	
26	45	15	14	32	30	43	17	18	25	24	16	1	64	37	55	11	2	39	13	15	22	8	62	63	31	51	2	4	27	3	34	64	21	34	31	46	7	52	46	40	65	58	32	6	27	13	3	35	47	14	48	20	18	33	61	48	9	62	49	28	19	5	29	12	
38	47	60	42	25	34	8	20	26	38	14	48	48	16	8	30	27	55	26	45	11	37	22	17	16	7	52	22	10	61	26	46	39	13	21	59	43	28	11	64	64	40	46	50	38	1	2	62	31	29	41	42	44	63	58	60	3	31	9	7	24	31	49	5	53	
3	52	20	44	62	17	25	25	63	5	54	49	64	48	12	24	32	51	65	21	47	59	11	6	1	16	29	30	7	21	6	1	14	22	28	1	38	51	18	33	52	5	22	51	54	25	15	6	23	5	26	53	61	28	55	60	43	15	36	39	50	31	40	42	47	
4	41	17	52	54	50	45	1	20	14	44	22	19	47	29	21	63	17	16	25	65	10	63	12	39	40	54	55	13	26	48	9	56	49	56	42	33	24	32	30	35	11	49	59	53	15	7	53	27	22	6	23	27	8	30	62	38	32	43	46	31	10	58	16	61	
43	52	28	63	19	52	46	25	33	17	12	51	20	61	2	39	64	18	15	65	49	55	38	55	40	17	11	38	3	22	29	43	20	52	39	26	36	3	53	7	24	1	47	37	52	42	10	54	59	13	55	39	6	25	27	26	48	36	5	50	56	41	10	9	11	
51	25	48	49	8	49	1	4	27	52	50	7	53	33	63	60	14	34	50	32	54	11	2	23	4	33	13	28	40	12	57	26	32	14	17	38	3	5	46	20	36	43	21	22	51	21	16	62	47	59	30	40	55	24	54	65	56	6	19	31	9	64	62	39	24	
