8	15	37	21	39	41	36	1	53	41	44	48	17	6	46	35	14	52	54	14	45	17	55	17	3	22	55	26	33	54	38	1	62	56	15	7	29	50	4	15	27	47	62	40	52	42	7	65	24	61	12	3	10	1	18	12	20	7	43	50	58	6	51	52	59	
64	57	22	47	61	34	7	40	30	44	27	3	51	24	26	44	35	29	53	33	46	65	52	50	34	37	41	37	21	28	31	18	19	49	1	12	18	4	51	45	46	10	48	32	36	8	9	1	38	59	34	13	56	20	62	23	54	39	58	11	63	25	42	14	5	
21	23	20	23	8	63	3	16	44	32	47	49	38	47	15	30	13	26	18	31	22	39	19	55	29	26	50	48	48	64	48	4	20	1	25	26	65	26	41	40	57	20	24	27	64	35	56	12	61	8	42	17	44	60	4	5	19	54	52	1	51	33	2	4	34	
26	29	30	49	2	1	38	21	21	65	17	56	53	28	51	59	4	65	37	62	1	42	15	54	26	13	38	58	14	41	23	38	3	50	21	5	52	60	21	6	56	39	59	43	63	42	36	1	44	7	62	45	46	9	31	3	22	65	61	33	38	16	5	40	1	
24	39	49	15	57	52	5	27	46	47	24	22	16	24	61	21	19	35	65	27	62	65	48	60	58	14	32	9	16	6	9	40	42	55	53	34	41	55	63	23	36	18	43	50	39	37	3	59	3	1	17	62	64	62	54	2	8	25	65	26	28	6	4	7	10	
46	33	33	35	27	52	4	44	27	51	18	58	53	7	58	52	23	52	49	19	41	40	23	61	39	46	20	42	43	18	34	19	50	1	54	10	52	53	52	11	38	2	3	24	6	58	12	27	45	58	47	21	30	1	15	1	48	31	55	18	56	13	34	29	9	
19	37	60	4	21	6	42	22	7	65	25	64	8	51	41	63	27	61	27	28	7	29	5	37	2	20	15	12	51	43	18	3	13	14	6	33	16	47	52	19	44	11	15	53	60	55	45	23	49	9	46	53	34	50	24	35	2	36	44	54	12	62	56	24	17	
57	54	18	36	38	36	14	47	50	61	41	39	41	62	20	47	42	7	13	24	28	45	24	64	22	10	8	17	63	32	20	51	18	40	21	56	8	33	35	58	29	10	30	2	3	47	48	42	53	58	65	15	37	22	12	56	31	19	9	23	49	25	11	1	4	
27	52	3	57	21	58	18	28	19	19	30	65	64	5	51	56	3	1	26	24	8	16	50	24	21	7	5	46	12	3	40	38	53	42	29	7	32	47	33	51	65	61	48	4	65	34	52	2	29	10	23	36	26	6	58	44	12	62	22	23	9	63	58	48	36	
20	52	4	1	18	51	63	11	33	59	9	1	44	8	27	53	29	63	12	34	55	55	43	49	11	64	45	5	56	25	39	10	11	41	8	26	24	6	36	56	62	46	54	40	50	16	28	13	14	38	44	65	31	21	47	37	19	23	38	15	47	17	22	55	48	
25	13	5	28	48	61	24	25	47	62	9	60	22	19	3	59	63	65	17	17	43	50	34	63	20	41	42	29	57	31	10	14	44	15	45	24	8	63	46	54	59	52	47	16	5	49	6	1	49	21	18	24	4	48	23	24	26	61	53	27	30	61	32	2	11	
65	23	15	60	3	2	53	54	48	65	56	29	3	55	12	23	4	34	24	49	53	47	5	51	31	15	7	27	38	7	35	35	28	47	30	32	48	14	16	28	11	5	57	17	58	1	34	61	36	55	43	19	37	45	1	4	57	6	26	29	13	59	64	38	39	
27	65	19	39	14	46	49	18	36	60	10	34	26	4	65	16	44	18	52	23	20	51	17	24	11	40	33	2	36	3	40	63	3	58	34	15	37	17	31	5	12	38	38	41	41	43	53	19	54	42	39	6	21	55	27	29	25	57	30	61	59	2	62	64	59	
23	7	29	40	37	32	49	10	2	18	48	37	5	65	24	38	38	27	57	23	51	18	45	42	47	39	33	49	30	33	41	50	34	3	22	5	35	8	12	31	22	59	4	24	60	25	59	36	51	52	53	34	1	28	10	46	1	43	28	44	4	6	9	34	64	
29	38	28	31	49	59	52	41	60	8	31	18	1	57	1	50	40	35	48	2	42	30	1	17	53	25	19	52	34	52	51	60	22	13	25	6	6	9	44	64	16	9	20	14	1	15	61	39	55	43	38	23	5	36	37	57	62	55	45	26	46	27	20	63	47	
42	63	43	50	41	41	65	48	54	11	46	2	6	18	49	48	55	3	50	25	39	40	20	28	16	41	1	40	58	59	13	34	56	55	19	35	30	15	12	17	25	57	16	31	7	61	11	60	63	62	21	36	32	32	64	47	9	4	23	5	53	30	33	44	18	
45	8	45	59	19	60	19	9	7	48	14	2	55	8	64	49	25	34	15	54	28	56	61	23	8	57	10	36	20	51	51	65	58	28	58	11	21	9	17	27	63	30	29	42	35	24	26	57	62	35	50	18	24	39	38	29	32	46	64	47	31	52	46	22	12	
36	30	31	44	44	55	32	8	15	7	40	41	29	33	27	64	12	42	20	50	16	48	12	62	45	59	23	26	37	42	43	7	9	65	51	50	53	13	55	1	19	29	35	48	61	61	46	4	39	63	51	52	47	63	49	22	54	2	54	25	41	18	34	45	14	
13	27	63	25	15	62	43	42	31	23	35	27	2	36	65	61	20	46	39	17	22	60	3	20	44	25	58	57	55	37	5	1	61	4	24	9	62	64	49	27	22	16	53	21	51	47	14	5	28	52	19	48	46	26	1	30	45	58	12	30	29	14	38	32	18	
52	30	10	51	11	35	5	26	22	22	12	4	35	14	28	21	30	9	65	47	13	18	24	65	29	54	24	41	15	45	52	2	7	59	50	17	31	52	42	48	8	50	49	41	62	11	60	25	19	58	5	27	16	29	32	36	14	53	9	34	33	61	28	37	53	
10	48	16	61	22	61	1	7	44	41	65	54	35	23	6	27	27	30	36	53	53	3	1	37	9	28	59	1	60	23	55	63	4	2	56	25	62	57	29	40	32	31	26	5	49	33	26	11	59	64	62	44	58	61	13	2	24	8	14	9	34	53	12	26	52	
62	48	48	53	11	20	17	37	45	18	21	7	41	27	63	33	24	42	25	17	52	24	38	53	26	46	11	13	50	39	64	44	19	43	29	28	61	45	65	42	60	16	47	35	40	39	2	61	15	25	14	64	49	51	52	6	26	1	15	10	32	12	54	55	56	
14	10	47	57	4	18	51	17	59	21	56	32	20	52	44	42	63	40	23	43	26	27	6	22	40	15	51	50	62	31	36	10	38	15	2	41	31	54	57	24	5	48	53	25	32	29	64	28	3	19	7	30	44	8	53	31	33	34	63	14	61	33	35	33	46	
20	9	11	5	63	32	6	41	17	28	7	45	24	32	47	42	36	8	20	41	52	34	56	17	33	3	12	62	24	42	42	43	46	51	45	44	18	48	17	35	10	24	13	33	55	56	15	23	64	27	61	48	60	49	64	26	51	14	21	16	47	65	48	30	50	
28	4	60	7	20	27	15	43	35	45	28	23	52	50	19	13	43	2	5	27	63	29	10	6	49	17	50	47	64	11	24	19	14	17	26	33	44	35	8	10	18	36	33	1	21	51	11	62	49	16	18	46	43	30	48	24	41	28	3	35	38	29	53	50	42	
7	15	17	41	21	26	53	56	56	53	6	39	61	62	22	11	15	1	51	39	44	10	12	6	13	45	43	33	30	29	7	36	47	23	14	62	45	63	50	37	48	54	8	43	52	27	55	64	25	40	35	3	57	44	9	58	28	59	19	60	11	30	19	65	49	
28	45	24	23	28	57	8	16	62	45	63	25	29	58	46	65	24	49	41	3	55	31	25	38	45	9	47	3	27	32	48	54	9	5	11	36	59	13	51	52	56	45	10	19	36	53	16	60	34	56	60	21	15	17	59	61	25	40	59	55	4	39	43	10	44	
48	44	30	58	27	16	48	4	21	1	40	9	14	34	40	4	26	61	19	42	53	10	2	25	5	49	25	39	23	35	10	6	12	39	60	37	53	43	40	8	41	13	14	55	45	52	56	3	45	11	39	31	14	38	56	12	27	11	50	41	47	59	46	54	32	
37	23	21	12	60	23	54	5	35	38	45	21	28	42	63	32	16	31	45	51	12	57	4	22	40	44	61	31	19	47	59	56	4	9	65	62	33	52	1	61	20	43	17	48	19	11	18	34	41	2	15	49	50	18	3	24	63	64	62	13	43	46	1	53	46	
64	41	10	46	39	5	1	19	20	48	33	27	59	63	1	48	10	44	28	26	47	43	20	39	22	30	16	60	31	58	40	29	32	47	9	4	50	9	18	2	54	50	34	46	53	24	35	55	1	56	13	45	36	37	18	51	61	31	49	24	22	21	52	52	62	
59	56	44	65	9	41	55	55	3	30	32	24	55	20	24	41	31	1	4	62	17	52	57	45	28	12	1	43	62	50	42	53	40	16	52	46	54	36	32	60	65	64	12	58	15	38	30	47	33	32	48	51	16	34	25	43	49	26	18	38	5	53	27	61	1	
9	20	53	45	52	42	44	49	51	31	62	17	60	42	48	23	18	28	38	46	48	13	20	3	30	55	14	17	16	50	19	21	4	6	63	53	43	39	34	26	7	32	40	63	4	20	22	20	47	57	62	29	2	16	33	41	6	35	46	36	18	64	35	23	62	
32	5	35	6	37	64	10	1	34	5	3	51	22	21	31	9	16	57	10	36	18	39	37	51	19	49	4	14	22	20	6	52	23	40	55	58	32	62	56	63	64	60	49	26	13	12	27	29	1	34	59	18	7	24	3	25	11	3	33	28	39	38	8	42	15	
61	34	41	55	25	39	54	20	20	4	27	30	31	53	30	60	45	47	63	1	50	19	8	52	47	32	6	16	36	48	26	31	15	7	21	38	40	7	54	54	13	12	18	37	64	44	30	42	26	28	49	10	41	46	59	20	14	65	35	44	57	60	17	58	58	
26	28	27	32	12	13	39	23	29	9	20	6	36	58	33	61	34	38	34	11	31	53	19	30	24	60	5	13	2	63	5	35	22	37	57	33	42	40	55	65	38	7	5	8	64	41	4	29	10	35	44	34	22	55	61	43	50	64	56	49	59	58	11	15	16	
1	47	54	30	34	51	2	41	56	8	37	23	9	3	29	43	37	59	60	27	50	35	11	48	19	58	41	6	65	55	21	64	36	7	28	8	58	26	43	46	31	14	5	37	16	26	13	51	17	12	10	4	38	18	49	57	5	32	59	7	15	19	20	48	22	
26	53	11	52	29	56	14	45	57	49	54	19	60	37	32	63	46	33	32	59	14	20	61	40	15	63	51	26	1	32	44	22	18	60	3	44	47	15	21	32	64	6	47	61	42	13	49	24	43	16	11	56	35	7	30	48	2	16	8	63	50	52	23	62	39	
22	35	14	31	53	46	28	56	27	14	34	37	63	50	16	15	58	4	47	64	30	30	1	40	36	61	16	21	12	5	57	30	39	6	62	24	49	23	19	10	34	44	45	29	25	57	41	18	58	26	14	32	50	12	60	19	7	9	38	20	13	31	48	50	33	
41	8	23	62	19	22	25	59	65	54	19	54	30	38	47	51	49	2	31	59	60	55	7	1	18	18	13	52	3	60	14	37	65	26	29	20	47	56	9	46	39	27	35	6	60	17	47	42	16	15	36	8	61	34	10	11	49	21	55	46	12	65	24	9	28	
40	24	4	26	32	47	64	59	16	64	51	31	46	27	42	56	61	45	48	29	48	55	13	63	44	56	7	44	1	14	62	41	37	8	4	2	55	62	58	3	59	49	21	37	5	60	27	6	39	17	26	22	61	35	16	38	23	20	11	22	36	7	62	9	4	
60	1	50	56	59	44	49	35	64	20	39	58	45	40	30	54	60	48	43	27	65	15	47	16	23	4	49	28	5	46	31	58	45	17	47	42	56	31	5	53	51	41	43	33	11	7	19	8	52	51	29	55	63	13	2	21	13	61	48	12	21	14	3	6	26	
46	36	14	11	37	3	58	13	42	18	23	46	26	25	31	12	54	13	9	63	9	32	7	47	9	16	2	20	14	65	45	59	33	56	5	4	56	61	22	31	14	36	15	33	1	39	44	46	57	51	42	60	12	48	39	27	64	38	40	8	35	15	6	65	7	
2	3	55	54	16	18	61	51	26	29	43	65	7	22	50	53	62	41	64	42	12	17	39	47	56	42	17	1	44	16	4	38	20	57	27	30	7	19	14	32	46	58	31	49	10	12	37	9	50	33	52	59	48	16	45	35	60	55	36	31	6	34	1	18	23	
26	46	29	48	57	65	23	45	24	3	55	33	36	59	12	2	37	5	47	56	43	21	43	32	49	8	34	17	7	52	39	39	31	65	10	20	57	29	65	9	29	53	36	64	42	50	63	13	51	45	65	28	60	40	1	49	46	27	58	58	11	31	16	39	30	
30	59	25	50	56	24	12	46	59	10	18	40	11	28	23	50	28	47	42	65	38	18	49	2	14	31	8	45	47	44	1	3	41	18	51	27	38	3	5	32	4	16	6	7	48	23	57	15	4	32	8	42	51	46	39	55	13	50	29	55	26	35	58	60	42	
39	16	15	33	15	45	36	30	49	43	8	1	31	9	4	62	10	50	41	55	14	28	65	55	57	53	17	15	41	1	56	19	14	10	46	29	48	14	59	22	58	63	22	20	5	26	11	14	2	50	3	24	12	5	2	7	50	13	15	31	9	23	38	21	6	
16	48	46	34	40	2	19	32	22	33	36	43	47	47	45	28	50	51	44	48	54	38	31	59	50	62	1	53	24	21	55	42	1	35	1	39	34	17	3	55	47	56	37	25	20	6	52	65	58	25	43	41	61	10	57	43	65	49	60	18	64	16	61	55	63	
50	26	16	64	26	4	45	63	37	5	14	38	54	11	29	10	54	6	3	57	38	46	48	7	12	62	60	22	46	49	8	30	5	19	31	31	20	7	27	53	9	40	25	62	48	56	5	35	55	13	28	25	53	6	34	59	3	24	15	48	2	32	14	16	32	
37	40	52	42	62	37	48	32	61	43	15	47	47	49	36	52	6	58	39	12	23	30	14	43	42	65	44	57	4	48	25	37	17	10	13	16	46	59	41	39	32	55	20	18	38	53	1	41	50	35	52	2	3	63	42	45	56	19	32	54	7	53	23	19	8	
33	25	40	22	65	14	52	53	31	63	23	20	58	63	60	29	48	59	27	43	34	62	30	52	32	18	50	19	42	1	10	7	21	52	25	23	61	11	6	28	15	25	41	64	24	36	25	5	26	46	45	57	42	16	43	3	24	37	16	64	21	44	10	38	5	
25	55	63	37	55	25	40	14	63	39	38	26	61	31	49	44	8	43	16	15	15	22	36	41	33	33	57	54	28	28	58	50	24	56	17	5	10	55	20	3	30	50	27	23	13	9	59	18	48	9	32	62	29	63	35	55	34	42	46	52	60	34	45	65	51	
53	2	32	40	17	33	64	64	57	16	9	5	10	26	52	13	56	42	40	50	9	25	10	31	4	61	18	35	32	12	60	20	11	21	58	43	63	55	24	44	65	30	42	6	54	20	23	45	60	3	25	7	12	41	30	13	28	47	44	57	50	36	15	8	61	
59	31	39	63	44	14	46	8	55	49	58	6	65	33	2	57	56	10	60	22	29	6	51	4	49	43	54	16	45	47	7	37	5	40	15	45	60	57	53	40	40	42	43	38	8	48	20	63	56	14	24	3	19	3	11	1	47	58	16	17	41	19	59	38	13	
3	17	44	2	64	19	30	50	1	6	49	35	18	43	10	29	65	12	55	59	21	45	32	6	60	46	46	11	39	15	1	33	28	44	22	31	56	51	64	56	47	43	16	63	20	28	26	20	34	8	6	53	50	42	55	52	17	41	52	59	43	54	13	5	27	
34	31	26	17	29	7	61	6	14	58	23	42	17	35	5	20	40	53	2	9	39	44	25	8	27	11	44	18	13	49	37	46	16	54	61	40	51	65	43	64	45	1	34	60	33	36	21	10	22	23	30	63	55	38	4	12	52	48	24	56	19	56	31	30	57	
24	6	26	13	43	23	56	41	58	48	11	24	57	13	53	5	32	34	59	63	27	2	36	9	22	21	22	10	49	54	52	7	45	10	16	17	34	4	60	20	49	65	44	40	12	18	42	36	63	32	31	8	33	4	4	50	21	17	59	14	54	47	9	35	55	
31	49	33	26	42	36	9	34	10	46	50	28	23	12	9	55	40	14	21	40	17	1	59	30	61	61	24	36	6	47	22	26	26	38	49	60	9	58	26	18	37	65	51	65	8	54	44	48	62	4	20	11	58	15	41	49	16	56	17	7	43	45	39	59	19	
14	58	17	8	12	38	39	12	9	29	16	55	7	60	54	64	11	59	56	21	32	37	24	20	59	29	55	23	58	53	31	5	35	47	18	45	13	44	61	20	17	62	8	15	57	56	7	19	65	60	22	16	39	39	36	14	1	22	34	63	2	2	61	41	3	
4	11	56	43	58	8	50	53	18	57	40	10	62	37	55	1	59	13	15	30	35	28	26	56	63	16	64	61	9	27	46	7	48	24	48	22	31	28	7	47	18	51	52	12	17	32	63	16	34	20	25	5	40	53	56	33	63	60	23	6	3	15	19	34	14	
59	60	44	19	60	21	35	52	65	50	57	29	42	56	60	58	15	62	29	62	59	54	63	33	6	1	32	64	5	2	9	61	52	53	20	46	4	48	23	1	28	6	32	3	60	30	51	7	27	6	16	2	65	58	40	60	55	5	10	55	8	63	49	41	45	
63	21	51	42	45	47	11	42	12	1	42	36	52	39	56	57	41	48	46	32	10	40	16	2	34	5	62	24	52	32	3	44	54	49	23	47	38	20	62	43	25	33	4	9	2	50	58	41	35	37	5	40	10	22	44	53	22	30	59	19	62	60	50	49	65	
3	64	6	20	1	43	34	24	52	35	25	44	32	65	57	3	5	36	6	37	3	41	45	46	33	48	27	27	40	7	2	45	8	11	49	64	58	17	25	24	53	43	50	12	47	59	7	54	3	18	4	9	62	43	42	18	29	62	51	55	65	45	21	3	60	
5	64	34	15	23	54	1	58	36	12	52	9	19	10	10	26	10	15	11	50	49	33	18	44	7	62	48	51	13	56	31	13	40	61	27	57	46	25	62	16	35	17	22	47	24	31	8	37	42	15	27	22	43	32	63	60	21	45	28	30	20	55	40	59	44	
6	50	23	24	25	40	57	39	4	33	64	21	40	29	59	54	47	16	29	5	13	7	20	53	27	51	64	25	26	51	61	21	30	12	41	52	1	27	25	36	60	20	54	34	56	46	20	31	61	48	25	14	50	54	56	9	26	55	20	62	37	9	65	63	35	
41	51	64	3	6	30	59	23	23	25	3	62	43	26	58	22	51	63	7	35	56	12	53	39	37	34	9	38	34	8	54	11	52	47	32	55	11	1	13	27	21	15	28	60	41	12	17	26	18	24	57	61	27	39	46	65	10	40	31	39	44	20	47	33	2	
