50	36	4	28	24	50	29	54	23	35	62	45	23	34	47	18	39	38	61	59	11	24	30	34	25	44	33	59	21	53	47	20	56	13	50	51	60	13	40	15	45	37	60	2	1	39	22	39	9	13	31	19	36	58	50	57	36	16	50	55	3	30	6	57	41	
55	39	34	65	11	49	44	43	41	46	44	12	63	15	20	8	45	38	47	38	21	32	6	36	14	60	36	48	65	27	17	53	63	50	51	7	30	29	49	3	9	25	16	2	40	33	10	18	4	52	54	23	19	59	56	28	57	31	5	49	58	22	35	61	1	
19	55	28	45	36	30	49	61	43	50	33	8	56	49	11	39	36	31	51	28	22	11	12	48	14	58	34	32	27	14	30	46	1	56	23	37	20	5	35	61	52	62	3	42	45	13	13	15	42	63	40	63	4	51	47	16	44	10	45	6	22	9	47	24	62	
1	58	15	5	22	10	56	18	10	30	61	19	40	8	60	35	48	55	38	31	32	53	7	41	33	9	60	39	53	17	34	53	11	47	57	29	54	45	46	62	9	42	15	49	50	9	16	27	63	51	57	28	36	64	2	1	12	62	37	59	13	4	52	19	65	
37	47	39	14	26	35	21	64	48	1	43	53	16	4	48	65	61	9	34	57	9	36	61	5	5	54	15	7	33	31	57	2	11	28	15	38	61	40	32	42	41	10	30	49	11	12	45	6	21	13	60	29	45	56	31	49	41	44	53	8	6	46	7	17	18	
20	47	65	52	14	41	20	21	3	3	31	15	47	35	33	58	29	59	35	17	23	14	60	62	2	63	2	43	3	16	45	22	64	44	8	8	18	28	26	20	30	55	32	9	24	64	1	50	56	32	4	11	46	57	7	48	53	12	25	54	27	64	10	14	42	
16	20	58	43	45	10	5	32	42	10	53	38	7	38	26	38	35	36	17	26	41	59	10	46	11	64	65	8	6	12	48	21	29	38	61	9	45	1	38	22	8	27	57	15	61	18	52	30	50	2	53	24	57	62	2	3	58	4	9	13	10	54	19	39	28	
13	44	4	11	17	22	18	40	13	32	35	27	17	62	12	16	49	34	7	43	36	7	37	33	13	38	40	2	48	13	25	60	54	29	5	3	50	23	42	61	53	9	22	1	4	31	15	49	64	19	28	32	26	60	63	38	30	37	39	6	51	61	8	36	24	
5	38	6	25	13	65	10	21	21	10	24	51	22	5	48	41	31	14	65	23	9	35	46	46	7	52	27	2	53	62	23	54	35	30	12	45	25	26	65	47	28	21	29	50	24	11	23	55	23	20	10	32	56	60	15	58	42	36	59	33	34	16	12	64	39	
23	41	64	41	39	44	1	59	5	48	17	14	5	6	34	25	11	62	12	65	6	4	39	40	61	61	7	9	7	2	49	27	42	46	2	13	22	3	8	26	50	19	37	53	28	5	18	31	10	23	30	5	24	1	43	19	60	45	26	15	44	20	29	19	51	
27	31	5	29	35	28	11	54	65	63	10	4	8	38	3	27	2	7	51	1	49	4	58	29	30	56	7	34	16	25	17	42	56	21	6	25	51	11	13	48	7	22	49	14	58	52	40	57	58	23	55	41	26	46	3	53	35	9	19	50	32	34	24	26	54	
24	44	35	34	55	15	40	10	62	51	65	46	23	56	38	45	42	10	3	22	12	54	57	19	7	39	50	38	61	4	26	19	47	57	52	36	4	25	41	65	8	40	43	28	29	14	7	4	27	10	32	35	63	13	53	1	58	33	38	44	34	60	60	16	51	
45	48	52	65	23	50	6	60	27	33	22	40	40	26	63	49	47	30	43	58	15	44	42	47	16	18	13	10	12	25	56	57	7	51	53	26	28	58	20	54	29	39	26	64	64	21	46	59	55	24	36	62	64	14	41	13	31	53	32	38	17	11	34	16	61	
14	41	8	6	58	58	30	31	16	26	28	36	9	5	20	27	40	14	23	50	54	33	11	42	51	49	51	57	9	1	40	24	39	47	29	32	37	55	59	53	15	19	25	18	22	41	42	61	54	65	43	41	34	52	16	17	35	64	6	45	64	47	61	38	44	
21	63	61	9	55	46	23	8	3	39	27	41	15	21	28	14	63	3	44	49	16	56	16	17	62	57	11	39	52	47	64	5	41	58	13	30	36	34	36	37	7	60	10	21	18	35	33	11	38	9	59	50	64	12	65	60	1	6	40	46	53	27	51	24	19	
62	52	50	30	20	18	34	14	25	53	29	59	20	39	28	26	32	11	24	35	7	17	31	10	48	11	58	12	60	17	23	57	3	5	19	20	21	51	33	43	38	61	34	55	32	63	15	64	6	40	29	9	54	60	22	36	5	13	40	65	28	1	56	27	2	
5	46	17	53	14	57	25	7	25	14	37	19	28	31	23	64	59	32	50	53	51	19	56	60	56	55	20	51	39	44	47	41	25	61	29	40	50	54	40	10	65	11	33	26	42	49	24	33	15	6	18	62	22	8	56	12	62	8	63	31	52	40	5	11	35	
33	44	20	18	16	27	17	27	52	40	63	35	62	28	47	1	46	43	21	51	34	31	42	39	26	5	25	64	9	33	32	39	12	49	58	41	10	8	53	59	47	46	36	42	13	10	42	54	53	60	35	22	25	11	57	49	14	15	48	23	47	19	59	56	3	
48	15	2	55	63	60	35	44	21	11	51	31	49	35	16	41	5	32	65	11	24	47	22	35	27	40	15	38	31	6	30	13	17	31	3	14	23	34	56	44	42	41	7	29	9	20	1	12	52	64	25	4	45	43	39	8	17	53	41	57	59	10	61	6	33	
59	17	55	25	7	31	2	44	37	25	51	56	25	61	39	21	15	44	65	60	16	3	7	1	43	52	53	45	46	56	12	34	7	65	59	16	30	62	55	4	19	40	55	41	33	29	63	48	6	5	40	20	62	47	17	38	32	2	18	6	57	26	39	6	23	
32	8	53	26	62	52	42	34	41	18	2	2	12	49	5	5	21	23	1	64	37	36	27	38	50	33	29	8	3	24	31	35	36	16	59	26	4	39	60	40	50	63	44	61	44	45	63	65	7	62	58	36	41	17	9	16	46	43	22	51	59	55	20	25	1	
6	50	65	38	44	40	20	37	14	13	13	57	11	9	56	7	65	27	38	16	33	51	62	2	6	45	58	55	60	18	55	63	65	53	36	42	27	58	13	41	1	23	29	12	30	20	17	29	44	54	46	15	35	40	10	39	17	3	27	19	21	15	22	16	4	
40	57	26	27	2	63	27	22	26	37	52	45	51	14	21	37	56	31	4	28	41	42	43	43	1	51	59	15	55	8	16	27	65	39	54	63	38	13	19	62	58	3	41	33	16	60	3	5	23	6	34	61	47	7	36	46	64	30	62	45	35	12	9	44	48	
57	28	16	5	46	12	52	46	49	19	60	42	21	61	61	29	25	56	4	32	27	49	23	54	44	65	23	50	1	53	33	58	13	44	62	59	53	44	36	34	60	30	6	16	26	2	38	49	3	41	12	17	23	31	4	64	27	24	48	35	11	9	14	23	55	
6	11	38	49	45	4	43	6	10	56	30	10	29	12	1	2	22	16	25	50	17	20	9	40	3	34	48	8	47	5	58	52	14	31	33	56	32	15	62	39	64	26	49	27	34	50	24	53	61	45	37	10	65	46	51	63	13	30	7	59	36	8	43	46	24	
9	34	53	17	30	27	13	53	8	37	21	54	58	9	49	37	45	57	33	25	39	30	38	3	33	28	35	26	3	15	47	10	47	36	25	11	58	41	62	65	7	16	52	4	23	40	43	1	24	2	27	63	31	61	65	62	17	32	29	20	43	2	42	22	45	
51	30	27	23	24	26	27	39	12	28	59	42	60	57	1	61	13	60	29	4	57	18	21	24	36	38	64	36	63	20	5	48	49	27	7	6	52	30	43	59	54	33	36	47	25	34	40	37	26	62	38	18	14	56	40	49	41	37	17	24	56	20	11	37	46	
7	42	29	34	18	23	22	51	56	1	8	24	38	42	50	34	12	64	47	3	35	29	28	4	45	53	57	63	53	30	42	59	3	6	25	19	23	43	2	13	41	14	39	14	46	14	47	57	11	27	57	48	55	20	49	32	5	40	31	58	62	15	44	65	4	
1	16	24	44	14	36	19	18	4	34	63	17	12	53	26	38	44	5	27	61	46	57	62	18	18	47	12	18	26	9	20	24	23	43	2	35	13	19	52	12	48	50	28	59	35	51	31	14	51	55	7	31	49	1	47	65	47	58	13	10	1	32	29	29	11	
28	54	20	46	40	29	27	23	54	20	56	39	52	2	22	40	8	51	18	6	32	13	50	22	31	53	21	58	16	41	63	43	28	15	20	65	43	47	24	32	65	12	3	48	10	25	21	16	14	38	19	42	49	4	59	9	61	13	64	4	55	58	45	12	5	
59	12	47	39	31	11	37	38	13	19	45	36	41	58	43	10	10	15	58	14	6	64	1	20	59	2	1	49	42	13	53	35	22	34	9	50	44	42	21	54	61	64	23	32	57	62	48	1	16	29	11	18	25	9	30	18	8	28	3	52	40	51	17	60	18	
22	41	60	62	60	48	55	59	2	21	48	63	58	46	5	20	57	17	45	62	44	60	4	4	58	49	41	44	64	32	61	18	7	54	13	1	33	6	65	35	23	38	31	10	17	36	29	7	49	6	3	25	65	5	28	56	49	8	31	47	32	24	59	38	12	
4	37	43	4	27	11	24	63	39	33	14	6	59	19	53	64	20	10	61	21	36	49	2	44	14	46	3	40	39	38	48	45	9	24	47	35	34	1	48	6	31	43	11	25	61	59	23	13	4	17	31	51	1	30	7	15	16	7	50	46	54	29	20	52	56	
61	18	16	60	47	19	25	25	28	49	18	20	1	28	24	17	58	56	14	26	62	22	27	6	4	5	44	31	29	28	13	18	45	32	15	27	47	37	49	7	16	64	23	21	27	43	30	17	33	42	39	26	2	63	34	65	3	4	35	36	29	40	46	9	65	
54	33	44	23	15	50	38	12	8	52	39	48	16	55	15	57	24	41	52	27	1	49	25	2	13	50	31	48	22	37	46	11	2	24	30	15	6	4	28	11	56	60	58	2	47	8	58	9	46	43	25	45	25	49	43	35	27	14	15	53	42	59	55	51	17	
19	59	21	19	25	32	6	9	24	5	54	29	64	60	10	36	17	50	62	62	28	30	26	34	41	4	9	33	57	52	47	12	41	2	28	55	33	35	61	56	36	49	20	31	41	27	3	58	8	1	53	37	23	8	6	7	11	18	38	1	63	9	13	33	14	
34	20	41	65	19	31	33	64	47	61	37	5	60	27	10	53	14	40	9	20	38	2	28	45	29	26	36	36	35	64	44	2	18	22	65	39	48	29	30	28	25	65	42	17	31	40	4	36	21	10	54	49	12	15	27	43	40	60	8	7	57	50	16	11	2	
3	40	48	31	2	8	53	65	38	3	25	10	6	59	27	15	45	12	26	59	30	62	32	22	4	35	13	51	40	23	52	44	58	33	4	60	40	56	57	11	57	13	20	63	6	42	10	49	44	34	41	8	29	4	37	31	39	42	16	10	61	65	50	53	36	
51	45	5	40	34	15	28	46	32	23	49	6	30	32	51	62	4	56	31	7	17	58	44	58	6	52	52	3	36	37	35	19	14	37	55	48	56	16	28	17	39	15	18	65	41	1	61	47	54	19	50	8	9	26	64	13	20	57	14	60	22	53	63	33	21	
49	11	62	64	39	9	32	48	27	31	21	25	25	65	14	43	46	19	50	5	18	59	15	58	8	59	10	50	54	39	61	36	50	57	30	20	64	63	1	23	27	18	47	49	16	60	26	59	13	7	61	25	3	9	17	4	64	29	51	49	2	47	21	42	36	
46	60	34	42	57	56	2	11	40	48	23	30	10	15	44	13	16	2	15	18	16	14	14	43	62	62	35	47	13	19	21	57	4	45	31	60	35	30	3	4	17	28	33	20	37	9	28	51	7	39	61	26	49	22	62	50	6	32	24	25	41	33	5	48	27	
34	43	42	63	38	45	8	60	11	27	31	18	52	10	25	22	2	47	5	8	48	50	13	7	65	23	49	35	28	23	40	61	59	14	54	31	57	64	25	2	20	55	19	4	3	43	32	62	26	29	6	1	15	16	12	8	36	51	39	4	8	17	53	1	29	
36	29	13	31	53	14	49	41	31	52	38	7	17	31	30	38	37	25	46	45	28	52	12	11	25	3	17	42	50	21	54	20	44	65	49	31	12	32	6	41	18	43	48	34	4	10	63	39	29	47	17	55	29	27	63	51	28	12	20	11	26	3	33	4	65	
11	33	10	41	36	51	57	8	29	15	11	32	12	47	60	54	60	46	14	24	42	63	48	52	12	56	14	11	18	14	19	28	44	20	1	17	3	54	22	30	4	28	61	13	7	53	64	2	34	16	21	9	8	65	62	15	55	5	26	9	23	35	30	31	58	
29	9	54	17	28	18	26	55	13	36	64	65	27	63	31	35	10	37	39	5	40	52	59	32	12	61	51	44	20	45	31	47	52	19	60	12	37	14	63	49	39	56	45	3	46	15	32	4	44	8	56	5	52	48	36	2	34	18	41	51	1	5	38	46	22	
23	56	57	33	51	39	6	42	17	3	20	23	32	6	64	40	60	4	19	36	37	15	4	55	53	52	54	55	24	29	11	38	17	1	5	2	41	12	44	51	13	58	8	44	62	4	14	53	5	26	35	43	48	28	27	25	11	21	13	30	36	31	65	50	20	
2	49	56	10	23	42	31	13	45	63	6	46	14	64	50	30	18	23	8	39	50	26	51	55	37	11	25	59	5	7	10	9	55	63	16	10	40	33	22	19	29	29	59	35	20	44	60	32	64	61	5	46	21	52	38	56	65	62	47	1	4	53	12	50	52	
15	60	22	47	21	33	10	45	26	41	57	1	34	23	65	29	28	42	47	19	8	37	8	64	15	6	60	2	7	42	50	20	38	4	65	52	34	9	25	58	46	17	59	14	39	53	44	64	29	23	10	35	57	18	31	5	18	27	3	24	65	56	43	36	62	
38	19	23	44	41	13	36	53	6	35	26	57	18	20	19	31	27	51	22	42	16	21	61	47	24	12	36	11	52	3	59	25	18	17	64	54	29	20	45	29	55	62	34	60	16	37	28	43	30	44	15	34	57	6	8	11	33	40	46	2	48	9	32	56	40	
21	51	46	48	16	16	24	15	26	17	26	60	37	1	18	8	19	49	62	29	52	7	34	25	23	35	63	30	56	53	55	9	31	29	50	44	35	10	54	64	20	20	52	57	12	64	62	22	46	58	39	33	61	6	52	21	38	59	45	28	36	27	34	2	53	
17	39	25	16	29	14	39	36	1	24	46	63	19	1	41	9	37	6	2	42	55	18	14	39	60	37	7	21	5	10	7	23	43	27	34	63	42	1	38	39	26	18	35	39	15	22	45	52	12	46	33	1	64	33	44	57	4	43	11	9	45	28	30	18	47	
56	21	15	57	46	53	12	57	20	50	3	28	29	48	36	10	6	36	10	37	5	60	41	49	3	51	26	17	8	40	57	62	52	7	48	33	54	59	24	9	44	24	32	11	6	4	13	8	39	18	45	47	16	19	23	14	62	46	27	64	16	25	56	15	30	
38	35	7	30	54	9	9	16	40	12	15	42	24	23	13	42	1	52	44	30	8	55	9	50	10	7	2	22	61	11	38	33	32	40	63	20	49	65	31	23	14	43	64	36	5	10	6	60	59	42	17	1	27	15	48	34	21	46	53	15	46	37	47	11	8	
41	30	45	50	59	1	48	34	63	11	32	9	13	29	63	51	32	61	6	47	43	37	3	21	24	14	65	46	58	9	57	31	38	23	3	34	20	49	62	18	60	35	21	5	50	19	46	17	13	53	61	54	21	2	7	44	6	11	28	62	15	65	26	55	20	
30	13	39	8	7	55	64	33	9	62	16	25	42	30	35	21	23	21	41	16	29	24	21	37	40	19	46	39	43	28	57	3	48	28	10	47	15	7	11	22	2	23	45	44	52	17	65	10	32	36	26	59	51	50	25	23	63	3	61	34	28	57	34	1	13	
41	53	30	47	52	47	47	17	25	22	59	43	12	3	2	44	23	60	28	8	17	48	63	19	42	27	44	23	60	46	36	36	24	62	15	10	39	60	14	1	11	7	33	37	5	38	64	33	26	25	26	56	4	21	58	45	49	41	2	40	16	34	4	36	26	
18	40	1	12	53	62	41	57	30	41	4	61	39	21	21	63	50	61	64	62	53	41	40	23	42	10	37	13	11	5	42	26	45	35	38	30	27	60	22	51	28	31	46	64	36	65	58	19	2	56	8	43	32	45	64	6	51	34	15	61	43	43	25	20	9	
53	61	31	40	64	16	3	9	59	65	42	54	57	54	45	45	62	22	6	41	19	8	26	56	17	19	23	58	38	35	65	29	15	28	11	18	42	2	16	33	63	55	21	51	44	64	34	37	20	33	12	39	38	36	24	55	52	44	49	26	11	48	46	28	4	
44	25	45	51	42	17	36	28	31	29	4	33	47	40	47	12	48	20	52	16	45	37	65	15	18	22	25	60	2	44	62	44	5	48	17	43	55	50	65	21	4	1	46	54	39	26	59	23	43	46	34	14	13	31	32	27	50	56	20	61	30	36	31	34	57	
42	5	49	27	3	56	45	4	34	12	40	58	20	57	37	46	26	47	55	53	10	23	38	59	36	24	22	50	51	54	41	30	55	18	48	57	5	11	63	38	21	32	50	25	27	62	8	43	43	9	29	50	6	25	42	47	19	65	33	63	60	1	28	38	15	
65	27	16	13	32	54	28	47	17	55	65	11	50	41	53	48	2	39	45	2	10	25	16	7	46	12	56	52	30	24	60	29	51	5	35	65	58	63	49	5	45	41	15	38	14	3	4	20	35	57	12	44	2	29	61	46	37	35	23	63	56	18	27	40	13	
59	62	3	54	13	7	46	52	22	64	1	21	64	11	55	47	30	33	48	44	13	23	17	51	49	15	33	53	34	26	62	32	41	8	16	56	5	57	37	23	43	36	43	39	45	28	19	10	58	59	42	65	18	52	50	60	62	20	37	31	12	38	2	63	6	
8	35	36	50	6	56	47	40	33	62	19	57	25	15	46	3	55	41	16	41	20	65	37	26	37	1	32	5	54	22	37	57	53	1	42	55	59	1	27	24	60	44	9	6	58	53	11	47	28	18	23	42	17	10	62	54	56	35	57	43	41	30	32	41	25	
10	14	14	7	43	34	64	19	40	4	6	37	26	13	54	26	9	29	40	62	25	28	52	51	20	26	24	41	59	45	65	64	57	11	17	46	41	18	39	13	3	44	49	8	29	30	31	36	54	12	33	16	31	23	1	47	45	19	42	32	5	19	27	53	31	
28	22	9	24	49	20	50	26	53	38	55	13	60	25	63	4	63	8	28	10	3	9	45	27	32	7	18	47	37	33	9	65	12	12	17	61	31	40	23	14	5	21	20	62	34	16	56	28	35	30	44	36	39	60	42	52	65	1	43	33	64	41	26	19	48	
