33	28	43	8	12	29	32	45	35	38	65	8	34	18	63	42	13	14	54	16	23	25	8	44	15	26	43	10	9	10	51	24	8	27	62	43	53	26	30	20	64	22	25	31	37	22	4	50	36	58	65	56	15	5	32	39	28	7	36	40	15	21	56	41	44	
52	63	30	13	18	47	9	37	7	38	10	26	39	56	59	29	53	49	43	55	14	4	19	18	40	50	31	59	41	51	37	25	45	64	34	62	46	42	33	50	12	39	11	51	32	2	14	16	48	55	6	60	58	21	15	35	5	44	23	54	22	61	65	1	57	
34	59	34	10	27	18	20	63	26	5	27	25	16	40	7	3	43	1	61	61	11	25	64	48	46	39	4	38	39	2	28	5	60	60	14	19	10	33	16	35	35	41	57	49	13	62	51	53	62	44	49	6	2	45	49	47	18	50	17	54	52	40	58	45	36	
4	61	42	35	11	7	2	49	64	50	62	60	36	46	54	12	29	57	13	8	38	58	23	23	9	11	10	48	1	50	14	5	45	53	36	55	63	38	34	56	22	27	50	59	8	37	2	39	28	15	41	62	6	63	19	11	16	24	56	17	8	3	6	51	55	
41	36	49	13	4	37	33	29	21	22	36	56	21	5	15	33	45	12	36	40	28	44	44	52	35	47	57	35	53	42	24	26	8	6	38	9	42	3	37	61	23	7	50	43	11	62	10	53	13	43	27	34	25	14	17	54	48	9	30	39	51	46	59	55	58	
28	61	24	30	33	17	52	37	65	30	47	61	37	32	1	15	57	32	34	59	48	22	41	54	42	8	34	20	64	21	2	24	18	25	54	49	39	38	19	38	3	63	32	40	29	31	50	23	61	26	14	42	36	52	35	12	57	4	31	55	19	43	12	44	54	
65	14	27	38	32	63	37	28	29	6	55	58	52	10	52	1	21	30	36	5	57	45	62	55	11	50	7	40	59	39	27	60	53	51	31	17	48	63	43	9	2	32	3	53	41	51	54	57	15	22	62	4	2	61	57	13	42	64	47	33	44	8	24	23	12	
50	37	37	46	14	44	45	44	43	30	17	28	18	9	40	38	5	41	39	60	32	46	33	29	27	62	65	33	19	20	25	1	57	58	44	6	36	23	46	13	53	64	42	3	4	12	40	7	53	11	63	21	56	31	48	16	23	47	48	49	64	10	40	54	61	
16	56	32	39	36	44	24	31	19	26	34	28	64	39	17	7	34	33	61	61	12	11	18	56	58	54	52	62	26	38	54	42	28	20	13	61	65	36	27	15	59	58	43	57	30	55	63	1	21	57	60	32	2	8	20	3	4	6	50	22	45	38	5	3	9	
8	64	54	43	23	1	36	15	40	26	44	29	22	41	47	11	32	13	10	37	32	65	32	38	46	51	11	16	45	14	6	51	12	57	26	33	57	60	44	30	18	24	56	37	61	38	48	26	49	59	60	17	52	24	50	32	19	58	47	53	6	55	39	20	44	
60	44	34	52	23	64	4	43	51	40	37	23	21	60	6	9	54	18	60	12	65	26	20	55	7	5	59	58	39	6	35	31	50	65	19	5	62	22	47	46	59	16	3	13	10	8	19	61	21	14	11	20	38	24	25	41	26	1	32	62	15	63	27	55	2	
42	59	57	61	38	37	53	53	39	61	60	43	14	55	64	25	60	16	59	16	24	33	39	23	62	35	29	57	63	17	54	34	8	44	29	45	15	13	31	52	8	25	28	22	13	26	46	5	40	37	18	65	2	56	17	1	27	45	58	19	61	41	49	2	20	
10	45	31	22	10	16	30	33	43	51	45	1	29	47	39	65	64	33	2	54	50	61	11	29	48	24	22	21	8	22	36	17	3	4	37	7	15	5	37	55	51	14	55	12	60	26	9	58	59	9	44	41	13	52	6	48	15	23	1	18	42	36	32	40	35	
3	45	47	1	16	36	49	30	23	60	24	49	4	15	40	10	56	17	10	43	14	57	53	35	56	6	11	24	32	48	59	33	27	40	33	44	12	17	5	31	9	26	14	12	38	51	20	29	63	28	6	13	18	58	44	8	60	52	34	24	37	22	56	61	60	
24	38	5	38	39	33	46	64	47	57	36	30	10	64	26	37	2	35	52	59	13	57	51	63	20	10	32	42	63	23	36	19	57	41	56	29	5	40	25	49	26	59	12	34	55	37	3	57	4	53	48	14	44	32	9	65	43	38	45	50	59	11	60	58	54	
45	13	45	14	36	30	38	29	41	3	18	9	5	7	10	57	55	21	34	22	29	32	59	63	4	31	56	9	16	40	52	59	51	30	8	21	58	42	48	28	43	62	34	47	4	44	36	60	62	6	11	24	35	11	21	37	30	12	44	46	49	29	42	34	63	
43	52	48	20	34	8	60	32	41	41	33	17	11	23	13	13	35	36	47	36	54	16	65	1	59	45	49	22	16	15	12	61	2	56	11	37	64	6	61	38	45	28	53	53	50	65	5	15	39	45	51	19	60	46	21	55	24	3	7	39	14	18	32	25	4	
42	47	64	46	40	35	23	3	22	8	48	19	6	63	49	50	43	4	42	24	19	27	46	18	31	19	30	43	51	42	53	22	21	45	65	60	12	25	61	34	28	43	52	32	39	33	14	15	37	54	36	50	16	16	1	43	38	28	20	12	2	64	41	20	44	
32	13	55	51	7	20	12	47	3	42	17	34	53	30	65	41	1	49	56	13	49	30	44	8	47	57	10	45	20	27	20	52	39	7	36	44	26	45	23	26	19	40	59	7	5	56	58	1	43	32	15	22	61	54	27	46	41	35	20	60	60	48	50	37	45	
11	10	4	53	32	31	7	6	21	12	8	11	55	7	50	21	17	3	16	5	30	56	45	62	13	37	58	48	14	22	26	24	32	28	12	61	57	18	2	19	26	9	22	15	13	5	35	33	7	48	32	36	37	20	29	44	46	25	24	57	38	48	23	1	27	
23	59	65	38	60	9	61	1	28	10	11	32	44	37	36	24	1	5	58	14	28	38	53	45	57	42	13	41	55	11	48	12	5	46	47	62	54	42	62	15	49	3	51	27	40	14	52	38	17	43	50	42	15	32	22	1	7	31	40	63	53	20	6	56	64	
50	39	47	27	33	59	8	33	38	35	5	51	15	43	65	55	22	42	64	52	60	64	58	25	36	51	62	53	56	41	49	39	11	28	63	46	21	7	10	65	37	15	44	52	57	45	39	12	15	40	62	9	33	1	32	4	40	28	54	28	3	34	64	13	61	
61	51	17	2	58	7	39	5	48	21	59	22	60	3	37	31	64	43	62	51	7	63	23	32	50	49	30	18	47	40	13	44	23	26	40	16	30	10	18	14	30	12	32	24	14	65	53	11	41	52	64	46	45	15	11	27	1	40	55	42	15	54	19	35	25	
56	48	39	65	1	49	29	12	15	51	23	13	38	32	52	19	25	33	63	41	43	23	34	15	2	10	33	49	24	62	58	14	44	31	11	44	16	39	55	27	26	17	37	60	42	24	18	1	54	6	40	29	28	4	45	25	20	5	8	34	6	65	47	44	30	
57	21	40	29	8	65	48	18	36	43	59	59	49	58	47	52	28	9	12	31	51	37	42	56	41	8	55	39	55	32	1	44	54	38	5	63	37	53	11	6	25	2	64	8	62	46	58	19	49	4	47	35	40	22	23	14	28	10	51	15	50	60	57	24	26	
59	15	56	44	23	61	3	24	57	9	14	33	1	30	18	4	11	50	41	29	6	54	54	13	37	2	51	20	58	8	38	49	22	28	28	45	23	28	7	13	36	15	45	39	42	63	40	52	46	13	16	47	64	64	60	35	65	45	62	55	55	27	43	6	53	
64	48	8	26	49	20	62	61	64	31	37	63	2	21	34	15	33	15	13	30	8	48	29	50	34	16	34	59	52	38	45	50	20	54	9	1	4	11	59	3	32	35	57	36	51	25	46	13	39	56	40	53	36	6	27	5	17	60	65	7	31	37	48	57	22	
56	49	24	56	40	24	21	5	16	52	50	40	30	61	11	20	35	55	57	33	15	58	47	8	51	46	36	22	29	18	42	22	64	64	10	39	22	26	41	36	13	25	17	41	19	19	60	52	6	62	23	20	43	63	25	28	43	65	44	4	27	31	34	9	16	
26	50	35	51	20	6	60	44	13	35	61	31	27	45	37	14	62	54	47	58	14	2	34	9	45	36	18	63	55	25	9	15	4	47	61	24	49	55	1	59	22	60	23	51	39	64	56	34	45	38	23	3	37	54	65	14	28	14	10	11	38	16	24	42	5	
17	63	41	7	61	31	28	55	53	11	27	44	64	57	24	34	14	14	3	3	10	18	25	26	21	34	60	36	62	33	29	7	30	64	12	25	31	36	13	17	45	37	60	42	35	16	7	40	32	8	39	39	22	64	63	43	47	54	11	20	23	35	38	49	33	
30	6	59	64	18	10	41	52	3	14	12	18	23	51	45	25	24	19	46	17	13	20	45	2	28	60	20	65	13	3	29	40	8	29	39	25	30	15	10	32	25	31	48	43	7	25	8	26	43	47	42	54	64	27	52	33	12	9	35	24	11	50	63	12	16	
34	35	32	45	42	62	1	63	44	41	2	1	41	26	42	22	65	30	18	17	16	42	28	20	65	52	23	47	44	34	50	13	5	15	54	43	9	56	38	51	29	38	49	4	61	24	20	59	53	35	10	65	12	34	30	9	21	40	53	61	6	36	5	7	55	
58	47	60	43	19	39	3	54	24	4	49	45	22	42	28	54	48	26	65	15	44	6	29	14	61	20	18	29	25	24	11	13	7	2	55	21	40	57	10	62	57	56	38	11	31	1	12	11	27	63	23	64	3	51	10	9	6	30	22	32	59	31	46	52	30	
29	5	2	17	14	3	10	5	32	17	35	30	19	40	51	13	62	46	15	48	55	7	52	14	30	11	61	55	49	47	19	8	50	21	23	63	14	29	65	45	50	30	9	62	4	56	6	4	36	18	53	25	24	29	39	49	40	32	38	19	12	57	27	63	28	
49	58	21	10	56	64	54	20	3	47	21	62	57	22	28	2	3	50	24	27	21	8	63	53	42	17	64	30	41	59	37	23	52	55	31	38	51	19	56	60	64	10	45	48	33	5	61	27	65	8	1	8	14	50	58	6	9	11	17	41	47	4	7	31	37	
20	2	22	36	57	11	34	65	52	17	28	55	64	53	42	6	39	51	15	23	45	2	21	30	16	54	12	1	43	40	40	62	39	59	32	29	3	1	26	50	15	54	41	13	44	18	19	9	64	31	28	37	29	44	4	45	33	9	46	5	48	12	8	22	7	
33	53	1	31	9	51	43	57	22	55	27	35	7	34	31	32	59	64	60	36	63	39	65	10	14	12	54	26	3	11	26	37	56	27	2	65	10	41	53	29	27	12	4	30	43	28	60	38	24	55	8	20	26	13	33	40	6	15	63	16	18	23	41	17	47	
39	2	58	11	52	20	40	63	17	1	41	41	59	10	62	46	14	20	6	17	42	43	22	51	38	29	3	59	4	8	44	42	9	30	51	64	47	24	56	60	21	32	33	14	34	30	65	46	45	2	61	19	48	16	2	15	44	8	5	47	10	41	25	15	13	
7	9	49	28	61	42	47	22	9	59	54	38	50	33	16	47	26	34	18	44	33	29	17	34	32	61	42	4	15	56	8	21	62	54	45	55	35	25	12	39	16	65	9	1	28	23	49	55	53	64	26	27	22	43	53	50	36	29	51	52	19	58	3	14	46	
48	3	7	5	13	43	20	8	54	19	33	10	61	18	2	58	43	22	14	18	1	60	52	27	46	34	44	36	36	54	15	16	56	23	20	4	62	37	3	47	55	34	62	49	52	45	39	27	57	51	45	59	46	27	24	25	63	17	59	28	48	6	40	37	29	
58	34	18	27	37	62	15	4	48	62	53	25	33	14	16	16	58	4	1	16	20	17	6	12	10	32	57	13	7	26	34	63	59	49	23	28	45	36	35	25	30	19	54	64	43	3	21	22	1	5	33	23	20	38	29	29	3	27	39	9	46	2	3	47	51	
25	64	28	60	28	53	22	43	34	18	7	36	28	24	29	31	61	47	48	26	7	9	26	31	40	33	5	42	35	41	27	57	38	50	49	65	37	6	42	4	21	51	32	48	6	59	11	59	44	57	17	44	63	41	3	35	8	7	12	39	54	33	30	17	19	
12	16	52	17	59	53	35	38	18	16	42	11	26	35	48	17	50	23	10	25	27	45	30	29	53	65	9	24	28	29	38	39	39	22	53	31	10	32	64	27	40	40	36	61	8	14	8	56	47	19	13	62	62	44	25	49	37	33	2	1	53	45	51	34	59	
18	50	3	37	50	27	7	21	61	2	28	12	9	16	43	24	30	39	20	63	61	5	35	24	3	38	11	44	60	33	33	12	17	33	48	63	59	54	19	53	56	45	58	60	64	34	22	18	7	36	15	1	40	47	26	37	10	29	11	65	62	43	13	11	8	
58	7	64	47	22	48	42	1	45	24	56	7	43	7	9	18	19	6	44	62	26	15	2	52	29	1	50	1	11	57	10	3	61	5	46	20	53	8	16	24	33	3	30	17	10	36	15	27	41	60	21	64	23	22	51	31	21	32	31	34	20	38	35	28	41	
9	31	26	16	44	49	50	46	9	53	53	47	62	12	17	54	32	24	58	51	65	23	6	33	51	40	47	25	62	60	62	6	23	32	18	1	5	62	45	17	44	30	54	41	48	6	28	8	19	18	55	29	40	57	44	34	35	25	49	21	20	41	22	41	65	
39	40	64	33	15	12	11	42	63	50	16	3	10	19	20	28	6	35	4	61	17	25	24	36	5	38	53	46	61	26	39	31	65	35	64	10	50	9	51	42	57	1	47	1	18	60	26	19	29	27	14	43	54	30	8	50	2	59	26	62	16	7	23	21	31	
19	18	9	25	1	50	14	64	27	13	13	16	40	31	42	63	44	28	45	6	21	30	5	10	54	64	23	49	19	35	17	38	47	16	59	46	1	8	46	22	20	56	39	55	21	7	53	62	19	32	2	38	60	4	52	48	2	26	29	23	33	42	56	13	3	
46	56	44	53	35	58	5	23	21	61	43	28	45	36	53	9	37	17	7	38	59	42	38	64	64	55	24	31	48	34	9	22	25	52	7	57	38	12	13	63	65	4	21	42	22	64	62	2	16	47	28	10	23	3	2	26	54	25	56	27	59	1	48	15	40	
52	8	10	58	17	3	59	2	25	34	23	24	16	13	34	62	38	40	18	35	41	38	26	65	22	48	55	11	28	4	48	18	8	60	6	27	61	63	28	16	28	46	35	44	56	9	38	30	41	55	58	15	31	12	14	44	57	19	53	19	5	35	29	10	32	
35	32	18	34	57	38	54	36	65	29	25	65	3	48	41	51	40	52	11	51	61	53	42	60	39	59	63	7	22	5	30	54	37	46	16	25	13	4	58	8	31	16	6	29	1	43	15	42	33	23	24	25	9	62	19	45	55	13	57	10	17	14	64	50	56	
10	11	6	13	64	13	44	12	12	4	9	55	17	46	19	35	1	45	41	65	56	18	48	1	1	57	15	12	54	61	65	2	65	3	6	5	4	46	8	15	51	18	7	63	60	20	29	60	55	4	52	49	19	34	47	18	23	57	27	9	58	27	4	49	33	
13	45	29	54	51	41	34	7	42	28	59	57	56	52	45	59	46	21	17	6	64	31	27	58	53	43	37	12	33	20	34	38	63	61	25	47	38	56	49	10	17	39	62	8	23	39	1	65	59	9	62	55	32	23	40	19	54	14	30	24	29	5	57	26	56	
14	4	25	2	48	29	18	20	30	25	45	59	24	33	55	27	30	44	5	50	12	10	36	23	43	55	1	33	44	7	23	58	10	62	59	56	7	16	7	37	34	46	26	53	13	11	14	41	51	5	29	56	17	59	11	52	49	61	15	31	65	35	20	8	21	
6	61	19	15	2	45	51	48	1	36	57	7	46	35	49	49	60	37	59	47	52	40	23	39	55	53	35	17	65	41	31	64	34	43	21	33	22	59	14	22	38	5	25	5	54	10	13	20	43	50	63	26	16	23	58	64	3	28	16	55	4	41	61	35	18	
63	12	37	57	14	60	15	16	16	20	47	27	4	64	3	47	59	25	8	11	10	59	9	35	6	63	38	45	50	10	61	46	4	33	35	15	23	49	29	40	1	8	65	5	5	58	48	14	18	42	19	28	34	14	54	36	9	21	16	2	19	13	35	22	40	
4	33	63	50	62	34	55	2	31	51	6	14	35	2	18	8	9	30	38	21	18	9	32	28	24	19	41	37	53	64	6	56	26	1	38	22	42	21	20	60	7	23	6	45	25	21	43	31	52	14	54	58	22	17	16	43	39	13	36	29	57	12	10	11	15	
44	27	44	62	46	36	64	9	49	33	25	2	8	56	56	21	41	38	40	51	53	19	17	42	21	58	20	31	37	27	43	9	55	17	4	30	53	65	31	26	32	57	18	39	45	61	59	21	29	34	1	12	47	15	5	63	45	16	26	13	27	15	20	29	16	
21	40	11	18	4	25	49	58	42	23	38	36	12	49	4	40	46	7	17	64	54	13	37	53	44	44	14	35	2	24	55	20	60	48	34	3	6	17	52	54	39	19	15	46	64	19	16	42	22	33	34	3	41	9	53	30	45	63	59	39	26	25	53	9	10	
20	17	9	40	55	52	6	8	2	42	13	8	57	50	21	20	15	21	9	19	22	4	54	7	47	27	22	14	11	31	10	30	35	18	1	22	11	60	32	65	41	33	5	26	16	25	45	25	46	39	35	57	41	28	59	21	51	11	37	58	43	44	36	10	60	
15	29	53	9	53	54	42	25	55	7	32	11	47	56	57	23	27	48	57	45	27	12	25	40	38	18	16	6	34	14	56	45	41	39	51	26	23	28	45	11	29	13	17	10	64	4	26	24	42	17	65	5	30	23	38	62	35	46	65	3	58	59	45	33	24	
31	55	46	58	41	52	19	43	4	27	40	5	51	62	45	26	58	53	28	20	25	21	49	63	23	47	2	4	30	36	32	59	7	7	43	39	56	61	15	57	24	51	63	5	47	38	17	37	20	29	49	39	44	33	31	64	11	22	1	32	60	23	18	41	34	
59	19	17	55	24	14	13	10	64	15	52	36	20	23	58	38	7	24	21	35	62	10	43	5	8	9	41	28	23	14	57	15	29	3	3	48	6	27	53	4	35	38	40	33	60	30	3	64	50	18	31	35	26	18	41	33	12	12	60	36	25	47	54	45	49	
47	22	61	55	10	56	6	50	33	35	39	64	37	38	44	53	4	8	13	9	42	46	17	57	35	63	17	14	31	52	61	11	13	65	63	14	41	3	59	1	37	29	53	7	2	22	23	2	26	12	20	16	44	25	49	18	7	62	25	35	39	19	43	48	63	
40	56	33	41	48	32	16	9	14	25	15	36	13	8	59	30	13	58	49	34	46	62	50	37	18	8	6	51	48	45	47	23	36	63	60	23	24	20	23	42	44	28	10	28	53	17	31	48	56	11	22	38	5	55	59	21	59	2	61	43	39	17	1	12	52	
