39	11	47	74	52	30	64	3	4	48	80	13	73	32	38	39	68	10	45	37	71	60	56	61	72	18	10	1	9	29	45	35	69	50	37	70	29	51	70	31	15	68	75	37	49	27	74	34	66	68	20	54	46	25	32	67	40	71	16	46	17	58	31	36	57	65	22	3	76	42	62	77	59	51	33	25	78	55	8	59	
40	57	63	35	79	12	19	69	33	64	64	47	72	12	32	46	27	3	79	9	42	58	3	18	27	65	73	52	36	77	60	26	3	41	59	80	2	75	20	32	8	1	28	78	9	61	43	33	62	37	71	49	44	23	66	68	5	6	70	74	33	48	13	33	4	69	67	7	13	10	64	21	74	11	14	15	64	16	62	76	
69	50	38	30	70	52	48	24	55	34	12	37	78	54	68	32	40	47	33	2	42	14	18	33	53	60	62	34	61	73	55	46	41	42	25	59	43	70	35	49	22	42	3	49	45	67	78	36	63	60	39	22	23	49	4	73	26	63	56	35	5	28	78	74	19	57	51	59	44	33	27	11	72	23	58	66	64	6	20	21	
62	50	39	2	48	40	24	24	53	78	56	7	55	4	79	72	54	79	49	11	29	69	52	50	41	59	33	77	61	51	14	73	48	57	24	13	39	46	66	41	42	43	46	45	73	74	34	44	70	80	4	16	18	5	15	58	61	47	51	60	43	17	63	40	20	3	3	6	64	67	40	36	55	35	79	65	58	68	38	45	
11	72	10	27	74	22	33	5	17	33	75	57	45	53	15	55	53	16	6	49	30	44	34	3	28	62	77	4	42	33	78	50	54	6	26	77	58	56	79	71	7	70	80	1	40	42	8	43	6	9	41	33	2	72	65	59	52	60	61	46	12	8	14	13	43	66	18	17	39	4	38	76	23	36	25	13	24	28	63	29	
66	43	9	65	32	72	41	33	49	51	73	8	8	34	18	48	16	22	62	4	55	17	29	76	79	51	6	20	76	10	76	11	48	3	74	30	24	64	60	70	64	2	27	69	64	42	34	31	13	45	31	67	12	57	11	14	57	15	58	51	52	5	11	19	35	2	44	56	21	53	43	78	51	68	62	36	59	46	11	71	
7	39	4	16	45	12	54	19	55	29	19	23	61	28	68	14	59	59	67	71	28	62	64	28	76	75	9	52	37	17	70	73	5	23	8	47	32	58	16	36	38	32	10	14	11	73	57	65	1	42	53	26	19	66	3	12	13	10	15	77	56	32	68	59	52	72	55	33	78	68	69	63	18	23	27	24	45	2	40	44	
40	41	19	8	57	20	49	64	59	60	10	64	9	74	40	59	14	13	41	12	78	57	21	45	77	44	19	42	42	7	33	79	46	51	36	19	18	3	34	26	60	47	8	22	63	77	27	74	39	65	32	67	71	50	29	65	11	80	54	51	1	4	2	76	3	67	44	52	65	75	26	5	63	31	41	43	58	65	35	14	
79	63	78	67	62	56	1	71	51	53	71	2	54	19	74	6	1	36	55	63	59	77	6	40	57	45	80	31	27	64	74	58	76	21	71	60	75	69	76	3	39	65	25	43	32	49	46	33	2	50	43	10	43	47	47	52	9	77	30	66	10	61	37	3	72	25	8	68	48	4	11	7	14	34	73	44	76	35	72	28	
34	32	35	26	76	31	73	34	57	52	16	64	22	2	17	11	56	22	24	18	53	29	46	64	9	35	25	34	19	14	59	50	77	43	27	21	23	48	54	78	17	20	11	36	18	28	77	71	79	50	37	47	30	80	33	35	65	51	18	38	15	74	32	39	66	55	58	7	40	60	34	41	75	42	20	10	44	49	45	12	
13	17	55	39	47	32	71	28	32	7	58	76	30	40	32	49	12	8	50	30	16	1	13	9	72	63	48	6	25	28	46	36	43	50	72	7	80	13	64	29	51	72	22	76	31	4	41	38	8	44	17	23	68	28	60	10	39	26	14	62	3	9	15	43	56	36	79	53	46	61	33	12	52	3	42	27	4	34	63	45	
14	29	13	31	6	22	38	43	44	1	22	76	7	66	36	60	19	32	63	15	42	45	57	41	46	11	65	78	67	79	37	78	23	80	26	27	18	16	19	12	12	39	5	17	21	70	25	69	20	8	2	11	47	9	48	40	49	62	35	31	58	24	59	30	49	34	5	64	50	21	26	54	56	28	19	33	18	41	51	63	
76	75	23	39	80	68	28	43	1	12	72	53	62	79	31	28	30	33	41	72	51	63	75	24	38	11	2	1	3	73	13	77	65	33	64	61	52	9	55	80	18	74	50	30	71	31	56	50	67	46	72	32	26	64	5	13	25	32	44	27	22	54	16	4	37	78	14	37	34	66	66	6	8	33	29	76	15	7	10	73	
44	64	19	19	46	51	62	68	80	23	41	19	26	54	52	12	47	63	78	31	77	61	30	2	44	56	27	54	54	20	43	48	1	11	16	76	60	75	13	9	15	53	26	71	22	75	80	18	8	28	49	2	6	73	33	50	46	57	51	55	25	11	58	55	59	60	65	66	53	69	67	17	58	45	5	79	67	36	45	72	
60	40	24	63	31	53	60	26	59	28	25	33	68	69	6	37	79	51	47	1	59	32	15	34	71	50	61	55	35	55	76	11	12	16	23	72	18	36	48	26	9	70	57	75	9	62	64	37	65	26	38	70	7	47	52	77	46	30	80	77	2	27	37	43	71	58	33	39	41	78	62	49	17	36	44	23	45	48	59	54	
71	41	40	75	6	9	20	1	68	49	76	19	71	30	59	59	37	41	47	74	36	26	37	51	11	24	23	53	69	31	24	60	68	13	2	23	54	51	22	38	17	48	4	38	27	13	47	61	51	10	4	5	33	39	5	42	59	25	43	45	52	18	52	70	62	6	12	28	52	29	14	19	32	15	55	50	34	21	27	77	
25	28	27	7	15	29	78	23	4	70	17	5	4	67	72	13	20	80	38	69	58	48	6	1	12	8	47	34	23	24	57	2	3	33	33	14	16	30	32	13	19	46	15	49	62	9	59	79	10	51	18	57	45	52	11	53	60	51	37	30	71	43	56	68	73	6	31	2	35	58	44	22	54	57	75	65	61	4	64	10	
47	29	16	40	30	21	11	37	22	77	64	42	37	70	59	59	73	6	11	54	13	52	80	16	26	72	79	34	74	10	75	70	36	7	28	63	57	67	18	76	13	31	66	47	19	43	56	41	78	64	12	8	33	10	22	9	77	50	40	20	57	65	39	10	68	69	22	1	2	71	17	10	51	3	7	4	41	14	23	5	
73	62	73	55	67	44	13	13	11	3	62	17	63	18	24	79	31	76	69	28	14	3	68	64	1	23	43	71	32	15	56	54	73	2	27	9	72	37	20	33	70	79	47	50	15	21	45	75	14	34	52	25	65	36	38	62	57	77	4	39	40	8	10	66	36	35	74	26	20	38	12	16	34	53	6	78	80	48	22	33	
76	71	8	57	25	41	69	31	66	21	67	55	58	25	35	12	9	21	68	26	56	72	62	39	73	64	67	13	61	6	43	59	27	80	61	1	70	79	29	6	49	44	58	28	74	10	66	76	60	2	47	65	23	63	54	15	72	75	23	50	73	16	54	51	45	33	47	77	61	30	68	80	78	43	34	3	3	17	24	14	
48	21	75	68	76	46	30	65	33	4	33	55	49	5	22	42	66	18	24	77	41	9	54	57	2	5	58	34	51	30	44	16	48	35	33	43	30	12	56	13	44	6	17	9	47	68	50	55	3	22	1	41	29	52	19	60	7	21	11	54	53	3	20	14	36	1	59	15	45	62	25	4	24	71	11	8	63	9	61	56	
28	54	47	6	56	59	15	59	30	23	63	77	24	31	7	9	62	10	53	22	66	27	23	77	16	32	78	68	70	3	74	15	8	38	50	59	46	63	69	73	35	80	66	57	28	25	14	7	33	67	26	45	10	79	71	54	64	18	39	47	19	34	10	55	17	60	30	61	37	47	51	72	44	67	76	22	11	40	26	75	
53	2	28	11	78	16	62	54	64	55	49	79	78	56	50	45	63	30	23	17	74	23	36	68	7	61	7	12	17	62	74	19	61	52	27	8	20	39	12	80	7	58	26	34	65	26	76	46	53	18	10	76	37	76	13	73	54	21	2	22	77	25	38	7	75	60	47	8	51	57	35	52	66	59	4	1	1	3	41	6	
43	75	29	29	68	39	21	39	6	50	56	32	74	41	36	16	50	78	53	19	1	5	65	60	12	66	3	11	13	36	45	7	28	22	31	13	59	79	2	13	47	6	42	37	44	76	2	12	23	52	56	24	6	40	30	15	54	31	55	16	18	16	25	73	34	79	35	46	75	33	3	48	36	49	25	38	67	24	69	7	
25	44	57	28	31	37	40	2	65	13	48	30	58	63	20	41	11	52	80	3	34	32	71	19	74	45	45	56	18	63	12	40	55	66	65	4	21	54	36	35	16	5	61	71	14	30	31	20	6	59	52	62	8	40	78	29	10	72	7	17	53	15	6	25	27	20	60	44	24	10	32	38	9	6	26	48	39	22	66	64	
15	35	42	50	26	69	77	56	59	30	23	61	37	26	39	61	76	10	54	17	17	79	51	53	35	27	19	18	60	2	77	70	66	68	38	8	55	64	14	63	9	34	73	80	57	29	58	3	33	62	16	79	5	65	50	41	40	20	52	18	49	1	40	64	16	24	70	21	5	36	80	12	64	72	7	71	45	8	74	31	
13	3	23	15	17	22	2	55	69	51	24	35	79	57	17	18	78	37	30	80	66	64	41	47	4	75	34	41	31	53	19	41	56	38	5	68	9	6	72	76	54	43	60	1	20	74	11	44	27	71	73	42	48	32	39	76	58	70	67	7	40	10	74	43	77	1	61	29	8	12	21	13	43	77	16	57	22	7	25	77	
27	8	37	24	69	73	17	42	11	33	75	1	64	66	75	49	60	51	74	55	52	42	53	11	69	79	17	7	35	65	1	61	21	67	80	40	57	47	31	18	29	25	15	10	7	6	57	16	6	3	68	54	39	69	14	25	66	60	32	18	41	59	27	12	44	56	49	50	52	77	64	2	18	30	9	57	70	13	68	78	
9	6	71	77	24	34	19	7	12	79	55	2	5	80	11	47	4	57	13	54	8	28	50	51	54	10	56	66	15	41	51	53	76	70	47	17	22	15	58	31	14	26	30	11	59	72	16	60	2	49	58	78	73	27	79	75	60	52	10	76	41	19	1	34	3	38	1	18	61	52	20	8	29	56	48	78	46	52	21	74	
51	58	18	41	32	14	66	9	14	25	30	54	32	21	36	27	8	66	72	56	35	66	60	59	71	26	6	64	27	11	51	75	13	66	67	42	77	1	1	43	23	60	12	53	79	76	78	4	60	68	15	44	1	19	22	69	45	61	50	24	62	51	17	71	34	73	63	61	74	16	28	20	70	65	14	29	52	10	50	80	
23	56	23	22	71	73	42	62	46	40	77	55	8	4	73	39	27	53	17	47	11	65	8	78	43	19	44	43	57	9	21	77	14	74	48	35	63	5	15	59	42	41	31	79	73	24	36	17	25	2	27	30	20	19	58	55	36	49	15	10	54	66	35	18	60	80	50	69	35	13	45	26	50	75	28	40	51	8	7	67	
39	18	43	53	66	47	26	19	13	70	59	16	53	10	31	28	41	78	14	72	40	7	17	7	78	67	76	37	72	32	49	29	79	8	79	64	52	55	31	62	44	6	77	44	46	55	20	35	4	30	24	39	66	68	75	60	56	68	48	74	50	13	54	46	51	1	27	19	52	7	31	43	11	54	38	5	33	57	37	25	
35	10	61	17	28	53	75	30	71	72	21	70	33	73	34	80	21	9	48	70	15	76	63	52	47	17	7	23	68	41	50	19	2	56	37	26	62	58	5	78	78	24	65	29	43	16	25	64	54	70	3	64	19	13	65	18	59	69	36	44	60	31	22	58	79	77	33	8	3	38	2	1	12	66	55	6	30	4	67	11	
16	8	14	29	50	28	70	26	15	19	20	72	74	33	79	71	55	61	75	7	45	26	35	49	8	6	46	67	80	54	17	47	11	28	73	59	10	13	3	21	26	51	39	50	30	67	38	2	45	63	38	9	5	69	12	43	72	1	27	21	4	42	64	12	22	4	23	22	18	52	74	67	25	57	36	48	41	21	79	35	
32	36	71	69	21	74	27	44	24	51	61	25	42	74	37	59	77	4	30	38	53	49	53	70	23	5	35	62	55	64	15	5	16	39	69	66	26	45	26	47	45	7	21	6	76	52	13	21	53	72	57	56	40	58	43	59	63	27	71	64	8	33	18	54	65	41	46	9	78	68	4	73	14	22	75	11	24	50	58	30	
58	63	79	14	38	71	22	47	15	9	28	53	39	44	23	24	77	59	60	25	67	13	16	78	64	39	36	37	26	12	61	80	71	10	43	58	78	62	27	41	20	79	45	9	72	64	63	19	70	69	41	55	78	6	50	17	42	34	46	15	42	29	12	65	62	5	37	56	30	8	48	35	7	7	40	74	21	51	11	49	
34	80	43	32	2	42	71	72	74	34	4	34	8	46	45	67	1	31	73	13	37	69	76	71	25	33	14	43	79	54	35	63	51	72	44	3	64	30	75	55	61	27	38	18	21	5	35	20	28	57	29	14	49	22	2	65	4	16	57	36	66	38	19	65	69	52	65	41	31	6	13	9	29	7	57	12	76	11	14	53	
63	73	64	55	11	15	72	44	58	44	26	71	31	36	53	8	37	67	46	65	70	10	24	49	5	78	45	30	36	13	80	48	4	14	20	38	57	7	79	32	79	23	19	28	9	22	33	75	12	29	57	74	34	30	40	36	62	33	66	10	39	21	27	35	54	56	25	37	16	18	41	8	76	47	68	27	48	48	28	78	
74	26	68	25	53	56	12	60	39	23	19	75	33	24	59	4	80	77	62	6	44	68	45	63	42	58	8	35	23	56	31	49	79	48	21	2	61	65	59	10	1	75	34	32	48	11	65	47	37	44	78	30	62	71	16	54	50	17	38	28	21	67	15	52	62	70	49	36	43	57	72	46	1	27	70	7	66	5	55	51	
77	66	77	56	55	5	56	51	50	10	19	68	25	31	67	4	13	33	70	53	39	57	12	70	80	31	66	9	64	54	58	58	37	50	62	41	4	35	41	6	43	59	20	16	7	8	17	49	67	1	19	27	6	60	11	2	40	28	38	21	78	11	29	63	14	15	24	43	72	22	43	65	69	61	79	23	15	18	69	3	
42	37	20	45	47	60	74	36	3	61	7	29	70	35	10	30	37	62	70	27	70	66	39	8	72	34	28	4	75	46	1	33	31	53	27	32	28	50	63	60	40	17	7	48	46	47	74	51	24	13	7	11	76	43	49	14	77	71	18	65	65	52	48	56	13	2	70	72	72	80	4	18	15	4	64	10	54	6	44	20	
49	44	60	71	4	25	2	75	45	47	10	62	10	55	23	21	44	42	8	65	72	5	1	35	39	12	42	36	48	79	52	14	40	61	34	73	3	33	18	46	78	28	23	5	77	74	65	70	34	15	54	23	50	2	55	6	12	53	66	9	43	67	57	32	58	3	56	51	66	69	59	18	11	13	47	16	7	19	76	37	
61	45	5	26	75	10	58	3	54	73	42	14	57	10	76	51	42	46	45	59	33	2	66	41	44	62	49	41	79	67	24	9	26	26	32	17	34	7	50	4	30	40	47	7	80	39	53	39	35	47	45	68	78	29	55	37	8	16	77	36	79	20	43	54	48	25	21	23	61	27	56	8	13	38	11	6	12	11	1	41	
8	37	56	3	15	33	38	53	73	31	6	22	77	78	25	66	52	43	7	30	12	60	37	54	30	74	6	38	34	30	79	39	17	47	39	29	24	76	31	15	54	67	35	48	64	56	32	40	49	67	11	10	80	42	58	23	65	63	57	16	9	1	4	24	77	75	2	19	65	30	36	68	14	62	65	26	35	58	13	1	
30	14	9	33	5	16	44	67	27	50	32	66	48	33	41	43	55	38	59	36	17	8	52	62	68	35	37	50	77	39	1	57	2	40	42	6	53	71	21	29	45	50	13	46	33	51	76	7	34	54	70	80	8	72	61	23	55	10	71	1	78	69	55	78	25	2	3	31	23	49	52	11	16	17	47	2	60	38	56	41	
39	51	41	45	39	45	65	43	5	54	42	78	71	47	72	50	46	20	21	18	68	22	26	30	33	19	57	40	54	8	2	43	6	65	7	75	26	19	35	60	24	76	54	42	70	77	9	33	14	55	80	27	74	23	56	25	71	29	62	75	67	12	35	20	23	4	12	79	5	1	54	27	20	32	64	13	50	28	72	61	
70	66	44	61	38	11	35	27	67	45	29	1	51	51	19	70	38	60	65	73	54	36	45	72	11	28	76	58	76	63	68	60	78	23	70	34	66	22	62	76	69	26	79	65	75	11	52	74	20	77	48	1	53	12	61	64	71	6	2	56	18	6	64	15	56	59	80	33	25	52	30	8	3	50	10	18	13	69	31	28	
54	24	17	54	64	27	32	46	62	49	51	80	51	65	42	56	65	35	6	8	36	67	40	60	29	57	75	36	78	51	63	1	72	27	49	53	51	31	49	66	76	50	58	77	62	48	48	45	36	3	4	65	14	37	44	40	43	68	25	35	69	38	61	59	12	27	70	13	55	73	73	79	54	2	22	33	47	71	30	7	
20	24	11	34	11	48	20	52	62	75	36	45	60	46	49	69	70	56	79	73	31	69	72	80	66	39	63	61	24	16	51	74	29	58	22	69	65	72	71	63	64	22	59	41	18	57	62	5	29	73	27	12	74	44	37	78	1	17	68	54	54	40	45	2	41	17	66	43	6	52	55	19	26	62	13	42	35	65	77	13	
70	19	18	18	59	53	23	57	20	5	29	73	70	25	19	61	37	34	21	75	38	30	8	57	6	46	45	69	29	67	3	48	7	46	60	11	48	77	17	22	80	45	4	67	64	53	45	50	9	16	40	37	70	45	47	23	12	39	41	67	24	69	65	62	32	74	13	30	68	28	44	31	68	78	33	14	47	27	49	2	
72	38	67	59	32	35	79	70	14	69	54	65	56	68	43	5	58	46	32	74	73	25	8	10	19	38	39	16	62	37	18	3	72	78	59	22	55	8	9	19	74	13	1	47	33	66	2	5	30	62	76	50	4	34	8	57	20	77	75	40	31	77	32	53	24	9	6	42	46	30	49	37	80	44	41	19	26	31	27	5	
42	47	5	43	77	10	45	15	4	27	76	67	53	25	44	74	31	58	19	76	3	61	61	25	21	48	41	76	28	12	4	63	9	1	56	34	40	18	78	75	42	71	56	12	14	13	35	42	13	60	66	13	63	76	68	32	36	31	25	57	67	55	46	72	3	49	23	54	58	20	64	23	7	37	59	22	79	24	14	8	
12	25	46	23	18	36	4	3	7	27	11	70	29	45	59	31	5	79	20	12	47	3	26	55	67	34	68	59	75	26	11	37	48	6	57	15	66	60	16	21	34	23	8	61	17	16	40	51	50	9	13	14	7	70	58	71	19	75	78	11	21	38	76	16	74	51	28	9	58	73	39	9	49	65	24	11	1	8	32	72	
14	20	79	51	5	6	38	21	31	65	62	3	52	54	12	43	57	68	49	29	59	73	67	53	10	36	62	39	41	22	25	5	40	54	52	44	56	40	12	37	27	72	30	74	73	38	64	48	26	32	22	33	55	7	34	9	75	13	42	63	35	64	64	23	64	43	61	70	28	24	46	4	19	58	63	45	36	76	47	59	
55	44	45	57	1	70	63	69	32	21	50	14	34	62	33	15	45	44	2	66	64	50	58	20	16	69	51	49	63	71	56	38	67	11	41	62	30	21	80	12	72	46	24	53	26	7	18	68	78	48	5	58	11	57	27	28	43	35	22	55	46	75	42	29	39	8	40	15	53	35	37	69	79	77	43	54	36	4	73	27	
45	74	34	5	77	13	58	38	33	80	42	4	22	1	52	57	75	7	19	78	39	41	59	67	69	48	40	48	49	59	26	43	47	60	46	77	16	20	29	50	21	22	71	65	17	44	37	41	51	6	31	35	76	8	17	60	53	53	28	52	61	46	11	57	55	52	54	16	21	32	12	66	44	9	47	58	70	39	18	63	
37	44	15	30	3	28	7	50	34	62	52	9	59	57	63	57	61	60	71	77	4	31	59	44	29	25	51	51	54	66	28	40	57	39	68	55	17	23	65	75	2	52	6	7	29	11	19	8	68	33	28	21	64	4	67	39	69	32	4	70	44	30	17	60	17	36	55	35	56	58	73	10	27	51	45	53	14	51	5	29	
32	27	48	10	60	61	46	65	40	47	74	32	28	42	80	44	72	54	22	79	59	71	77	4	75	68	5	33	35	18	59	17	59	62	24	68	35	20	6	69	16	78	21	39	66	50	29	5	52	78	7	25	25	26	26	8	8	36	73	73	63	47	41	67	30	64	53	48	31	51	65	43	74	55	31	9	75	12	15	56	
36	36	21	52	57	38	8	14	14	76	36	74	70	72	6	7	2	55	3	60	57	17	20	79	45	1	3	70	39	10	62	73	44	72	75	49	27	32	12	70	25	78	9	42	67	12	77	22	16	31	6	69	43	45	64	38	78	17	59	68	24	35	6	17	23	10	14	80	25	23	66	78	28	24	71	37	40	64	4	46	
10	30	63	4	72	77	70	16	18	46	78	36	75	78	1	47	24	8	76	79	60	11	74	28	31	12	64	61	73	19	65	34	36	37	33	55	38	20	67	79	13	12	51	40	6	45	1	62	2	5	56	61	32	3	7	63	14	22	70	80	23	43	44	55	29	20	39	17	69	43	75	70	51	48	24	21	38	54	63	41	
76	42	49	25	33	49	34	38	16	21	66	63	13	48	69	70	52	12	75	32	4	20	48	56	61	21	59	57	24	68	3	51	22	47	71	52	45	24	38	6	73	21	67	34	78	52	23	63	15	46	43	15	72	38	18	73	74	21	40	29	7	76	75	77	67	19	26	30	66	14	79	55	64	49	8	80	50	60	58	62	
21	15	25	80	50	75	76	58	9	57	34	13	46	27	68	33	39	45	10	61	6	71	28	68	70	63	66	37	38	66	47	54	30	24	3	30	11	22	4	16	76	68	57	44	10	78	22	1	69	26	51	71	44	31	7	35	39	19	18	32	80	14	28	37	40	28	62	39	49	7	51	74	70	60	61	41	48	77	58	65	
49	59	2	42	7	6	25	71	21	38	13	50	1	39	27	31	17	79	77	13	43	68	3	58	73	70	33	72	6	23	53	4	63	50	45	16	54	66	35	24	52	79	29	51	34	46	29	80	74	46	9	58	67	41	31	56	73	12	47	6	20	8	8	30	10	48	74	60	60	64	40	59	55	54	57	35	49	4	33	38	
50	69	13	58	27	76	28	29	2	18	30	49	23	34	28	62	31	64	36	40	27	19	16	77	17	71	30	60	24	21	15	20	77	59	75	54	47	25	33	78	37	57	44	8	41	70	66	69	42	53	58	63	17	74	10	31	11	38	41	67	80	56	3	22	60	7	73	32	12	20	24	14	26	16	2	68	1	26	6	70	
66	60	50	80	8	56	61	38	42	19	27	36	21	20	55	79	10	77	56	50	46	22	44	70	34	76	51	63	11	51	54	25	58	49	65	52	67	33	40	45	1	62	30	19	72	35	48	32	29	49	79	28	69	40	23	51	33	12	64	40	13	62	24	18	31	67	30	30	17	59	72	15	36	19	66	52	53	28	80	28	
75	76	2	12	65	17	14	48	51	74	37	15	53	49	28	34	32	50	57	46	19	78	10	5	46	29	52	45	48	80	71	71	24	22	35	7	61	43	49	30	66	2	40	68	1	16	21	29	58	22	25	26	51	33	22	11	52	23	60	53	47	79	70	69	13	26	21	73	12	31	54	75	61	39	60	55	52	38	2	4	
75	16	36	41	9	55	49	79	25	20	45	68	43	64	4	53	1	23	74	10	38	42	34	6	3	12	50	79	66	73	67	62	6	12	16	5	13	63	76	65	32	73	2	73	52	14	43	11	54	35	42	15	25	75	46	19	37	43	17	18	33	20	77	36	26	39	68	71	22	11	57	24	31	49	70	34	8	63	48	53	
46	72	12	70	15	7	37	47	47	1	65	6	19	4	60	74	74	74	58	40	48	57	38	62	56	73	44	75	40	76	25	41	15	69	18	26	68	4	22	34	3	33	54	52	67	63	42	57	11	49	14	43	24	49	50	79	23	27	1	10	36	62	40	80	39	9	52	25	9	72	4	44	54	64	9	39	68	20	50	10	
52	55	59	19	54	26	45	25	66	43	32	51	16	71	43	10	28	48	27	64	65	33	69	37	31	77	72	16	12	65	5	52	38	13	29	18	69	68	30	52	56	11	50	70	35	42	24	53	4	58	66	66	68	45	20	48	47	42	61	61	24	22	60	21	41	71	15	11	57	74	13	25	4	63	46	62	23	62	34	53	
55	22	36	72	1	8	39	45	77	15	14	18	27	63	26	2	52	71	10	57	14	53	27	46	30	19	29	79	33	25	55	6	50	34	72	48	37	58	10	40	71	19	7	47	36	54	46	52	75	11	17	6	56	27	1	38	75	24	63	23	59	60	21	27	16	42	76	78	18	3	27	47	47	67	34	28	26	31	62	20	
33	10	53	37	34	3	21	32	56	32	46	33	11	16	57	51	7	78	51	22	26	22	9	71	13	41	48	65	68	27	17	52	31	71	39	15	19	59	70	73	36	65	43	54	78	30	12	34	31	6	55	48	28	61	68	49	67	33	20	35	6	30	45	75	46	68	79	63	73	21	58	25	1	25	17	40	62	56	60	24	
64	65	21	36	71	18	3	39	69	16	23	10	74	58	8	38	42	5	25	62	61	21	2	7	74	15	60	74	71	34	20	78	45	34	30	33	69	28	21	56	75	49	77	66	23	2	51	6	36	19	60	13	35	59	9	58	24	11	49	43	73	26	37	40	76	64	29	63	47	36	50	31	77	70	44	17	61	32	38	22	
27	23	51	11	73	80	66	49	8	66	5	11	76	38	63	68	51	1	80	42	31	70	22	56	48	63	12	53	30	47	64	80	60	63	8	10	10	26	44	47	4	77	46	27	65	55	44	37	56	41	28	30	31	43	6	72	23	14	33	76	57	46	78	33	61	32	69	65	2	25	28	39	19	20	62	59	74	29	71	79	
17	5	18	38	77	19	47	50	60	26	43	33	35	66	16	74	15	27	9	13	49	63	48	21	32	54	47	73	25	59	41	42	13	64	40	8	25	8	57	2	31	47	68	49	37	33	72	41	55	27	8	51	8	77	16	44	3	12	10	30	69	78	6	34	4	50	68	45	62	46	61	52	39	70	53	64	20	22	29	17	
46	61	65	9	49	78	38	80	39	2	19	26	70	59	13	25	53	71	1	33	62	54	9	15	73	40	4	44	10	48	52	55	52	65	58	50	12	41	45	49	67	14	23	11	16	26	28	66	15	23	40	29	27	46	42	15	34	64	50	51	30	51	47	28	38	47	75	43	5	37	41	32	47	69	20	63	5	79	44	57	
18	34	71	44	77	57	80	35	37	80	68	20	50	28	46	31	25	39	24	41	16	74	75	60	49	12	70	44	4	64	42	47	19	31	32	12	37	29	67	23	26	8	36	24	61	26	52	9	5	76	58	13	54	50	72	45	11	33	6	12	10	2	28	3	63	40	11	14	63	47	43	39	30	14	15	6	32	62	16	38	
4	61	72	6	29	60	50	36	70	6	77	56	73	37	9	52	68	17	61	1	63	33	73	16	51	80	19	26	56	55	7	10	32	74	12	10	5	56	77	25	53	22	33	75	54	32	39	39	18	8	69	75	71	62	79	32	68	47	8	58	18	13	62	47	33	23	54	34	36	79	60	30	20	40	22	76	57	57	65	51	
15	46	66	13	14	62	64	61	58	71	35	12	36	45	70	57	65	41	11	43	69	15	70	17	34	16	74	47	20	43	40	28	3	25	63	51	39	78	25	19	60	9	1	4	2	68	26	67	59	21	56	77	57	44	80	7	6	37	43	48	27	32	30	42	53	3	10	6	79	34	46	3	65	76	49	64	14	45	77	23	
19	51	22	62	44	12	18	76	28	9	47	67	40	75	26	54	21	29	76	14	6	39	42	20	35	27	1	44	43	30	15	31	80	28	51	69	38	10	68	14	46	20	32	1	3	54	49	16	38	33	59	36	21	48	53	3	70	4	79	5	29	9	63	57	34	61	41	24	55	26	71	17	37	12	47	67	65	52	66	13	
22	48	77	68	10	1	5	12	19	63	15	27	68	26	78	51	3	69	4	16	7	50	14	73	18	13	5	24	2	34	34	21	18	65	47	11	71	17	23	54	6	64	37	20	8	58	59	25	76	79	28	31	52	72	28	30	80	45	25	33	11	7	66	38	67	10	57	40	29	70	41	42	35	20	56	32	27	41	34	36	
