71	64	66	29	35	23	6	78	44	62	58	27	38	76	37	1	47	7	70	2	67	13	54	29	34	42	62	72	51	21	18	54	16	13	12	80	65	15	27	26	27	3	3	14	76	69	12	73	73	31	23	10	74	74	68	25	65	48	14	33	18	63	5	63	24	46	60	38	11	4	13	75	4	17	78	30	31	40	18	55	
68	38	61	11	61	78	34	43	75	77	74	10	8	28	70	61	71	79	16	31	32	27	15	66	69	11	44	18	80	60	69	65	47	1	74	26	26	57	19	20	3	9	58	12	67	76	72	7	73	33	35	54	9	48	69	29	13	30	2	5	39	12	21	4	8	42	59	36	16	6	49	17	37	55	56	22	50	14	23	24	
53	53	40	59	50	26	36	7	5	27	9	42	37	57	75	74	17	3	23	62	26	20	76	56	71	80	22	35	69	71	54	71	73	10	48	40	66	33	76	21	57	2	59	43	57	4	35	24	35	55	2	58	25	77	64	44	25	38	29	43	28	79	32	14	39	29	6	21	60	29	41	65	28	46	26	34	78	58	61	30	
62	54	38	36	79	19	77	53	3	55	14	23	52	43	66	40	21	19	58	29	45	46	11	22	41	34	54	69	9	57	48	24	60	3	56	8	51	48	59	51	61	70	25	54	63	7	12	32	64	66	65	17	61	67	37	52	50	40	39	10	46	35	26	24	42	78	30	44	75	47	5	45	68	26	16	35	71	27	16	49	
39	71	1	50	7	67	51	54	56	38	59	20	70	3	73	23	77	52	9	21	6	11	15	60	66	28	45	77	2	57	61	70	46	62	37	50	76	40	22	53	72	29	67	63	29	57	32	56	25	41	74	60	78	7	42	13	64	79	7	15	4	66	8	47	75	68	46	69	22	16	35	12	43	58	19	80	57	48	44	80	
3	66	9	30	22	43	40	35	70	45	47	72	60	78	68	4	63	32	69	34	77	54	74	37	22	11	56	79	8	48	26	41	30	33	68	1	25	26	36	44	20	78	38	29	27	51	30	6	80	16	70	28	19	61	61	71	21	34	17	27	2	42	17	58	21	5	57	75	59	39	37	31	35	23	52	10	67	79	13	18	
45	32	40	61	11	18	1	61	2	15	37	28	4	51	3	23	5	57	47	57	13	1	6	77	50	50	7	34	79	47	80	41	76	37	52	36	4	53	15	8	62	49	27	64	50	60	38	50	66	80	56	28	9	6	55	46	6	10	30	12	52	26	40	78	14	8	63	13	16	75	44	67	74	21	48	41	78	17	40	19	
78	13	39	26	17	10	21	20	16	80	51	17	23	8	44	33	45	25	75	50	49	69	66	72	7	31	30	34	61	67	44	9	32	34	32	46	71	2	14	4	79	61	52	52	18	44	35	12	18	58	11	64	47	74	6	80	54	33	63	32	53	56	38	29	5	19	22	73	18	36	26	48	42	25	55	9	68	1	24	33	
54	59	15	48	50	50	45	22	32	26	3	79	79	38	57	1	6	76	23	55	25	46	51	16	21	15	23	36	43	70	67	14	46	80	11	13	78	54	64	27	77	65	24	28	52	30	56	8	29	76	60	46	72	26	12	10	71	31	75	34	18	59	41	13	7	50	33	2	53	37	39	79	58	1	21	35	27	42	26	61	
20	34	44	41	9	53	80	76	33	72	23	1	49	13	11	54	60	32	55	62	19	77	58	67	74	29	5	50	52	60	16	21	43	57	11	51	59	8	42	9	30	62	7	28	73	16	31	2	77	3	14	13	26	69	78	49	47	32	17	17	42	64	67	6	68	79	1	45	33	40	2	15	52	39	37	75	4	65	10	12	
14	4	41	70	23	68	68	19	49	34	33	8	13	50	40	78	75	38	71	57	27	71	67	76	27	53	67	28	67	10	55	79	43	45	18	63	30	3	80	29	35	62	36	77	61	24	73	53	11	13	31	37	1	44	28	58	14	46	42	79	52	39	43	12	1	47	25	61	74	54	7	26	48	38	21	44	15	43	16	18	
53	72	50	4	32	28	58	44	70	42	72	71	78	16	80	76	55	22	54	46	73	59	22	57	47	72	17	6	33	60	21	34	49	21	35	30	46	43	23	65	34	12	53	29	25	2	54	29	24	60	25	45	65	79	51	61	66	15	63	48	73	3	29	74	20	62	18	19	54	41	29	5	48	7	63	26	78	67	1	52	
41	55	43	24	48	9	1	62	22	62	57	44	13	4	32	62	15	47	26	66	3	52	20	1	48	33	21	75	15	51	74	6	24	35	27	69	72	57	2	11	68	55	5	30	56	33	10	68	78	32	7	30	34	52	28	30	8	78	23	46	49	14	50	20	77	25	6	67	79	36	29	17	12	28	45	62	59	51	53	6	
32	80	33	15	50	11	42	48	38	63	11	34	25	9	51	52	31	7	35	60	40	11	75	46	36	35	58	44	37	55	47	17	53	30	29	19	70	68	65	57	80	26	9	54	64	10	23	13	14	7	21	3	16	12	78	1	77	56	42	39	25	41	75	76	17	22	20	36	43	27	18	45	2	24	39	28	61	59	54	66	
63	73	18	27	2	13	25	76	17	16	55	38	3	79	62	50	18	23	3	54	77	43	39	26	9	75	36	62	4	8	45	16	78	12	41	29	22	15	56	67	60	59	28	12	57	34	59	70	54	14	73	1	52	61	24	59	58	58	40	7	15	32	20	42	44	10	68	21	22	46	77	79	19	49	11	69	32	30	31	37	
26	79	34	28	9	55	4	60	62	39	16	74	20	34	33	58	41	51	19	13	8	45	9	54	11	47	72	73	14	77	26	37	25	57	63	32	61	17	41	42	3	56	64	21	38	47	27	76	48	44	6	4	7	46	57	49	41	50	69	4	71	12	39	52	66	50	75	44	65	65	36	18	69	53	33	24	70	57	59	8	
50	5	9	6	80	62	2	69	55	68	71	75	77	27	38	12	26	61	5	39	43	37	51	29	34	35	2	76	7	49	1	7	3	8	10	79	17	9	66	22	28	53	46	20	29	11	29	14	12	63	40	52	17	41	31	48	70	62	72	30	28	73	33	28	25	74	56	78	4	42	10	51	13	54	15	68	16	47	70	21	
26	60	16	73	17	44	70	4	54	60	61	80	78	10	57	53	75	31	41	20	19	1	68	57	51	5	42	5	3	61	15	25	38	59	46	52	51	65	5	23	42	63	52	71	21	26	39	45	6	77	62	22	27	80	29	75	2	69	29	8	47	74	53	7	50	48	3	24	30	37	72	22	17	40	9	67	15	78	32	28	
24	40	70	48	37	16	72	69	34	19	18	30	10	20	29	9	65	61	57	12	15	45	31	62	34	69	46	47	64	25	63	5	61	2	50	48	49	39	67	79	7	33	26	14	51	4	53	32	68	27	41	26	22	23	5	54	8	80	21	69	32	29	28	32	71	70	35	26	66	44	38	73	74	77	27	42	1	77	74	9	
53	61	32	25	79	69	75	37	16	41	23	67	20	44	48	78	64	74	21	71	35	72	52	58	68	28	16	61	54	35	19	24	12	80	78	41	18	22	75	30	12	47	14	31	40	13	56	53	34	26	41	20	15	10	73	78	36	6	8	38	38	57	60	79	54	7	39	70	26	62	46	35	59	9	17	15	23	76	65	50	
11	56	63	23	15	53	52	80	8	8	35	43	62	44	41	65	48	26	1	71	5	77	57	60	3	67	24	51	51	39	47	59	12	60	32	58	62	4	53	68	37	6	60	49	47	49	30	13	74	29	33	27	55	6	36	64	70	61	54	71	45	19	47	66	76	76	69	55	25	30	40	13	33	50	57	31	16	7	72	6	
63	57	30	35	58	15	39	77	70	11	65	32	27	62	36	52	7	13	24	63	72	14	71	55	61	45	2	26	1	23	31	12	74	9	75	1	28	32	29	41	72	42	22	16	21	56	17	59	17	70	37	7	3	25	59	18	19	10	38	48	33	14	64	53	52	4	5	34	40	43	61	20	69	1	66	44	6	30	21	54	
17	48	56	16	22	64	56	70	23	40	35	50	51	41	52	21	39	53	73	18	31	52	69	49	2	79	5	37	26	48	5	40	13	10	6	65	24	59	51	43	19	36	42	17	28	12	67	14	15	57	29	75	58	44	44	57	45	47	11	63	8	46	52	54	53	55	63	25	63	66	68	28	20	27	42	71	66	60	2	32	
33	60	22	40	21	60	47	10	52	55	24	9	49	72	56	51	76	68	74	56	48	12	1	14	31	73	3	47	49	34	74	30	43	13	20	14	75	64	25	71	68	41	77	35	62	2	36	55	67	26	61	32	32	11	79	15	32	27	56	37	58	79	16	18	17	26	65	28	7	80	16	78	70	42	57	2	43	8	54	57	
63	62	7	44	69	31	53	19	57	59	46	62	9	52	30	14	28	8	71	32	5	38	54	24	76	27	22	39	32	26	10	45	4	45	5	22	74	7	70	78	15	65	60	20	66	6	63	11	10	51	41	47	12	12	67	79	68	6	64	17	29	71	10	61	64	13	79	55	16	18	50	29	80	57	1	63	65	58	72	20	
27	62	62	61	24	44	9	8	79	69	54	56	55	61	33	36	70	61	40	35	76	40	13	25	14	8	6	23	63	26	39	39	5	17	49	57	10	58	62	45	41	66	12	46	75	74	79	64	4	68	47	29	25	59	51	72	15	7	16	28	61	77	18	15	11	61	71	50	33	1	6	80	64	48	34	60	70	73	78	26	
79	65	49	22	70	51	40	2	4	46	59	62	40	71	74	80	50	63	79	33	12	35	53	73	79	36	78	19	15	16	39	43	76	38	62	17	36	52	18	37	46	23	16	39	12	41	34	11	54	61	40	59	13	14	1	41	75	29	57	39	42	46	3	67	6	11	80	47	60	45	21	24	66	66	58	74	25	37	48	71	
15	71	79	57	31	78	16	23	24	70	12	62	33	9	78	63	17	75	48	26	37	65	47	51	49	52	42	21	38	25	9	53	14	5	58	73	32	70	46	53	59	55	66	40	13	60	22	27	5	67	3	71	79	50	39	76	48	34	14	4	54	60	3	62	7	61	7	36	45	48	8	52	56	25	10	64	30	68	38	35	
74	70	20	70	34	56	63	31	3	28	32	52	76	64	64	2	40	18	66	34	16	70	3	64	42	42	75	67	51	62	17	42	50	66	61	33	40	77	62	72	18	43	74	44	24	55	41	13	71	24	45	34	46	76	15	32	37	39	19	4	51	62	78	17	47	54	80	4	1	11	24	49	51	22	5	24	21	75	68	38	
48	27	69	42	21	33	69	6	71	34	7	37	14	32	4	9	36	80	41	30	40	62	24	8	75	26	62	11	50	45	79	15	22	65	4	72	16	23	76	2	53	31	68	16	70	21	54	17	18	12	73	56	28	19	13	20	69	25	56	40	34	52	1	38	67	33	29	80	55	51	43	57	3	17	35	9	35	39	52	5	
33	75	7	54	6	50	19	25	23	29	10	39	26	40	74	11	70	50	7	72	51	36	76	47	2	46	8	66	66	56	17	18	47	55	21	2	53	69	56	73	11	64	30	34	53	58	74	72	22	78	61	68	63	6	65	14	49	20	31	32	71	76	78	70	47	52	18	17	34	77	7	79	5	35	57	57	37	61	45	59	
44	55	72	56	58	6	20	56	25	46	38	42	39	33	58	35	30	25	2	13	14	6	4	48	70	59	52	23	24	46	27	17	18	49	23	25	54	40	79	23	36	34	14	26	16	69	57	47	11	62	55	55	10	8	52	28	64	22	49	9	65	25	53	32	73	75	61	74	63	50	45	13	40	55	67	47	76	72	41	34	
76	43	6	3	49	7	28	61	26	30	16	40	1	65	69	69	8	73	11	64	72	53	26	23	25	10	19	48	79	9	78	72	80	33	24	4	38	5	57	13	25	21	15	23	12	70	41	39	16	49	20	2	51	43	54	25	14	21	71	78	59	66	19	17	15	41	2	18	38	22	13	27	26	29	68	62	31	55	46	74	
53	63	70	21	55	72	43	6	42	30	1	17	44	49	53	8	38	53	10	73	11	18	35	65	60	48	41	40	20	5	29	23	17	16	41	24	37	2	26	76	64	54	42	22	20	14	28	55	19	66	77	22	31	62	4	9	59	75	46	36	29	78	51	75	45	7	13	24	39	34	52	25	47	9	69	54	56	43	58	15	
25	4	35	53	63	68	11	71	12	54	16	41	75	62	31	30	66	40	52	53	23	19	66	9	57	2	12	58	42	67	70	16	20	56	67	32	73	76	20	80	78	34	37	72	14	14	50	28	51	51	79	24	67	13	61	73	17	70	48	3	55	68	17	26	43	33	62	59	57	74	56	60	53	8	71	15	19	38	72	22	
6	19	71	22	29	49	13	70	36	10	25	39	28	69	11	15	19	62	71	74	1	44	77	51	4	62	64	49	53	54	17	7	70	5	26	50	3	67	68	68	27	8	56	51	74	65	63	42	75	52	64	73	45	55	42	47	66	57	10	66	25	30	72	44	59	42	11	12	58	27	31	33	76	5	2	14	17	16	60	9	
15	28	80	58	31	71	18	46	43	58	29	19	80	47	59	8	37	18	17	12	42	44	78	27	76	74	31	45	36	22	2	48	46	32	54	26	20	70	69	60	45	50	72	74	10	1	33	76	21	46	5	6	39	77	26	65	23	3	55	4	24	52	49	64	79	30	39	13	39	25	20	34	22	41	56	61	38	5	56	2	
80	57	5	68	3	28	49	51	27	21	52	45	22	50	60	18	20	14	29	8	68	78	39	39	37	12	18	24	46	70	23	43	44	56	28	77	33	26	77	9	47	79	3	65	46	59	31	15	21	64	21	38	4	16	75	37	53	10	10	19	1	61	54	70	34	80	17	63	56	13	69	17	7	69	30	2	2	62	47	48	
65	67	34	18	23	27	5	70	66	11	2	11	69	6	78	55	34	44	64	6	4	3	56	40	21	32	39	46	39	35	10	54	17	41	68	37	16	71	58	78	80	7	8	19	9	33	20	72	76	79	78	27	30	45	64	50	26	53	11	62	5	51	32	57	8	21	38	21	42	12	48	36	22	52	13	59	34	15	47	25	
41	74	51	68	33	63	65	9	33	73	66	36	73	48	39	78	14	72	49	52	2	14	30	48	15	26	53	46	68	17	20	26	1	19	43	63	80	57	71	62	80	4	47	70	47	3	65	58	71	69	55	23	27	5	21	71	25	68	34	43	6	3	22	31	54	11	10	56	65	28	60	62	61	25	50	23	24	64	31	44	
46	3	62	20	35	79	8	9	18	71	49	13	72	65	76	41	73	80	39	55	56	16	35	32	77	37	4	12	14	33	51	8	65	63	25	21	11	66	23	24	52	22	65	74	5	55	62	26	7	18	30	57	64	62	38	53	45	40	14	58	23	15	61	35	72	36	1	31	48	53	54	19	72	67	38	78	38	28	50	39	
65	76	45	78	8	80	78	49	69	7	23	46	48	34	71	37	18	70	17	65	39	18	29	29	5	64	51	37	30	49	28	44	42	68	39	47	18	72	13	36	71	67	73	36	50	15	22	16	78	74	75	66	4	53	44	3	79	45	77	46	11	12	9	50	31	76	52	77	61	55	30	1	4	56	6	12	60	4	2	10	
21	22	70	31	73	32	23	8	74	41	53	34	50	8	1	29	1	43	25	10	48	2	7	68	50	70	49	27	28	44	31	40	64	51	13	6	34	63	11	55	24	12	9	33	17	4	47	15	77	68	54	73	20	58	59	67	76	26	43	52	65	36	4	80	30	45	1	57	26	48	37	44	60	60	62	64	66	69	28	8	
76	1	77	12	6	52	28	32	23	74	75	5	42	29	32	64	72	62	65	14	21	7	8	68	67	19	2	78	75	59	30	68	8	23	30	11	23	55	72	46	73	69	78	36	10	28	44	79	9	34	43	25	62	47	43	80	64	76	18	56	50	45	74	60	65	24	16	6	2	5	3	66	18	4	45	27	19	10	57	56	
64	13	31	42	59	70	35	39	61	50	44	61	45	35	65	26	53	30	61	76	32	57	9	80	49	51	25	17	10	74	70	67	6	18	60	11	40	9	1	48	8	41	29	49	32	40	37	76	69	35	22	49	10	27	46	8	78	66	54	2	9	74	19	43	41	71	51	33	29	52	72	68	38	47	72	63	5	7	7	23	
40	23	68	79	47	32	37	72	47	8	21	6	30	66	46	68	54	46	13	32	44	34	16	31	80	79	9	33	35	42	52	24	63	37	22	59	19	7	48	63	43	18	20	69	1	17	55	4	56	65	34	50	24	79	76	45	75	36	74	60	73	75	1	5	62	51	64	77	57	61	10	12	26	24	32	25	34	3	58	41	
17	9	38	62	6	34	24	30	14	47	7	4	72	39	38	56	6	16	77	11	24	5	50	48	58	78	22	41	30	79	78	46	4	36	55	39	13	76	72	25	73	27	57	62	59	12	64	13	60	56	51	31	9	49	76	17	80	15	61	23	42	1	29	43	63	69	31	76	14	53	47	6	66	65	15	73	18	26	35	22	
34	35	52	38	1	44	3	27	8	56	48	47	53	13	42	32	79	19	55	15	63	51	44	50	21	8	69	65	39	53	4	61	7	52	57	40	45	49	60	50	54	56	55	58	66	36	35	62	52	9	70	32	11	64	30	26	68	13	8	18	16	42	31	20	11	28	66	5	23	60	59	72	41	68	75	17	1	29	77	67	
64	16	79	69	76	24	44	61	67	1	28	79	41	5	46	3	26	48	4	46	26	4	70	55	52	60	70	49	37	18	14	19	29	42	37	54	15	30	32	6	31	10	26	23	11	22	21	34	65	47	30	7	48	17	11	51	27	78	12	59	11	55	27	71	46	61	40	58	8	33	5	74	28	61	80	68	79	45	52	62	
42	79	17	38	43	25	1	64	53	41	40	61	13	18	2	56	74	37	63	36	56	66	46	34	42	76	20	37	41	20	49	27	16	14	62	8	39	61	73	38	19	60	48	61	77	45	66	19	80	50	80	5	65	40	69	19	32	37	6	19	56	4	44	20	51	23	25	79	33	57	33	1	21	78	60	47	73	75	67	22	
72	50	24	49	7	12	17	69	76	52	5	47	6	45	64	46	17	39	72	79	80	54	2	18	8	7	10	74	11	65	11	69	66	64	70	20	23	31	6	16	32	8	61	37	2	75	29	49	62	16	48	60	68	40	27	73	44	35	8	77	48	21	9	28	29	1	47	50	51	48	63	3	5	13	71	37	19	6	4	78	
19	77	5	37	67	62	22	28	14	57	50	12	22	58	36	49	46	31	18	46	29	30	43	31	20	22	26	65	25	49	11	74	43	15	27	27	24	78	5	67	51	52	75	71	31	60	69	21	8	2	64	34	59	56	14	75	33	28	9	53	76	17	42	36	60	18	23	80	13	24	64	61	16	8	3	38	72	66	8	71	
65	21	54	42	74	65	66	19	10	25	19	1	71	9	67	79	24	77	76	37	2	9	43	15	46	40	1	29	56	38	48	70	57	20	64	79	35	45	16	47	19	68	70	7	72	52	3	44	41	28	26	73	69	66	43	62	56	42	6	31	21	5	16	75	52	80	70	8	69	49	73	37	18	60	41	36	29	2	30	67	
51	52	9	65	68	42	43	73	25	48	19	49	79	67	34	1	56	54	1	75	38	22	28	4	79	18	37	57	40	15	76	7	69	80	71	3	40	29	71	14	25	39	59	53	21	43	51	30	9	1	18	77	21	78	78	55	11	33	24	80	5	47	6	57	2	27	8	33	9	76	58	62	65	63	26	3	7	27	36	45	
25	78	37	75	18	32	46	58	13	15	56	6	11	57	12	5	30	17	67	61	43	63	34	25	27	9	57	60	33	32	20	8	23	6	80	38	36	39	15	77	3	19	80	24	26	42	14	51	10	77	39	80	66	12	62	31	18	28	8	49	58	29	6	30	29	3	17	16	72	59	8	76	73	38	33	20	35	43	14	40	
69	40	36	73	4	35	21	17	61	31	15	68	1	19	47	60	22	61	72	7	70	28	29	59	15	61	23	42	55	34	25	37	24	54	59	23	6	79	68	18	21	80	33	51	48	77	28	63	7	49	27	74	25	51	2	38	56	54	32	21	10	50	11	65	53	64	34	9	9	58	57	59	45	12	27	13	79	52	26	36	
49	39	58	71	32	57	59	36	28	4	53	63	5	10	72	54	23	55	12	29	17	63	10	61	18	29	14	46	31	66	3	76	20	64	65	1	62	72	74	6	75	68	19	73	75	38	77	14	13	37	72	15	50	74	20	64	52	67	27	79	46	23	24	15	29	38	45	5	32	28	42	21	13	11	40	5	44	65	51	80	
51	41	9	19	61	58	80	33	39	24	27	2	77	53	46	57	36	9	7	67	34	76	26	44	1	14	79	77	76	43	67	78	30	25	12	10	80	11	37	69	63	13	20	15	60	64	59	46	70	63	23	21	8	52	14	7	56	12	29	6	49	16	27	3	67	38	35	20	47	71	3	55	28	52	65	18	36	72	49	52	
1	68	23	7	61	36	12	66	39	37	17	38	80	42	35	67	27	16	30	68	9	30	72	30	32	3	35	62	70	34	64	68	51	3	31	34	41	64	45	22	18	11	63	47	49	38	61	74	51	8	11	53	68	33	40	19	38	62	28	19	13	43	39	69	48	57	44	25	46	2	55	5	10	20	2	16	6	71	31	56	
17	2	54	5	25	1	48	50	15	26	20	24	64	51	43	23	57	71	78	16	22	39	47	63	7	49	66	42	23	19	32	73	35	21	69	53	16	74	21	28	9	68	79	71	37	31	11	11	52	38	58	69	75	17	80	30	60	62	70	41	26	33	18	59	48	40	61	14	20	3	69	29	65	65	18	51	45	55	12	13	
10	61	29	33	27	25	14	4	37	32	65	15	60	1	20	59	66	78	68	3	27	6	36	11	72	70	12	61	42	24	21	2	28	79	63	55	56	73	7	6	22	71	47	38	18	66	36	5	60	53	34	4	57	18	42	41	78	49	51	69	14	70	74	71	65	48	42	35	76	8	75	7	62	43	65	39	16	19	60	77	
70	11	74	41	19	37	31	47	30	79	34	74	65	49	63	79	16	52	32	34	46	19	38	56	53	54	2	64	71	11	7	5	21	78	44	67	61	24	30	40	21	61	35	41	58	11	42	75	72	12	57	55	60	8	33	60	10	27	76	75	36	78	77	8	26	73	68	39	12	47	80	69	56	59	49	32	62	50	52	1	
37	22	46	47	59	73	24	67	44	17	10	29	12	54	28	66	25	45	17	68	10	8	76	19	57	41	48	68	65	13	22	50	32	3	14	8	21	35	24	58	49	31	39	6	17	16	67	40	55	4	53	14	38	57	32	52	42	70	61	20	30	69	17	63	15	28	26	29	18	72	36	9	23	68	43	33	77	27	27	1	
58	24	44	45	71	68	38	20	6	15	67	32	31	80	40	42	57	5	79	18	74	53	23	41	73	63	68	20	40	40	15	47	59	9	8	75	74	44	43	28	10	72	9	48	15	78	76	62	1	12	2	69	14	50	25	2	65	43	49	20	35	60	17	5	18	53	28	46	45	70	66	50	43	26	34	52	19	32	60	27	
66	7	42	30	10	14	29	68	9	75	36	31	3	55	77	51	19	8	15	17	28	73	60	17	16	11	63	63	67	72	33	1	28	61	28	35	26	6	15	32	29	5	78	62	45	57	40	18	14	39	55	41	58	65	51	22	73	64	37	11	12	80	46	34	38	16	58	8	52	21	56	30	24	51	20	12	57	70	69	76	
54	26	54	63	8	54	32	31	35	63	68	35	43	56	13	28	78	20	33	39	41	6	73	5	6	25	46	70	42	50	79	22	27	4	30	62	54	60	44	39	34	28	23	71	2	37	16	20	49	80	59	40	36	72	71	42	46	35	47	5	38	75	48	55	75	76	35	1	39	79	64	22	51	3	43	7	65	9	19	63	
4	25	53	39	46	38	21	11	22	18	11	54	10	59	25	34	42	9	61	40	32	47	50	2	75	43	32	9	48	80	71	49	22	37	33	65	27	51	23	50	18	35	44	45	37	19	9	31	24	72	57	8	60	60	35	56	16	65	59	64	62	6	59	41	69	12	55	7	10	68	75	28	17	36	14	5	3	6	63	57	
23	4	59	32	9	17	41	55	73	43	64	7	46	40	45	49	80	1	50	37	65	75	12	31	62	8	33	61	44	59	34	16	15	10	47	56	51	10	54	41	38	36	49	21	29	25	68	57	26	67	8	36	61	15	66	37	20	46	52	12	22	78	27	64	40	68	48	6	14	35	76	53	71	67	70	43	9	4	13	60	
66	17	13	42	62	27	30	78	72	72	39	41	21	63	54	7	79	35	42	9	68	67	52	53	55	66	13	10	64	58	67	51	71	29	39	49	5	16	74	31	40	32	63	56	42	44	11	38	19	59	44	11	34	70	6	34	29	52	73	43	21	8	45	46	35	37	36	41	40	60	59	77	8	74	79	48	54	12	64	75	
7	75	25	72	38	29	52	16	73	44	56	14	47	44	5	31	68	34	18	27	11	74	55	16	17	46	13	22	6	52	8	38	67	25	36	23	1	26	75	71	65	41	32	42	35	29	15	19	12	30	76	20	18	43	41	59	39	74	78	68	37	28	24	19	3	78	73	1	21	56	23	4	49	50	64	78	33	70	62	70	
13	6	8	58	28	70	50	14	63	58	79	13	35	21	61	34	29	1	80	33	55	3	5	52	10	56	78	68	66	74	53	77	62	67	3	39	40	75	49	19	42	78	62	27	46	72	60	65	71	40	40	76	39	71	75	74	51	73	59	44	62	18	69	72	16	70	28	54	44	26	21	37	20	32	59	1	22	11	70	43	
23	69	66	13	32	59	31	1	45	77	41	57	39	46	46	61	18	2	56	19	47	24	76	64	54	53	76	25	68	14	64	42	70	48	1	28	55	29	50	16	23	31	31	60	69	67	61	36	5	32	49	80	53	38	63	56	40	4	78	65	17	11	15	9	7	16	51	62	44	50	26	12	79	66	22	17	58	79	70	11	
60	45	47	34	36	20	54	22	50	33	77	62	73	41	14	6	52	14	5	41	61	57	17	57	56	21	24	30	57	75	65	27	68	20	7	15	66	42	34	35	26	74	44	11	19	55	43	20	79	70	10	76	48	9	3	12	59	24	66	26	63	76	2	28	49	6	46	29	75	31	13	16	33	18	54	53	27	44	22	72	
59	25	19	21	64	18	62	40	39	49	15	3	68	60	58	38	1	56	58	77	20	21	37	69	21	44	50	28	78	65	57	55	39	66	24	25	31	12	10	67	76	54	17	60	22	73	9	23	69	18	39	13	64	26	54	35	63	21	65	14	3	58	11	72	74	32	9	27	67	48	47	56	29	70	4	66	75	23	33	58	
36	8	62	51	11	66	1	24	7	9	30	35	64	37	25	5	32	62	22	78	27	10	3	75	59	17	59	80	38	11	4	28	73	26	72	33	79	68	55	33	74	38	16	13	63	68	42	77	47	15	42	39	23	24	18	22	41	71	16	27	3	20	52	19	56	33	2	57	50	63	53	14	78	57	30	19	33	5	40	29	
79	58	55	14	30	74	33	18	2	78	40	48	54	35	44	24	43	42	77	69	50	31	19	70	28	34	34	59	60	63	37	49	72	36	15	61	47	80	64	49	69	57	71	31	39	64	4	53	2	30	66	16	58	73	45	36	54	68	13	24	75	78	23	77	32	44	41	3	23	64	38	46	52	62	25	6	40	22	2	17	
52	66	60	56	5	43	10	56	29	49	31	14	57	49	26	72	30	4	20	50	53	52	41	36	60	62	33	32	80	37	60	80	48	69	52	64	27	13	27	47	58	2	11	50	54	71	75	78	65	6	75	61	17	33	9	63	12	71	33	42	21	7	67	66	23	68	70	47	77	7	51	1	39	51	59	4	73	36	28	47	
73	53	52	74	3	61	5	45	46	35	42	18	67	17	32	39	2	15	4	28	51	48	24	7	44	22	40	26	12	68	24	74	36	71	19	67	4	51	62	75	1	14	8	25	53	79	53	9	3	10	32	50	49	6	54	11	20	43	65	26	26	37	47	13	25	20	26	52	64	5	65	23	7	80	25	58	67	31	59	69	
31	36	65	43	39	75	67	3	29	2	24	16	34	21	15	8	33	66	59	22	69	50	21	69	48	73	77	71	50	4	79	32	69	70	8	41	7	1	53	51	70	28	40	22	44	68	45	73	53	34	38	35	2	80	52	5	24	8	20	70	57	8	55	16	19	56	72	15	78	36	74	65	63	14	42	54	46	13	76	80	
44	29	63	46	54	32	71	74	59	80	62	21	5	68	22	69	35	35	27	28	75	3	42	78	63	77	46	1	5	41	72	3	19	52	73	66	34	61	4	10	55	64	13	9	43	80	18	25	46	24	67	65	32	76	57	70	35	58	61	16	14	2	79	23	8	51	31	37	6	7	11	64	15	36	28	53	20	27	17	33	
