21	6	45	52	58	80	4	21	71	27	47	22	37	29	74	1	79	41	39	20	4	2	22	55	31	54	12	66	53	56	39	57	46	8	8	59	5	41	72	26	18	68	45	7	47	69	3	43	26	73	60	28	69	9	32	17	2	42	33	52	48	69	61	10	27	11	61	30	49	2	62	64	20	50	65	64	34	17	24	55	
5	33	32	23	61	61	38	62	52	68	62	16	6	33	55	30	40	66	9	38	65	58	19	34	54	34	15	2	80	68	7	35	18	67	56	77	46	42	7	17	27	66	28	63	20	80	10	54	21	48	9	78	57	58	29	27	41	74	58	70	59	14	22	75	79	31	24	41	69	25	5	43	8	30	26	60	64	71	72	73	
60	63	19	33	70	78	57	60	69	64	48	45	75	20	69	71	75	39	61	11	13	64	3	51	43	55	22	52	34	76	74	43	8	10	73	28	37	79	5	23	61	2	18	53	19	36	77	44	73	54	56	3	35	58	59	25	23	24	80	7	15	66	47	21	25	38	78	62	34	1	32	12	80	49	15	50	33	6	8	65	
54	57	55	36	57	56	59	78	75	3	34	40	66	78	10	40	65	5	17	49	2	79	58	31	43	22	76	25	25	4	77	28	8	6	14	62	55	23	9	79	24	40	37	37	68	75	74	50	80	41	16	29	37	26	57	30	1	3	7	49	8	78	11	39	12	38	51	13	60	9	15	28	46	63	64	63	61	5	67	52	
75	28	28	61	1	3	40	74	3	41	40	34	68	64	22	63	19	69	61	73	75	8	50	71	70	61	4	74	16	63	76	8	42	19	20	39	51	56	30	5	46	72	35	31	49	6	43	18	23	54	44	16	59	8	36	77	66	78	20	79	1	11	37	39	60	53	75	27	58	24	29	21	40	10	1	38	45	47	53	67	
13	11	29	21	16	62	48	31	80	65	28	78	25	62	34	1	32	26	57	39	79	33	57	67	40	7	55	1	46	27	15	8	66	41	59	30	21	24	59	50	38	36	45	61	15	76	59	77	51	35	64	2	68	70	63	54	74	35	4	71	10	16	42	37	55	3	5	25	43	60	72	60	47	69	73	9	11	12	44	75	
61	15	55	43	2	68	46	73	20	79	12	59	45	37	1	17	37	3	71	11	11	12	21	5	75	7	13	3	4	42	11	62	6	16	53	5	7	48	27	50	76	37	29	38	23	25	8	57	56	72	17	18	33	34	18	58	70	26	9	22	17	19	32	20	31	34	28	63	79	78	28	74	64	52	28	10	30	29	60	31	
51	73	44	33	57	59	8	76	34	14	15	48	61	44	65	41	75	36	19	23	32	45	45	13	46	70	15	71	48	24	50	48	47	12	79	52	20	4	45	53	47	58	17	58	54	80	16	75	66	65	18	46	60	58	9	22	77	53	42	74	78	9	40	67	55	68	36	69	21	30	37	17	5	51	72	4	1	38	77	62	
20	10	58	76	17	64	47	11	34	6	34	24	44	71	40	11	8	25	75	26	52	29	41	54	29	62	7	27	18	1	37	34	40	13	59	55	73	24	14	28	59	46	77	21	66	67	28	72	9	53	48	60	78	5	62	31	17	68	79	31	19	35	15	54	80	23	30	66	45	37	39	56	80	70	69	16	50	46	12	22	
16	49	64	11	4	75	65	18	12	61	78	25	44	42	76	37	63	19	20	56	6	8	26	3	71	12	17	70	8	50	76	21	51	9	62	50	2	77	17	43	54	44	64	15	4	57	1	64	27	18	38	29	58	60	66	76	22	27	67	28	74	9	79	40	15	55	39	46	48	5	5	52	53	66	23	80	73	14	61	24	
61	16	74	34	25	52	28	44	76	41	20	20	47	14	9	11	18	46	7	15	80	10	63	76	26	29	73	47	71	51	60	49	16	53	33	38	52	12	31	46	1	48	19	76	13	21	4	27	16	8	39	17	47	54	7	69	30	79	33	23	78	42	15	22	43	77	78	11	5	58	6	33	55	24	26	64	37	27	32	50	
65	75	13	29	43	50	47	69	45	30	34	72	20	46	33	11	73	60	19	74	36	55	55	8	22	78	69	9	55	25	8	70	17	18	15	9	66	11	27	59	69	61	49	6	54	31	46	47	10	62	66	76	67	39	79	6	68	17	12	38	40	16	24	5	64	68	14	48	28	68	56	19	76	53	51	47	2	21	40	41	
24	56	29	39	44	57	74	27	71	4	16	59	48	36	13	61	54	53	58	79	38	29	43	31	32	41	28	29	3	17	18	56	70	42	12	31	48	5	8	37	40	20	44	33	6	54	14	56	25	18	7	60	45	77	41	26	35	19	50	35	34	15	8	23	7	51	80	52	51	9	6	46	59	79	66	62	51	30	47	76	
74	64	2	67	58	72	8	12	7	7	75	37	20	33	6	24	80	35	73	80	70	28	65	41	25	80	16	25	26	75	47	48	56	78	33	32	68	38	72	27	43	64	10	12	14	45	34	46	78	55	76	19	33	57	58	55	52	20	29	30	44	73	71	17	69	21	78	5	9	77	31	49	1	36	58	51	39	40	5	42	
44	26	70	74	78	42	49	79	11	24	22	52	14	42	19	32	61	14	34	21	79	12	17	29	74	25	70	20	61	28	73	22	48	60	16	43	51	9	39	60	31	10	62	75	49	77	23	59	13	7	75	37	15	9	64	38	62	2	54	40	24	45	12	69	53	55	63	22	65	49	33	41	56	9	35	54	36	53	46	74	
9	55	28	21	14	40	7	73	39	59	63	12	52	72	78	23	44	56	74	54	22	22	13	27	60	43	79	15	45	27	4	53	31	61	22	75	50	58	65	41	34	77	48	36	18	44	11	59	49	79	62	69	50	73	13	29	64	41	70	59	17	71	66	46	2	32	37	1	6	51	37	76	45	35	24	67	76	33	68	80	
56	80	12	24	69	55	47	3	13	66	11	28	55	68	23	6	48	57	4	51	58	71	70	52	23	10	62	48	67	47	39	72	44	49	17	63	53	9	15	63	73	55	40	76	72	60	31	37	35	33	37	42	21	25	14	41	64	75	6	1	67	74	70	61	72	34	72	43	70	36	26	11	9	60	38	77	78	65	63	27	
47	18	13	65	72	21	55	53	41	10	3	57	2	71	35	23	52	56	63	71	9	35	79	15	44	65	11	31	48	22	2	12	37	12	27	26	63	80	28	54	39	29	27	70	50	10	13	18	64	70	6	22	56	34	34	16	17	73	76	14	20	76	23	77	38	47	25	49	78	46	19	32	24	75	19	74	35	58	5	47	
46	40	66	17	23	17	62	37	39	56	80	47	1	21	42	35	17	11	2	42	7	50	23	28	75	71	14	27	49	48	72	42	38	15	8	58	54	68	44	9	73	74	6	71	12	78	23	60	5	57	19	41	22	43	65	46	27	29	70	73	26	10	30	61	51	36	68	18	52	61	23	45	52	59	31	13	53	3	21	55	
54	36	13	25	23	27	20	47	5	7	67	29	47	48	39	42	1	56	56	80	66	29	40	68	4	19	78	54	51	16	58	23	1	69	77	22	44	15	18	47	52	3	73	49	46	61	9	74	34	12	72	17	38	61	2	43	29	30	45	78	75	18	50	76	35	76	53	76	8	60	41	9	13	62	5	57	40	55	79	26	
3	68	38	38	79	69	27	25	16	67	20	9	34	67	32	66	12	28	12	18	3	1	56	45	61	10	19	50	1	14	71	1	33	58	36	59	47	13	33	60	29	50	20	61	70	77	76	76	22	5	43	52	4	48	14	15	7	61	62	6	25	2	3	8	56	72	64	21	31	17	73	57	12	39	74	28	35	61	53	1	
63	45	50	64	42	14	27	46	72	6	1	14	4	34	17	10	51	29	25	79	71	47	6	32	2	23	57	63	5	59	61	13	53	28	26	12	39	51	11	61	7	8	72	40	36	41	46	38	17	68	33	5	37	68	35	63	9	43	43	44	49	21	48	20	3	23	31	67	71	52	45	75	69	67	30	24	55	27	57	70	
11	39	23	73	57	54	53	14	44	15	49	13	64	45	28	60	65	6	77	5	38	72	28	24	55	7	80	59	30	2	45	71	71	65	61	45	69	31	10	62	74	53	70	56	47	47	66	63	52	11	67	38	80	40	68	4	45	7	75	24	36	23	12	24	41	76	18	56	51	23	35	74	26	25	47	78	19	62	50	79	
70	61	22	19	20	31	21	13	33	79	35	18	51	44	72	38	64	7	11	31	60	76	23	3	48	24	22	65	30	26	49	50	79	68	66	47	48	36	57	30	64	9	46	33	1	37	20	14	71	63	42	48	54	14	80	19	67	52	80	43	69	78	41	25	16	57	15	73	10	74	45	77	25	4	55	55	75	28	66	56	
1	58	54	52	21	51	20	33	52	50	73	71	77	31	37	10	38	48	21	45	64	59	66	39	12	37	18	77	57	26	52	8	2	53	9	52	22	59	3	23	26	24	11	55	5	46	15	39	14	30	1	25	40	16	60	47	2	69	74	9	43	72	14	42	43	20	43	17	76	42	34	51	65	43	53	19	38	62	56	78	
9	5	19	77	18	76	41	18	14	62	24	54	51	67	45	12	36	5	22	62	44	6	62	57	78	32	25	33	11	79	28	51	78	46	42	48	70	34	12	80	10	65	51	13	49	47	19	35	47	71	15	41	26	73	49	21	23	69	52	63	14	29	31	41	72	69	3	56	50	53	6	58	27	7	17	26	59	34	61	13	
55	21	3	77	11	48	47	63	66	15	44	77	40	23	35	58	41	67	64	8	29	67	15	6	70	30	29	68	12	36	79	15	54	31	9	14	76	5	75	11	49	68	5	38	9	69	17	78	57	27	4	32	11	18	35	33	74	61	16	4	46	44	19	24	72	56	29	20	57	59	60	24	70	61	62	28	80	22	22	51	
46	23	80	6	68	32	66	12	43	31	13	6	72	58	53	13	30	31	60	37	1	36	58	20	47	66	44	42	6	63	42	2	36	39	5	53	21	22	62	12	48	25	16	69	3	18	31	28	46	9	13	77	74	71	15	40	4	54	28	41	67	70	37	51	56	71	55	73	11	65	2	7	7	57	71	45	62	24	64	59	
58	23	51	49	40	60	35	41	63	60	77	79	77	65	79	50	4	2	71	42	65	23	44	69	19	66	22	80	36	31	5	9	52	53	7	10	62	39	79	75	48	26	71	74	7	20	73	8	19	61	1	1	34	41	21	50	55	70	78	6	53	80	13	51	54	48	11	32	36	6	57	33	28	43	25	64	12	15	22	58	
73	19	56	24	8	24	23	60	43	18	63	11	15	24	59	63	69	17	42	54	20	13	5	77	4	27	10	43	39	29	19	61	77	25	34	2	46	54	63	38	21	72	47	34	48	54	46	64	68	37	36	40	79	41	31	80	14	70	72	50	51	9	62	44	30	12	74	25	16	3	12	35	73	58	17	49	59	66	49	45	
14	2	31	10	69	61	39	80	78	28	50	44	66	57	4	45	66	28	21	30	28	32	13	53	33	27	35	10	6	2	8	47	1	32	54	20	40	42	17	35	22	62	77	3	69	34	45	51	55	13	30	36	38	42	80	70	65	37	76	19	64	29	63	62	58	67	79	15	26	46	48	43	60	73	75	43	56	69	49	25	
79	69	7	35	27	5	53	42	67	78	58	48	24	38	59	80	54	8	11	1	51	7	71	25	30	63	64	3	1	23	54	78	41	59	30	66	61	32	57	77	27	33	43	48	19	18	44	71	26	4	20	23	46	37	45	67	49	26	65	48	2	68	43	47	44	22	52	54	53	28	50	6	7	9	72	55	54	70	75	27	
18	10	47	55	77	10	72	43	65	5	8	61	70	48	15	31	20	16	3	67	39	80	11	75	35	80	1	7	62	72	32	78	31	27	2	25	34	71	66	49	28	71	30	13	73	74	79	40	36	25	22	24	21	63	16	56	60	12	13	76	33	38	68	64	14	65	41	50	5	19	12	29	42	68	4	58	9	12	17	44	
34	65	62	4	43	28	7	52	68	14	40	19	1	24	30	13	37	15	8	71	67	49	48	53	66	69	28	72	75	70	61	58	3	72	18	42	16	16	12	33	60	50	1	10	21	60	53	7	73	11	76	54	55	73	25	70	56	1	14	1	22	68	57	18	59	71	57	23	32	17	61	40	17	5	47	65	63	51	69	64	
55	14	22	60	36	75	79	10	25	8	8	41	73	13	57	79	76	63	50	58	30	52	13	42	53	9	24	31	55	42	80	60	7	51	69	39	74	65	46	16	69	4	54	11	14	62	39	39	43	6	12	68	56	56	61	59	60	32	6	66	23	34	74	26	33	60	67	24	75	64	38	15	11	40	21	22	18	57	19	17	
12	51	25	17	22	33	72	32	62	75	14	34	26	4	58	56	13	70	29	37	45	15	47	53	57	17	24	21	23	34	59	36	79	79	47	50	61	37	79	72	61	41	23	39	76	78	42	48	65	68	71	60	1	67	30	3	2	5	20	53	64	27	35	13	24	80	60	38	64	8	21	78	49	41	28	39	69	68	73	3	
4	14	60	2	78	41	34	29	41	9	79	23	26	32	64	77	59	42	26	75	47	44	64	43	3	41	31	21	25	54	21	59	65	79	58	13	71	42	70	58	45	67	78	66	47	11	60	56	50	10	46	48	45	61	7	77	18	67	15	72	38	34	49	27	62	56	68	47	17	49	22	54	73	51	37	30	56	16	35	57	
48	30	19	12	6	55	37	53	40	1	43	27	65	40	77	43	14	55	39	25	22	60	29	36	56	15	63	61	27	49	34	24	74	2	64	30	8	18	80	76	16	72	21	78	31	13	70	72	17	27	47	67	39	73	22	42	5	33	18	62	78	3	3	28	32	19	48	68	31	79	58	4	67	26	24	46	71	11	36	7	
67	80	17	19	24	35	55	56	65	22	67	14	52	69	31	2	33	28	65	62	23	73	8	40	16	29	3	32	70	68	29	54	17	75	70	36	27	74	42	42	47	28	3	18	43	31	48	76	57	34	5	29	19	10	66	63	36	71	21	22	4	77	78	19	66	12	6	41	37	43	44	31	20	31	45	59	12	39	51	66	
64	52	46	31	11	29	44	45	47	5	17	45	74	38	14	6	2	49	75	33	7	24	13	56	51	5	32	60	41	31	75	54	34	37	35	41	15	75	4	55	78	48	50	20	3	12	55	80	58	47	63	13	67	72	67	36	76	14	48	65	74	73	36	30	24	70	63	39	12	16	40	42	61	38	56	18	54	29	10	19	
73	22	29	13	12	11	75	35	54	37	18	46	27	50	67	78	66	79	62	75	43	49	64	52	5	37	61	47	15	20	64	38	39	42	44	80	50	69	31	21	23	1	15	77	2	32	24	59	59	3	4	26	48	16	70	49	50	4	45	16	25	58	6	7	17	74	8	65	63	60	36	32	57	47	29	47	28	45	56	9	
76	9	20	73	26	38	71	22	34	33	33	80	9	63	1	25	55	78	37	32	56	68	14	59	64	35	24	41	30	30	42	55	36	11	45	54	48	40	73	29	63	57	27	21	39	24	74	49	51	28	21	24	47	31	1	59	16	58	17	75	80	60	47	34	16	10	35	61	71	43	6	3	44	65	46	23	2	13	6	3	
70	24	24	66	5	54	42	18	57	6	10	6	11	54	36	25	15	20	2	2	75	37	80	23	16	51	68	47	61	71	47	1	13	21	62	49	24	52	62	31	55	21	34	64	24	19	7	33	38	4	65	30	71	59	80	39	28	65	3	38	56	77	43	16	47	47	12	20	18	72	53	67	41	80	48	62	17	2	45	58	
36	23	75	24	31	23	57	57	6	11	44	8	32	29	54	76	73	62	14	5	3	59	22	40	58	19	51	24	18	12	67	51	64	10	25	13	30	30	19	65	34	59	22	16	7	73	9	29	4	52	62	5	61	1	74	66	17	77	4	68	35	26	65	18	28	9	27	10	34	42	22	17	51	41	29	53	70	69	78	65	
68	59	18	46	7	40	61	53	31	14	36	64	32	16	78	14	53	54	47	3	45	66	17	17	62	75	16	37	60	43	51	45	49	70	40	56	23	19	55	4	63	38	65	11	8	12	50	53	15	46	57	57	29	19	20	3	11	67	69	20	27	37	72	71	20	52	73	72	22	45	74	79	32	12	39	33	48	7	9	77	
50	5	67	29	53	36	63	64	18	47	31	40	33	11	60	2	16	2	72	30	76	14	27	25	20	14	56	16	52	56	78	50	12	9	28	61	42	6	40	57	2	21	46	32	61	23	65	71	22	51	24	15	14	74	70	62	37	43	77	4	54	17	51	58	25	76	35	19	31	26	70	30	42	66	11	29	6	73	9	68	
72	60	22	3	79	43	14	33	1	6	37	49	21	35	20	74	61	52	6	9	25	25	69	65	8	31	36	44	50	41	49	39	47	22	71	44	58	3	76	56	38	63	53	12	11	69	80	21	70	35	27	44	62	45	26	14	73	10	54	42	1	54	28	45	75	47	38	46	79	30	51	35	40	20	57	77	46	48	15	57	
21	72	21	75	34	74	7	23	2	12	59	80	60	35	79	48	3	30	43	76	9	11	60	44	61	18	70	48	7	2	24	22	71	39	46	27	62	50	75	61	58	4	13	67	36	4	32	65	29	77	14	73	33	68	27	45	3	47	8	36	80	28	55	66	16	25	38	78	19	63	6	26	6	15	10	52	45	41	32	31	
62	40	8	43	28	63	36	58	27	40	11	26	18	17	37	64	32	31	8	4	5	16	24	66	59	29	65	49	17	13	69	27	9	29	19	57	6	51	67	61	41	73	80	8	10	67	68	66	11	74	63	12	42	35	33	44	15	7	37	26	50	23	3	49	45	19	56	79	20	36	71	58	72	7	70	60	76	1	77	2	
23	8	37	7	39	12	43	48	17	29	25	16	49	23	16	43	72	67	40	9	53	47	67	27	52	76	5	40	73	30	66	14	35	21	21	71	62	20	36	78	37	11	41	42	30	54	28	19	37	65	26	6	61	38	31	32	30	80	19	55	44	4	63	79	57	33	64	34	39	50	59	27	54	18	58	44	66	9	47	60	
18	20	7	78	6	67	56	65	1	72	35	42	23	47	38	73	77	50	54	31	14	30	54	18	41	61	79	57	63	44	25	30	15	62	24	49	49	29	31	45	19	63	4	38	28	69	60	52	37	31	34	78	64	36	46	47	21	48	53	26	39	32	58	45	6	26	43	2	55	71	44	22	7	77	8	61	66	16	33	16	
45	60	10	50	13	52	51	25	42	17	2	74	41	50	68	77	25	28	76	74	16	37	46	17	63	77	75	44	14	55	8	52	32	47	51	78	48	21	49	7	61	53	78	22	45	64	46	67	40	39	10	56	25	62	20	5	43	45	57	51	18	3	54	80	48	24	70	12	65	37	65	43	31	44	15	73	58	59	57	20	
15	66	17	37	62	39	36	55	29	31	56	43	32	25	38	28	73	58	38	57	43	4	49	72	77	57	67	5	30	69	16	70	10	29	22	17	13	6	68	39	35	40	31	19	24	26	41	1	74	28	8	70	63	51	71	55	32	76	56	9	5	20	72	6	78	42	15	11	46	30	79	34	17	60	41	61	74	36	14	18	
56	12	1	66	15	53	45	65	70	43	67	73	62	8	24	9	47	69	46	9	17	40	66	63	15	56	37	38	10	42	55	11	2	3	72	10	4	60	73	71	52	13	10	30	14	33	35	10	18	31	48	64	67	32	43	34	5	36	19	39	76	69	51	20	68	66	29	69	77	54	8	48	58	15	27	19	44	8	59	10	
35	23	24	51	3	14	80	5	40	19	41	58	35	39	76	52	50	59	70	43	20	75	37	25	42	58	74	79	63	53	38	15	20	57	63	21	68	14	56	64	62	45	33	11	29	58	12	2	28	79	68	77	23	22	54	60	78	41	55	9	47	43	25	9	17	40	25	36	76	31	10	52	71	72	13	17	49	61	42	30	
49	29	52	69	47	20	45	75	15	49	4	78	42	51	3	8	34	57	41	27	10	79	28	26	68	72	37	67	74	28	40	37	53	14	55	50	31	49	43	66	47	70	62	9	38	63	11	21	36	80	77	71	28	23	8	13	40	1	28	32	19	18	14	73	36	18	76	6	2	59	64	61	46	45	16	34	22	24	54	5	
53	47	70	79	18	77	50	56	73	20	33	35	31	45	56	51	12	40	47	28	15	61	4	59	17	17	21	65	72	60	67	41	55	54	67	74	78	25	44	13	42	26	44	67	22	15	69	30	3	64	53	16	43	6	24	52	57	34	36	45	58	59	29	12	21	46	32	48	23	27	58	62	48	51	71	66	15	7	45	37	
68	48	30	56	50	50	58	51	30	42	39	66	7	70	27	57	60	61	23	71	78	29	74	76	77	64	20	10	17	53	26	34	59	1	7	16	48	62	21	27	25	52	12	24	65	68	76	41	72	47	28	20	73	18	13	19	28	22	58	46	23	31	73	2	29	77	34	33	7	49	54	22	18	11	73	79	32	67	69	14	
66	10	63	52	29	73	21	54	46	76	11	15	24	40	1	3	28	64	56	34	60	22	4	74	65	74	23	2	13	5	48	69	43	26	39	66	52	9	71	42	2	75	6	57	57	7	6	34	19	59	15	79	30	17	18	8	10	67	41	15	21	34	1	60	10	78	43	58	27	26	47	31	50	49	32	24	4	34	55	18	
42	25	42	70	33	57	29	70	48	63	5	11	16	32	69	54	51	65	27	77	4	26	51	2	69	34	55	22	15	61	36	55	76	75	43	35	3	66	13	73	79	44	7	42	32	66	18	31	43	75	50	75	9	50	28	27	80	6	46	12	11	1	16	14	23	57	58	53	70	20	43	68	59	74	59	37	8	72	8	10	
54	62	73	12	54	17	52	59	45	80	12	50	28	26	80	79	29	53	48	48	68	39	30	76	34	36	60	35	21	64	33	24	40	55	65	7	21	27	7	63	45	49	66	71	25	70	60	3	67	24	45	51	13	44	74	46	58	50	31	28	72	6	2	16	61	63	57	76	38	10	9	72	11	21	56	26	41	66	23	12	
39	66	9	53	8	79	38	15	3	60	42	58	63	39	25	71	21	24	64	47	30	27	37	70	72	42	26	20	28	61	30	16	76	32	60	33	64	16	48	55	75	4	67	5	72	2	78	9	31	7	10	3	65	72	69	48	71	35	65	49	35	41	49	29	23	37	11	80	39	55	5	66	62	68	16	76	16	8	3	38	
43	38	69	18	59	5	64	39	58	77	74	10	35	41	70	7	16	76	5	6	48	39	16	51	21	28	44	34	63	78	19	23	63	38	47	39	45	53	79	15	80	22	55	60	57	40	65	23	65	67	23	61	55	46	62	24	60	25	56	51	52	23	14	31	65	1	17	47	3	10	12	72	58	71	49	68	11	32	4	8	
47	27	45	20	8	25	73	18	74	45	8	75	17	18	49	25	56	63	69	43	24	78	32	79	11	78	29	13	59	11	1	60	67	71	30	23	11	16	37	35	8	42	23	54	9	22	2	53	6	15	31	55	10	74	47	51	26	55	61	77	15	12	2	3	76	23	48	40	66	4	69	80	14	41	43	79	62	36	7	10	
80	43	61	39	35	56	9	66	60	18	51	72	55	78	18	49	22	68	34	36	14	20	21	4	11	12	32	23	77	32	27	74	70	38	31	53	10	67	23	19	2	30	42	54	15	55	52	61	69	3	11	79	70	64	33	14	70	62	30	2	45	7	8	61	73	39	32	37	21	13	46	52	21	3	56	34	7	57	41	72	
57	49	26	27	60	58	69	46	64	16	61	21	52	66	32	43	51	13	68	22	18	31	25	31	67	79	30	68	54	49	62	56	50	27	37	23	75	19	20	7	65	76	25	34	17	8	72	11	16	14	62	33	38	2	10	53	29	15	35	26	24	42	36	59	66	63	40	11	80	45	15	70	70	77	44	32	38	32	39	38	
38	50	63	26	48	67	25	24	32	57	47	51	53	76	52	64	6	75	24	35	69	68	42	58	54	2	3	28	63	72	64	51	45	77	73	37	12	47	59	44	22	54	36	19	78	31	5	1	30	21	66	43	7	23	16	10	55	49	35	56	68	55	3	62	46	26	9	60	70	12	63	65	67	23	58	11	51	74	39	29	
26	20	65	61	41	30	68	45	24	53	6	9	19	78	61	59	53	71	66	40	73	48	79	7	69	8	27	74	20	47	9	33	16	69	13	6	14	29	50	35	3	43	74	17	70	52	21	42	65	76	29	8	72	75	41	57	62	49	44	68	55	48	56	10	67	15	14	31	38	11	62	1	51	5	34	70	60	49	28	4	
72	7	76	62	60	34	34	38	30	25	55	31	23	22	64	39	35	75	67	18	37	77	1	36	80	29	33	3	78	3	69	17	3	19	74	60	74	57	47	58	80	23	32	52	40	8	20	19	41	71	49	65	65	66	27	14	12	72	18	48	67	5	53	36	43	43	42	44	54	73	68	41	10	61	42	2	65	50	13	14	
69	76	28	5	63	42	13	17	61	25	52	45	56	49	21	48	31	43	79	78	29	64	63	73	42	57	62	58	19	24	20	36	22	45	35	29	36	45	41	15	30	37	57	25	30	71	70	62	60	66	1	3	80	13	72	48	65	8	12	34	28	61	67	66	26	51	10	56	14	76	75	2	62	1	6	10	15	71	18	74	
6	48	16	3	64	1	70	73	77	32	24	53	9	40	26	29	8	33	35	50	55	52	31	37	45	65	42	5	56	57	22	59	54	34	10	29	63	75	19	52	55	78	51	62	41	66	40	66	44	72	54	16	49	13	80	61	79	39	38	74	60	67	80	19	71	4	75	14	27	47	15	5	36	55	11	12	72	76	75	43	
38	67	77	80	20	2	61	49	61	21	38	56	20	30	69	53	62	13	16	39	54	34	68	36	36	76	45	18	73	73	77	29	75	69	57	15	11	33	52	22	4	35	75	47	14	14	17	79	24	69	61	27	7	78	76	36	72	21	51	64	39	46	39	31	70	43	44	25	74	48	43	20	74	37	65	5	46	31	40	19	
17	6	43	15	37	20	1	26	79	1	45	26	76	27	7	57	67	47	30	10	4	74	21	78	55	3	29	51	64	53	68	71	11	63	36	40	27	35	10	18	32	40	72	25	16	74	33	21	75	59	23	21	50	39	19	55	71	9	19	5	42	34	73	48	10	28	3	54	56	10	80	6	2	20	60	39	52	9	57	34	
71	77	45	63	64	8	29	4	76	2	5	36	29	75	32	68	49	32	51	23	72	47	59	21	14	37	58	52	42	33	31	64	55	23	38	36	28	12	69	53	6	79	39	65	26	1	54	66	48	18	34	74	14	47	7	27	3	60	30	64	41	13	69	15	34	61	7	49	62	22	19	16	4	55	77	56	70	44	61	40	
11	13	27	22	9	65	76	77	4	51	7	25	54	25	66	73	74	12	39	14	26	17	16	60	11	11	56	36	4	35	64	18	78	35	68	79	19	59	23	1	24	55	50	28	78	72	16	24	74	16	25	47	44	49	37	50	75	76	2	29	27	30	38	52	76	41	45	8	22	62	42	10	80	28	20	61	21	34	3	6	
37	49	48	25	10	17	77	25	19	20	53	67	69	43	41	55	2	34	12	21	42	64	18	24	9	68	38	16	22	30	46	73	76	17	15	44	55	45	1	62	11	49	79	63	4	62	71	2	20	69	52	48	3	63	75	9	6	21	23	33	5	66	26	24	27	68	2	76	57	79	7	9	54	47	36	8	13	5	76	20	
25	78	65	28	9	4	30	1	52	13	31	2	17	5	54	72	23	51	64	7	8	21	9	80	52	20	67	62	52	11	32	26	14	48	49	12	79	24	16	3	56	69	15	73	71	50	58	10	53	17	79	46	41	27	36	64	75	55	54	18	61	22	18	32	52	29	24	74	67	66	72	39	49	76	58	40	65	35	75	63	
53	31	59	14	49	44	3	71	21	54	65	23	57	80	73	50	42	41	45	26	27	30	62	20	50	37	6	63	24	7	41	21	19	16	70	18	9	64	3	67	34	17	72	8	46	58	5	12	16	43	30	66	23	52	38	68	13	38	47	42	37	34	60	80	74	40	20	6	25	44	55	51	75	76	22	53	5	8	1	48	
52	2	33	21	45	64	5	62	51	77	21	38	28	53	31	26	68	72	28	41	65	35	39	1	27	42	43	25	47	16	70	44	48	56	62	4	64	17	22	64	12	66	23	68	34	44	25	31	76	67	69	48	16	20	37	65	10	31	24	8	43	36	59	11	37	58	46	29	30	57	75	63	38	48	50	3	32	10	30	15	
77	44	14	38	13	6	78	20	25	34	57	65	67	51	29	15	58	60	55	79	74	3	11	61	35	13	49	69	12	37	2	32	23	40	75	41	33	5	7	68	36	54	76	50	56	9	59	39	18	70	35	31	57	79	4	11	8	16	24	47	30	51	12	1	5	74	26	35	42	80	52	18	63	27	59	48	10	17	62	46	
