27	79	10	34	74	12	4	68	17	69	75	63	73	53	59	32	34	78	43	9	16	58	48	76	13	4	66	51	21	47	27	18	57	15	75	49	57	29	65	71	15	11	3	37	60	11	67	11	6	27	50	19	34	14	44	44	52	27	45	17	72	68	33	78	1	57	77	7	3	61	27	20	65	62	2	74	70	66	5	70	
42	80	39	73	11	80	67	56	57	60	70	78	46	52	73	76	27	66	80	59	74	56	24	8	32	25	79	16	39	30	35	78	28	71	20	68	21	36	72	75	14	12	70	58	61	13	2	37	29	31	46	51	4	19	56	33	40	5	1	34	38	41	23	7	53	77	23	22	26	15	45	69	43	64	43	44	3	6	47	50	
22	14	18	23	30	71	5	68	24	80	13	4	60	66	8	60	56	29	78	31	71	40	18	42	53	10	71	43	2	39	11	21	50	58	74	78	47	76	15	68	26	57	70	35	72	27	12	77	5	41	28	25	28	73	64	78	32	5	75	31	44	30	3	41	6	73	36	2	19	80	20	41	7	38	79	76	63	34	70	17	
22	45	40	79	35	21	74	65	23	14	45	15	41	76	52	44	66	37	75	2	34	12	72	37	47	15	62	59	46	50	74	19	44	63	14	29	33	38	11	6	49	5	17	39	79	18	33	16	53	25	45	36	42	67	21	31	79	1	7	43	80	30	9	48	10	22	68	51	56	27	76	54	62	13	10	20	25	55	57	26	
15	16	58	46	80	76	74	28	74	31	19	23	58	26	14	66	44	78	56	49	55	49	20	67	8	59	73	62	49	43	5	61	9	60	24	37	53	48	62	77	76	79	17	51	54	28	68	15	57	71	13	60	69	62	45	75	38	65	53	4	25	55	63	63	32	36	49	35	33	61	29	27	64	75	30	70	72	42	72	34	
30	34	3	17	13	75	8	48	57	11	2	31	15	61	11	77	46	10	29	76	68	7	51	74	31	27	51	1	66	72	24	13	23	56	59	33	48	18	32	22	25	29	52	37	40	12	63	4	18	42	29	5	45	35	74	78	53	42	26	36	31	79	79	6	51	55	37	49	69	62	68	14	39	70	78	80	77	16	38	12	
49	7	45	11	33	36	34	4	28	56	37	8	51	33	9	51	38	71	17	24	49	35	65	6	20	12	31	46	19	9	57	66	13	50	26	76	3	57	77	60	62	63	67	64	46	25	63	1	14	77	54	11	61	36	47	79	45	74	42	62	39	48	78	43	15	19	40	47	27	62	30	37	44	39	18	38	68	29	36	22	
23	7	30	34	73	73	31	35	16	21	46	46	66	72	7	29	8	72	74	31	52	47	66	44	3	32	79	13	58	64	32	33	20	59	61	10	1	40	75	14	59	70	58	76	62	14	22	17	3	43	45	4	7	60	45	39	41	73	2	48	54	30	77	24	38	6	31	68	76	55	80	5	49	56	78	19	18	44	34	25	
36	28	52	40	37	14	29	76	37	27	73	41	7	66	61	74	22	11	60	15	14	9	16	54	61	42	23	28	33	5	43	67	30	12	56	17	56	2	42	44	59	32	79	15	48	58	6	67	18	15	31	28	21	77	34	31	35	53	56	19	54	49	79	38	10	57	50	20	4	7	55	12	68	51	24	33	62	63	49	39	
72	29	49	43	22	78	23	4	79	77	17	51	75	45	2	2	15	47	15	50	3	18	58	68	19	80	51	73	9	17	14	30	44	13	70	15	40	43	20	37	37	64	5	61	25	4	60	38	1	24	36	32	40	11	49	55	40	21	6	46	33	10	26	25	52	45	39	9	7	8	43	71	63	45	53	12	78	27	74	28	
80	26	56	69	66	22	42	24	69	70	19	50	75	43	72	45	37	26	2	39	59	42	28	39	4	74	75	31	50	65	55	48	39	61	66	23	32	25	76	17	44	44	64	36	36	5	29	70	62	28	27	37	19	51	73	52	77	65	3	74	78	4	71	35	13	58	7	41	29	1	8	70	46	79	55	6	30	1	14	2	
58	37	36	74	37	59	75	61	72	72	53	68	25	41	52	35	13	56	73	40	5	30	27	43	17	79	67	70	29	77	69	36	63	22	60	50	29	51	28	19	72	78	4	14	38	53	46	80	58	76	36	62	16	12	52	62	42	71	49	18	15	39	51	1	6	64	42	32	31	20	80	48	15	2	65	1	6	23	78	10	
40	63	67	53	25	69	32	62	54	78	78	66	62	79	11	17	55	2	46	31	19	44	77	64	74	5	62	27	57	9	34	14	22	51	64	45	37	13	55	8	41	2	24	51	30	65	65	35	15	60	68	32	23	8	16	47	11	26	69	20	63	52	28	2	21	9	75	6	51	48	49	42	80	65	10	29	78	31	58	12	
79	68	71	50	26	33	12	66	55	30	80	67	31	25	66	49	31	58	4	32	54	45	68	51	27	25	28	54	44	79	62	72	65	50	39	40	1	1	23	5	59	20	69	8	42	4	7	22	11	7	52	63	50	70	62	29	43	4	78	2	34	9	71	47	14	60	4	38	57	24	40	73	73	59	23	64	61	26	3	67	
62	2	79	61	18	10	37	56	43	64	7	73	70	27	38	75	4	70	31	11	11	20	26	33	76	46	14	5	21	15	21	80	45	49	59	60	56	45	66	48	28	69	39	13	46	29	37	3	13	17	7	53	67	30	6	60	25	47	13	44	59	31	41	53	34	49	63	2	12	77	50	34	65	36	1	59	16	68	55	52	
77	60	23	61	39	56	70	63	20	32	22	28	13	12	31	39	58	14	71	18	6	68	1	18	21	74	74	28	54	79	78	80	8	50	10	44	55	30	55	72	58	27	50	68	36	80	25	44	38	15	11	72	2	10	9	48	1	33	29	4	35	53	34	37	51	40	26	24	66	30	46	75	54	16	11	41	39	43	1	76	
75	9	63	22	48	20	19	79	1	42	80	25	43	63	10	12	20	62	32	36	9	74	59	13	35	67	50	71	50	80	14	44	38	76	14	4	44	31	2	42	21	29	17	65	9	53	71	60	32	52	44	70	44	23	32	28	5	31	17	51	28	33	43	16	52	7	17	15	33	46	5	6	24	26	27	34	37	35	39	3	
4	80	70	77	17	51	23	50	80	69	52	57	14	11	70	16	18	36	59	76	79	61	29	21	30	41	1	48	73	37	49	75	66	67	69	32	35	41	3	64	27	47	40	71	7	26	38	53	12	13	76	8	22	24	58	1	62	56	79	5	42	76	2	57	60	14	6	44	9	39	63	29	10	14	54	36	74	15	3	78	
11	76	36	62	48	13	14	26	17	9	58	8	2	3	63	11	47	66	5	48	18	59	25	47	22	71	32	9	70	64	36	30	60	69	42	55	30	52	30	78	58	6	1	9	8	61	17	48	77	18	15	44	75	35	40	46	56	69	4	43	51	38	24	64	57	65	30	10	31	66	28	7	11	27	12	16	37	67	68	72	
73	21	25	17	6	14	61	59	33	14	51	1	49	71	8	55	50	67	7	78	73	34	33	2	57	74	44	45	49	53	24	74	71	79	38	26	9	48	4	39	60	51	72	27	71	28	30	40	10	35	66	32	65	17	63	71	8	24	31	11	74	5	76	15	79	68	41	6	29	70	74	12	42	61	62	58	36	9	16	76	
41	78	25	55	12	5	43	49	59	23	5	52	25	30	15	53	11	50	56	37	38	80	40	24	10	51	79	44	56	45	39	46	42	59	54	79	13	47	77	69	63	1	69	48	27	80	8	35	2	13	21	65	10	58	6	57	26	35	9	31	75	43	29	62	61	74	58	14	34	52	32	46	3	60	80	66	79	4	10	77	
46	61	59	5	36	14	51	11	46	10	72	70	50	16	49	50	39	56	12	70	25	41	33	56	40	62	34	37	64	70	63	59	48	38	62	35	80	62	74	75	69	63	65	68	28	60	67	66	33	77	4	8	71	67	67	25	47	9	59	27	28	42	36	75	24	47	29	54	26	17	52	45	29	58	31	6	43	53	73	18	
41	22	23	57	6	1	79	49	39	7	26	64	74	59	55	48	23	30	19	80	75	14	72	25	69	20	24	54	16	42	69	56	61	9	28	16	41	58	62	76	61	8	8	5	13	13	50	65	40	66	13	31	29	2	3	17	51	55	21	64	46	6	35	24	43	15	37	33	32	48	60	29	52	60	34	18	70	78	76	63	
13	6	41	40	5	38	5	54	42	21	67	5	55	52	26	47	62	12	75	30	9	47	56	9	24	5	20	44	80	45	22	43	48	57	80	2	43	3	5	4	52	71	7	24	39	31	68	50	68	12	77	27	56	53	33	29	10	51	70	35	12	8	74	11	13	72	14	53	23	44	58	76	32	61	44	21	34	61	65	48	
70	11	72	75	11	23	21	12	22	41	43	32	77	67	70	7	6	76	58	25	69	60	45	48	31	8	64	14	16	78	57	3	10	46	79	47	66	46	9	6	4	1	68	80	64	54	5	68	13	16	10	71	73	5	65	49	40	44	56	54	74	30	55	28	2	79	1	17	42	77	51	43	15	60	19	57	31	18	74	61	
29	1	75	13	38	56	58	73	49	63	44	38	10	47	64	32	43	52	70	2	80	31	74	71	8	65	77	69	3	68	79	28	19	71	72	51	76	78	41	42	57	34	30	64	2	10	48	39	12	33	5	8	14	15	28	53	27	55	37	24	40	66	1	8	5	4	9	78	67	6	69	11	31	50	3	59	56	46	54	20	
28	67	54	39	79	80	8	21	51	74	74	42	56	72	78	58	10	4	5	22	1	24	8	61	70	40	37	74	5	1	9	29	66	62	17	14	8	23	64	8	46	8	2	52	31	75	59	36	27	61	7	57	34	45	35	21	3	21	44	35	53	50	13	68	63	27	30	65	79	11	69	43	16	66	15	75	12	66	32	32	
77	65	6	28	27	71	78	26	41	40	59	10	39	68	26	14	13	53	76	41	62	13	32	27	75	39	19	33	55	1	60	1	64	15	58	35	4	54	58	43	43	66	1	79	51	25	11	13	30	34	3	38	44	32	69	70	21	31	16	73	57	73	25	33	5	80	65	42	2	73	35	41	56	27	71	61	1	36	67	29	
60	19	61	22	49	73	7	67	22	52	9	76	42	29	62	76	57	73	33	55	63	9	46	69	34	35	42	64	58	58	39	36	74	18	6	41	40	43	56	11	12	65	37	2	8	14	76	68	35	59	66	48	63	28	33	50	57	72	27	64	79	16	49	23	63	53	13	20	44	71	29	66	45	15	52	51	25	77	62	21	
50	45	55	30	70	5	25	77	26	2	10	55	16	56	75	78	59	5	12	19	67	71	68	30	6	69	33	56	63	41	64	63	3	66	42	22	72	65	48	44	73	56	18	76	29	40	20	7	42	29	53	58	49	74	37	80	57	16	54	76	54	1	51	9	62	8	57	79	70	23	31	3	4	73	28	54	32	45	11	20	
24	57	75	70	44	29	19	51	42	22	36	45	5	34	48	4	39	23	20	59	43	77	59	72	67	37	71	47	79	76	63	25	3	64	40	76	38	56	43	74	75	28	36	30	59	34	31	48	54	80	24	46	74	32	63	58	66	3	53	63	1	33	39	29	7	69	55	73	49	15	61	68	72	52	13	50	77	2	14	6	
70	69	76	13	16	55	20	32	8	70	12	2	21	73	60	56	61	31	43	51	75	53	66	17	17	77	63	43	22	26	74	38	43	65	49	7	70	66	36	75	54	77	27	24	68	35	77	78	15	72	44	8	40	27	23	6	52	34	79	20	9	71	56	80	3	22	4	22	37	41	46	46	33	69	64	17	57	8	45	67	
76	4	23	64	60	74	68	61	58	65	79	15	3	4	12	2	55	13	22	10	48	65	80	30	5	57	76	6	14	36	21	39	69	41	20	78	32	7	59	38	18	9	50	17	6	62	16	61	70	67	16	72	8	20	14	35	19	40	38	32	73	57	66	60	47	11	55	29	37	63	71	52	63	33	75	77	42	37	73	27	
48	7	44	47	16	7	31	64	44	66	12	35	72	28	44	37	60	16	15	13	75	76	14	7	58	77	78	15	59	13	71	22	17	32	18	63	39	46	44	30	62	10	62	3	33	23	37	5	69	1	19	13	77	58	20	49	4	37	24	59	49	2	31	21	63	79	74	50	41	36	77	53	38	8	53	25	61	40	26	51	
38	64	57	30	40	23	28	41	60	71	49	55	70	31	66	2	24	58	1	62	44	75	63	32	32	33	45	10	70	13	54	25	76	60	4	62	34	29	52	40	50	50	12	36	77	27	69	16	35	66	29	74	11	8	56	42	38	48	47	58	57	51	79	80	65	32	15	10	14	61	2	57	30	8	43	54	67	28	70	16	
11	44	39	51	1	11	6	36	7	2	45	61	52	39	11	59	69	20	66	77	30	14	3	8	54	43	59	32	68	76	46	31	37	34	75	38	41	79	21	80	33	60	56	78	49	16	53	67	33	70	13	12	79	13	18	47	55	74	35	71	19	71	17	57	22	41	37	23	69	9	10	24	16	14	25	62	26	28	78	8	
31	40	17	60	51	32	56	54	61	3	42	72	23	8	74	74	48	61	36	33	65	43	47	78	2	8	10	57	51	38	13	31	75	27	8	77	11	14	46	13	45	37	34	65	44	25	9	7	4	49	69	17	35	34	50	41	71	6	6	39	38	54	19	62	73	57	58	30	68	17	76	30	53	23	52	12	55	51	59	78	
10	34	46	40	19	7	22	5	8	57	73	75	21	13	55	43	64	26	23	1	73	12	30	74	33	24	35	28	25	80	56	62	63	17	21	78	54	69	32	12	42	55	3	15	62	7	53	76	62	74	73	6	36	50	75	65	70	27	41	9	58	14	68	71	60	37	16	31	54	45	72	18	20	77	55	32	29	38	40	44	
47	42	39	78	10	64	12	29	9	2	68	14	45	53	32	23	38	46	3	10	7	70	52	55	10	26	31	65	78	49	20	42	11	9	71	48	70	33	73	27	30	58	38	74	63	19	51	15	61	79	56	18	64	57	72	23	31	17	6	25	15	59	16	53	66	35	17	60	75	8	77	43	67	60	69	40	77	62	4	55	
53	8	22	34	61	8	9	39	55	12	61	19	62	32	69	41	14	4	38	72	9	28	64	21	42	78	11	32	60	11	37	24	49	68	7	58	15	11	16	17	20	25	34	31	49	52	20	59	53	55	79	11	33	12	66	71	7	70	50	58	29	34	79	74	7	43	51	50	45	65	16	63	36	47	38	3	17	55	10	23	
28	38	60	58	79	39	75	3	25	43	11	2	76	38	73	29	70	72	76	34	4	9	41	37	6	75	69	52	48	28	20	26	63	77	80	59	33	74	11	7	62	18	42	51	53	27	78	40	49	22	21	50	62	61	35	16	54	21	65	47	46	12	1	58	29	18	66	63	7	30	14	18	51	48	67	43	24	13	33	70	
65	51	69	43	58	24	10	57	72	72	22	71	21	9	43	50	56	59	55	12	2	19	28	73	15	12	36	37	61	15	66	36	16	74	76	70	45	34	44	35	53	15	20	75	56	11	77	26	66	78	37	17	39	12	7	52	22	68	38	73	3	43	60	46	67	5	63	40	47	25	60	4	79	28	29	42	35	8	14	54	
29	47	64	18	56	67	67	27	53	54	50	3	48	24	76	30	25	56	57	9	31	65	10	17	11	34	5	74	68	17	41	49	13	23	62	18	42	78	43	40	49	44	40	45	14	33	72	68	39	77	75	66	12	36	80	19	61	2	42	79	52	4	43	58	51	26	78	6	51	65	59	15	55	33	8	66	20	1	6	60	
25	27	65	33	57	62	1	36	14	40	32	59	69	24	35	37	45	60	72	41	40	65	53	12	15	11	27	61	6	28	67	58	52	41	8	64	53	9	11	16	43	73	74	61	46	56	15	42	63	36	75	21	19	78	62	66	5	39	48	39	68	16	18	65	17	19	40	70	54	2	69	47	22	20	24	23	16	71	51	77	
21	44	47	37	38	58	18	72	14	8	28	27	20	40	41	57	7	31	30	10	61	48	53	34	55	26	46	21	11	16	47	32	8	14	16	43	19	63	33	30	67	10	6	38	47	45	9	9	73	35	12	51	79	13	1	4	39	44	59	77	10	22	36	13	58	70	5	73	50	35	53	35	75	56	68	71	23	26	71	42	
58	31	8	7	42	37	40	28	30	11	23	35	58	76	77	33	63	80	23	64	64	73	49	56	78	66	47	15	7	67	50	16	14	10	19	4	74	8	61	21	48	2	5	25	75	80	54	6	77	26	65	11	51	62	64	43	42	57	4	52	39	3	58	4	9	26	12	1	31	18	48	79	13	53	48	35	79	20	71	32	
74	4	33	69	62	46	29	22	21	67	65	58	63	75	8	68	16	40	14	79	51	59	23	60	59	67	48	55	35	31	78	27	33	28	11	52	71	70	63	41	49	77	47	29	66	57	45	31	9	9	25	57	17	44	76	73	30	61	80	60	12	73	37	71	50	49	64	70	72	44	34	27	78	71	5	54	1	48	2	77	
6	24	4	20	17	68	11	43	45	38	52	5	28	4	23	27	76	5	16	54	78	72	31	66	10	36	69	79	30	68	73	33	46	26	3	56	43	44	49	38	80	18	41	23	52	11	1	47	48	10	47	40	29	75	55	37	58	41	33	7	60	57	69	50	79	71	55	39	35	53	74	25	70	63	75	2	22	9	29	64	
30	25	53	56	20	58	13	73	18	72	27	24	45	44	23	42	29	77	77	6	46	21	26	63	80	50	49	19	70	32	33	51	48	35	23	15	10	62	37	55	58	14	76	16	55	17	4	2	42	30	38	7	48	13	22	77	60	64	45	1	37	74	46	34	26	18	47	64	78	1	36	79	12	30	45	17	79	43	52	35	
71	2	73	68	12	3	14	23	14	58	19	48	80	62	79	55	30	75	37	25	76	70	54	35	49	12	2	42	4	46	26	23	47	12	41	55	12	52	27	55	29	42	21	55	57	49	28	1	43	14	55	64	1	25	49	5	66	50	72	19	11	15	6	54	56	31	59	18	78	34	70	60	73	9	32	78	6	7	77	45	
14	46	58	44	21	25	41	37	68	61	3	76	78	72	80	51	18	7	62	16	38	1	15	60	38	70	54	41	69	77	40	79	73	11	72	12	31	64	75	49	41	75	74	63	64	22	59	32	26	70	74	13	69	5	24	27	72	74	66	10	68	17	38	59	54	28	18	2	8	42	47	77	71	38	58	80	60	34	30	33	
22	20	77	8	21	16	29	42	39	44	49	56	5	5	64	60	65	31	9	18	22	4	13	7	71	68	2	78	51	29	29	70	76	54	27	14	23	6	10	57	76	15	61	79	41	73	14	17	21	11	33	40	18	43	75	78	63	79	26	62	55	52	80	45	58	24	8	72	59	11	1	53	47	12	3	17	2	35	46	45	
43	76	35	79	68	27	30	77	50	50	55	20	53	54	65	23	26	17	43	38	57	35	36	19	68	72	16	60	17	11	58	55	5	7	3	24	63	27	51	30	31	21	78	77	22	56	47	79	22	6	59	80	70	12	13	56	75	58	67	10	66	37	14	20	41	14	73	21	71	40	1	23	8	76	6	69	1	3	4	46	
5	62	15	72	70	57	45	16	64	28	54	47	14	17	17	61	60	6	24	48	77	22	12	78	48	47	7	45	49	7	18	50	65	29	73	5	36	32	17	20	8	20	11	20	34	59	22	13	19	74	9	2	13	21	29	10	62	37	51	26	36	65	21	25	40	14	53	27	67	31	38	25	41	74	42	19	52	13	60	58	
4	66	8	48	2	34	52	11	63	53	33	49	67	3	68	24	9	67	77	71	3	62	13	36	50	4	4	56	15	60	54	54	51	60	12	72	11	16	1	24	64	74	70	46	63	6	18	67	75	19	7	69	76	22	57	66	20	54	32	63	31	35	30	23	23	68	17	52	38	43	73	10	23	65	5	37	13	21	19	79	
61	55	66	77	71	65	60	40	36	41	56	17	73	33	69	34	13	32	3	42	72	74	2	43	7	3	76	14	53	43	10	31	18	24	25	3	43	34	78	70	72	39	44	19	64	54	49	27	3	46	20	71	74	14	68	69	48	58	52	16	17	73	44	63	42	21	14	75	50	4	14	80	77	47	35	53	51	77	31	57	
72	43	71	10	6	52	29	53	58	59	63	24	47	57	3	5	72	15	79	71	49	42	60	38	6	13	37	7	39	66	61	34	23	44	35	27	46	67	73	23	70	6	45	64	65	74	19	49	8	46	40	1	4	48	31	7	64	65	55	43	77	13	20	17	11	54	76	56	73	15	16	1	50	4	80	28	75	12	25	24	
44	60	20	45	24	48	80	29	62	39	22	60	2	42	22	4	41	44	6	23	56	42	55	55	43	38	3	31	65	21	52	51	31	22	46	4	67	41	34	47	29	50	52	66	38	72	61	8	33	9	48	49	5	17	51	40	79	54	19	12	63	25	57	36	40	18	38	58	8	26	64	70	17	22	59	52	53	54	69	25	
16	12	12	14	26	53	47	25	6	15	60	11	65	33	45	22	80	1	76	5	15	78	21	62	16	63	30	8	33	74	30	76	2	39	3	57	39	4	28	46	13	7	9	10	35	77	45	69	74	73	67	38	66	37	16	32	16	75	36	79	70	15	72	66	18	71	79	40	20	18	3	28	20	34	51	24	26	48	66	49	
33	3	37	47	41	1	76	51	73	59	1	9	72	69	24	73	12	13	63	24	28	11	1	45	44	49	47	17	47	34	65	26	62	46	77	18	48	15	19	67	22	13	73	43	77	20	35	34	25	44	57	10	53	54	46	10	59	40	23	14	20	36	37	79	30	56	21	71	70	29	6	37	72	28	4	64	39	60	27	31	
21	23	44	71	72	6	30	74	75	4	37	12	33	23	40	11	76	3	80	14	27	34	50	46	59	44	29	48	17	71	15	68	41	52	55	62	5	2	53	77	2	39	43	64	67	76	72	10	78	20	12	54	2	7	15	13	1	73	56	45	16	18	32	50	64	79	61	17	30	31	19	31	21	22	42	79	24	65	76	35	
32	39	19	31	42	63	44	36	4	44	76	13	56	20	12	69	49	70	35	75	50	79	54	77	72	45	10	18	26	3	60	55	69	78	35	28	9	73	13	10	65	38	53	40	7	64	56	4	80	8	1	79	6	80	62	23	42	22	34	65	21	11	69	12	37	25	65	5	43	33	2	29	15	54	14	52	66	67	61	15	
24	5	6	59	76	17	75	38	35	62	50	6	18	36	42	4	19	55	76	47	32	75	70	44	77	80	12	5	20	14	44	38	15	79	43	3	16	37	68	77	9	35	31	24	21	22	26	25	74	51	69	23	46	56	16	72	7	26	28	53	69	64	8	77	27	77	33	55	39	14	54	66	1	30	40	16	49	22	38	41	
63	56	13	56	31	27	46	65	2	14	34	68	27	69	16	38	63	73	10	41	8	15	35	39	36	14	80	40	25	33	73	6	7	37	59	65	59	50	78	18	13	30	76	41	47	42	24	59	32	31	17	63	72	71	12	55	9	11	7	28	67	77	59	22	61	44	3	43	3	49	48	19	8	75	80	53	27	25	62	5	
2	75	65	76	15	26	48	46	29	79	20	53	71	77	64	52	67	16	39	60	43	32	22	1	50	54	50	30	23	28	31	22	55	11	44	17	49	30	63	13	24	33	8	44	37	21	42	11	34	28	6	35	56	56	25	36	25	38	57	76	4	25	27	3	45	4	19	17	64	27	62	4	58	17	7	43	40	37	18	18	
62	52	42	67	24	15	39	78	68	35	72	69	57	36	70	40	38	34	6	53	10	15	61	60	29	46	4	61	32	48	76	45	21	72	63	36	79	17	62	65	80	51	79	7	37	24	44	24	46	79	71	54	13	41	63	38	37	12	49	22	55	43	58	17	59	47	2	55	80	64	68	1	61	18	1	26	28	74	36	30	
78	25	27	31	14	39	24	79	52	65	15	53	59	70	67	32	53	68	40	1	11	54	75	57	65	28	21	49	48	55	63	69	26	39	16	70	77	64	71	74	47	80	46	56	17	60	32	18	75	2	15	73	66	39	74	80	76	8	43	60	13	52	42	66	8	61	52	3	36	35	79	31	31	65	33	74	44	61	9	37	
1	30	53	63	8	77	55	18	31	45	74	37	13	35	51	19	37	21	49	26	5	38	3	65	53	39	55	20	12	13	80	35	67	47	11	69	70	22	5	24	56	26	10	66	58	66	2	14	23	3	62	28	41	63	11	7	12	13	47	54	20	44	5	2	42	45	25	26	60	32	73	64	40	78	6	46	46	33	5	68	
26	64	43	59	77	43	15	6	2	13	55	21	54	9	50	36	51	63	11	58	29	2	38	19	79	65	17	69	18	19	4	35	29	42	45	25	44	54	57	33	61	62	2	59	68	48	52	69	60	53	44	39	52	31	6	76	14	17	20	54	64	23	7	7	8	66	65	37	50	47	22	60	69	49	68	30	46	32	56	40	
34	41	11	1	69	18	25	31	32	36	35	39	1	46	75	6	35	51	69	43	34	37	12	75	9	30	55	50	57	20	19	6	58	27	47	75	73	10	56	52	76	16	13	26	76	77	27	28	77	45	14	28	38	29	53	32	2	59	40	56	73	60	10	5	21	78	24	41	48	29	7	33	66	40	57	11	71	26	42	60	
21	48	38	49	17	8	33	47	13	55	19	36	61	58	34	19	2	5	64	33	66	12	62	78	1	57	6	64	37	71	74	52	68	30	49	39	66	77	79	76	51	44	29	47	19	10	63	54	44	69	1	24	31	8	59	45	62	60	11	12	43	7	12	26	70	59	56	46	53	50	68	57	10	21	16	63	21	41	26	14	
17	24	68	43	63	35	69	41	10	29	4	46	60	48	21	39	20	25	34	27	71	16	73	31	58	47	8	36	61	62	42	73	40	25	65	19	57	51	6	15	32	41	8	9	77	30	74	46	50	52	70	69	24	18	17	77	44	53	58	23	64	13	37	33	61	38	29	76	19	67	78	46	26	3	3	45	59	49	7	55	
3	18	41	9	52	7	35	7	57	33	50	40	34	4	5	44	54	63	61	68	43	56	64	10	12	64	46	21	8	79	70	37	53	31	69	16	30	49	19	45	74	18	25	57	55	27	23	20	8	27	39	59	1	26	60	38	80	62	50	38	76	66	65	41	44	50	67	21	17	21	66	51	36	1	22	4	58	28	63	58	
53	10	62	3	23	28	38	51	27	37	5	14	22	17	53	13	16	54	29	61	12	1	18	24	39	28	57	78	7	35	53	59	64	70	9	42	2	80	8	50	31	40	14	1	3	15	9	19	65	68	27	55	20	42	29	44	20	4	71	23	6	72	28	73	47	34	24	77	46	58	44	16	48	7	41	47	18	76	10	36	
64	67	5	77	28	59	71	44	9	68	15	65	77	49	4	42	31	27	41	1	33	29	39	26	64	48	18	80	19	40	30	29	12	61	57	65	50	73	58	44	55	70	59	73	69	63	34	34	36	16	72	14	42	52	36	60	74	52	61	42	27	32	70	66	16	75	8	76	76	55	9	59	2	43	49	7	54	79	78	38	
12	49	45	4	18	79	55	45	3	57	6	26	37	67	39	46	9	38	68	70	9	55	47	40	51	45	72	15	41	51	47	2	54	43	34	66	37	42	22	73	71	23	7	11	36	44	39	75	28	56	62	67	30	59	17	24	21	80	36	13	48	32	10	52	70	76	27	57	58	78	65	74	48	5	77	33	67	61	25	19	
59	37	78	36	29	9	57	62	38	46	70	43	71	37	78	10	21	54	65	77	13	19	17	79	11	31	39	75	34	4	37	11	38	33	42	80	68	48	60	24	7	78	15	28	26	36	40	73	7	18	2	6	32	80	41	73	67	63	22	10	14	55	48	49	12	7	20	16	4	54	69	8	5	74	44	23	27	18	19	32	
35	32	67	12	59	19	34	52	29	49	47	44	17	10	46	45	68	33	67	45	36	50	3	70	73	65	9	12	1	47	75	60	77	9	22	51	58	53	4	51	51	3	72	18	2	69	60	21	41	67	78	26	60	72	7	54	5	14	5	37	5	27	12	20	34	63	45	48	40	46	4	2	72	23	38	31	76	30	24	62	
10	13	7	19	24	30	62	58	46	15	14	47	40	50	73	70	30	35	28	61	37	50	34	20	61	60	41	53	1	8	27	40	56	73	64	21	15	66	69	59	77	76	54	42	78	79	55	22	31	32	32	9	80	1	71	63	49	17	68	46	65	79	38	11	25	10	22	20	74	51	26	17	6	29	80	67	23	52	28	75	
7	15	7	25	3	62	2	46	34	50	41	79	77	74	44	8	1	11	51	20	48	5	67	62	23	63	38	41	71	18	39	12	24	75	33	18	60	61	13	32	58	52	28	5	80	16	36	29	56	4	73	54	78	55	33	14	68	19	10	49	30	76	59	54	69	6	31	45	63	26	11	70	27	41	72	22	9	25	43	65	
