4	50	63	43	5	24	63	58	56	43	67	29	42	4	49	58	16	9	57	12	67	68	65	35	49	25	42	73	66	38	43	44	77	15	1	79	37	61	6	10	21	70	69	13	24	71	20	69	74	74	30	10	11	12	75	56	34	33	79	51	69	39	42	17	52	41	12	40	51	47	77	22	67	64	64	8	79	2	26	22	
24	53	29	31	62	20	4	46	51	80	44	69	69	5	1	70	74	42	25	42	7	19	13	23	2	75	28	28	26	51	47	45	53	73	25	32	11	59	27	11	8	69	77	74	22	27	61	14	67	3	6	30	21	15	43	49	38	68	76	60	71	40	54	70	63	77	52	33	55	78	34	58	16	56	9	65	10	60	79	17	
13	28	36	62	72	76	60	28	14	3	37	30	71	8	17	50	34	65	68	38	10	47	44	21	51	43	3	80	52	27	13	15	53	46	73	42	71	2	19	1	3	54	60	74	11	75	70	42	9	8	77	16	52	69	67	52	29	19	55	30	45	12	42	48	56	64	37	78	64	57	27	66	56	4	4	79	28	5	24	66	
77	49	79	78	35	15	79	13	32	46	72	25	56	31	20	61	13	54	54	26	57	78	39	31	33	40	44	9	29	65	73	55	63	68	2	47	34	79	58	62	42	80	36	47	27	53	57	69	56	30	44	37	59	80	11	38	38	52	43	16	67	32	70	47	50	20	45	80	17	50	12	8	48	44	4	71	14	59	10	19	
5	51	47	10	48	7	45	35	57	37	49	73	67	67	69	34	4	30	63	50	78	71	7	41	32	8	61	75	64	20	11	18	68	8	26	65	12	21	18	19	54	16	8	70	80	27	53	33	55	36	1	1	22	6	40	2	13	50	28	23	19	72	39	9	74	14	24	38	31	66	1	42	79	43	54	29	62	25	58	34	
55	8	32	73	41	21	73	80	21	48	21	37	32	57	71	21	20	39	4	48	22	2	31	50	69	2	75	49	24	2	1	28	7	61	18	78	32	40	76	50	38	13	42	67	19	24	43	36	60	39	33	34	70	14	78	56	45	72	22	25	74	51	43	26	62	11	21	44	80	46	47	35	8	77	23	25	52	55	12	58	
43	73	7	30	4	2	35	78	22	7	14	41	8	6	16	18	14	36	58	13	30	17	76	35	42	15	57	8	19	21	63	57	39	67	36	72	20	21	68	38	25	30	28	61	34	44	77	45	25	52	6	53	19	80	5	58	46	11	64	57	59	43	65	13	60	49	3	76	69	67	66	41	23	40	19	1	78	24	40	54	
15	75	22	31	24	56	6	64	17	66	70	71	58	2	34	67	48	33	60	64	49	72	22	13	29	39	7	57	49	76	27	61	69	78	41	10	4	44	23	18	59	11	38	67	42	69	51	7	52	62	73	18	3	8	60	30	76	19	3	77	10	63	5	28	6	45	36	9	12	65	54	14	16	16	79	55	80	46	20	77	
56	29	45	57	35	22	34	60	36	66	52	76	42	55	21	77	16	58	2	51	60	53	61	25	60	9	29	6	4	37	80	57	64	74	62	48	14	13	25	79	28	27	72	68	31	11	14	78	14	15	43	23	63	54	46	73	59	71	30	65	66	57	67	39	49	46	38	60	10	58	8	34	35	78	69	62	7	62	70	50	
72	16	70	4	19	32	74	75	53	51	5	28	26	69	16	73	64	49	1	70	24	6	54	56	3	22	67	36	33	40	3	23	5	71	55	21	51	79	45	21	47	47	78	70	65	11	59	48	57	9	66	31	13	37	36	43	8	20	77	38	57	29	9	11	16	15	29	17	10	76	67	60	68	62	74	52	23	7	47	80	
9	30	57	19	17	10	59	54	60	5	10	66	31	48	75	76	59	21	10	67	42	26	70	28	5	61	28	25	12	72	52	20	22	26	68	65	69	75	37	43	77	78	26	58	41	50	3	50	23	10	34	60	33	52	38	68	62	62	44	72	51	11	40	24	35	27	2	53	15	71	13	41	63	65	49	32	36	55	73	51	
8	49	28	71	51	15	56	30	74	15	19	75	56	58	12	40	29	43	7	72	29	14	62	7	31	28	59	58	27	72	26	31	41	4	19	9	16	24	66	39	37	35	32	42	40	45	79	65	1	38	6	60	46	67	63	23	10	44	79	68	26	54	14	18	7	33	50	52	52	34	9	47	18	69	29	57	27	36	69	61	
57	72	33	52	54	45	72	14	79	20	76	55	24	39	18	28	19	66	78	20	50	4	7	64	22	34	68	46	7	56	52	13	75	34	63	78	77	3	41	25	53	67	29	74	23	45	21	39	61	46	58	26	79	60	39	27	42	24	15	47	30	64	59	51	48	67	49	41	70	5	16	71	31	42	62	41	37	32	35	36	
73	3	36	69	13	24	37	52	77	49	16	53	30	69	22	26	6	17	17	23	19	30	10	37	21	20	27	55	78	54	65	20	8	51	39	18	24	73	25	19	40	31	69	28	50	9	42	56	22	57	25	70	4	32	58	53	1	34	57	76	4	74	14	8	41	59	54	15	72	69	29	29	60	48	44	61	5	3	62	24	
56	74	43	8	22	48	59	53	77	65	45	30	54	9	67	43	7	38	55	77	57	80	23	24	45	16	22	47	17	70	20	25	60	12	60	31	9	68	80	4	50	74	63	22	1	48	62	36	35	33	32	9	64	2	62	26	16	3	27	66	69	39	34	78	1	10	28	7	75	56	40	76	78	21	14	75	18	29	60	51	
58	8	9	68	39	20	10	52	52	61	63	36	50	14	63	48	21	37	4	46	41	42	38	36	12	1	60	27	55	37	28	28	74	64	45	31	2	5	32	50	65	15	35	30	24	47	27	75	2	29	69	40	20	56	73	31	6	50	7	59	36	33	36	34	43	79	56	49	1	8	40	62	17	24	51	70	69	66	13	22	
44	78	9	60	4	79	38	7	78	40	63	31	18	17	56	57	13	61	47	43	64	36	21	29	57	11	14	75	28	55	44	66	50	50	76	51	78	63	8	73	21	68	54	36	35	59	45	46	39	6	36	52	39	58	76	48	15	41	70	38	12	32	62	11	80	47	16	74	27	16	19	77	34	71	62	67	1	21	65	31	
56	12	31	12	16	25	7	29	13	74	64	22	54	67	62	50	63	70	74	40	36	40	34	67	57	46	49	50	64	58	32	38	67	59	79	80	1	3	60	44	26	72	63	78	56	74	2	37	61	68	75	46	61	57	30	31	20	29	3	4	3	27	69	71	35	17	17	35	50	73	27	5	13	8	21	67	33	15	53	41	
32	44	4	7	50	31	35	68	9	63	19	10	11	37	26	41	51	40	23	18	62	48	41	72	3	58	8	62	70	58	19	20	52	20	24	51	3	12	36	7	69	4	14	25	38	39	62	42	27	34	6	43	30	45	60	64	19	65	41	13	73	58	56	73	75	29	74	28	35	33	46	20	59	73	47	49	28	54	2	5	
38	5	40	17	78	17	77	14	33	67	50	54	42	56	76	67	1	67	9	65	42	69	2	51	59	74	14	37	79	45	70	34	79	28	79	75	74	73	38	55	58	6	58	49	58	52	66	8	68	24	71	27	9	22	75	72	14	39	53	40	3	41	23	80	15	19	21	39	11	56	18	16	12	7	15	4	13	77	25	53	
18	11	29	58	30	23	71	72	58	39	30	56	27	49	3	42	65	22	75	24	76	36	69	3	52	33	19	37	60	71	40	75	79	65	4	59	5	70	47	11	61	26	17	2	25	17	73	39	77	15	62	13	48	79	45	17	31	61	6	41	49	43	63	77	28	61	53	55	80	50	64	56	29	30	7	46	76	34	2	66	
40	12	24	37	8	66	52	66	76	4	22	74	41	2	68	60	12	69	32	10	67	45	15	9	72	19	51	70	44	2	77	33	11	18	67	49	1	71	64	75	70	36	18	29	66	5	37	79	22	20	34	38	13	46	47	3	15	43	17	8	48	11	42	6	58	54	1	9	50	62	1	59	46	23	36	30	53	26	55	21	
37	6	56	79	80	49	79	12	9	45	17	1	6	4	34	62	56	32	67	45	43	17	53	6	63	6	33	61	25	34	79	11	68	5	8	66	51	36	75	9	78	42	40	33	76	72	44	2	20	60	74	12	77	44	15	7	47	76	18	21	27	46	30	13	48	68	76	48	20	22	55	50	14	19	31	4	3	71	33	52	
48	25	57	72	66	21	28	63	15	43	1	39	6	60	2	3	44	26	48	14	43	51	10	4	60	69	37	8	57	67	7	54	9	12	77	25	31	21	5	42	13	3	30	50	61	28	49	54	10	45	17	76	16	59	77	24	42	32	60	52	47	63	19	6	27	44	29	56	18	30	53	25	33	72	71	40	49	68	46	50	
63	10	44	26	63	69	46	54	49	23	19	13	36	67	19	58	29	73	61	41	20	21	16	80	43	35	37	42	53	30	8	33	37	1	56	17	18	51	20	64	71	38	26	57	21	40	63	3	62	40	70	80	12	1	77	50	39	66	9	36	11	45	66	79	76	47	44	14	7	67	22	27	15	52	33	65	48	13	68	24	
3	47	11	11	77	37	10	61	18	48	13	58	42	76	52	34	66	13	72	20	72	12	77	36	55	27	21	7	69	28	18	70	72	60	29	18	15	37	78	60	2	6	67	41	32	38	24	45	79	46	63	22	55	9	53	59	65	20	68	54	45	30	71	66	39	48	4	1	2	31	58	33	30	44	24	14	34	45	54	25	
8	66	75	12	72	77	68	54	16	1	54	9	60	73	73	15	39	24	13	70	48	21	22	27	13	42	36	71	36	7	45	74	72	37	3	11	32	69	62	46	18	65	2	75	57	72	8	44	45	50	31	10	23	49	35	30	40	21	18	26	25	13	17	43	47	17	51	76	38	62	78	51	52	69	53	49	19	80	14	55	
49	71	12	65	69	76	47	59	13	13	2	66	22	16	27	67	30	26	14	15	5	31	63	79	50	55	45	8	54	5	10	50	25	20	32	11	17	26	67	24	68	66	7	8	79	64	23	59	6	65	72	41	13	3	37	11	55	35	19	25	70	28	24	20	41	9	48	3	29	36	56	18	51	33	52	76	73	71	4	28	
53	24	66	15	24	52	23	29	1	37	3	63	10	25	20	80	28	67	80	54	46	6	18	11	16	66	38	39	6	41	15	9	12	79	21	33	48	74	59	78	60	12	61	67	36	28	64	62	13	14	62	55	17	29	14	32	44	80	20	49	67	31	57	76	65	24	68	58	47	67	50	24	77	58	8	27	3	22	35	26	
32	15	12	45	73	55	24	36	54	38	80	69	16	3	63	69	56	38	41	21	23	40	74	16	17	32	41	18	50	25	57	79	37	19	74	28	68	15	61	69	1	9	55	46	43	67	32	47	22	22	64	74	14	8	8	23	37	78	67	5	20	70	33	7	3	26	64	27	68	75	38	29	31	49	61	72	30	44	34	2	
62	46	71	23	51	75	43	5	22	60	38	40	47	68	75	79	41	56	48	26	51	36	77	74	76	52	12	52	13	74	49	24	70	34	44	37	58	39	71	80	13	59	66	10	76	61	50	34	64	4	11	63	37	1	54	65	50	14	31	12	6	27	35	69	67	78	55	34	28	2	72	73	3	45	15	76	57	32	7	32	
65	66	10	19	18	9	30	16	50	10	25	51	35	55	70	11	78	74	74	22	18	5	41	18	45	35	13	48	17	23	75	79	3	33	48	52	71	75	14	40	4	36	39	67	44	25	76	38	48	19	6	64	24	77	79	14	32	40	57	80	57	2	72	9	66	69	7	54	13	20	9	46	3	47	29	42	19	53	24	27	
69	60	78	6	54	26	17	32	15	24	25	21	23	46	60	4	32	64	8	42	80	44	37	33	38	63	70	55	34	43	21	22	20	48	57	71	71	25	53	36	42	75	54	14	39	31	48	19	45	51	10	74	13	47	23	52	27	49	52	9	5	70	28	29	67	30	41	56	54	11	58	39	40	12	50	22	76	16	72	67	
16	77	58	26	71	78	23	15	38	25	51	38	44	24	7	29	50	77	34	14	37	72	3	21	35	50	40	56	14	27	39	27	54	14	52	42	42	23	4	77	45	53	64	6	72	20	65	39	47	15	2	1	5	2	21	35	9	9	8	12	34	48	37	41	10	36	76	46	56	79	72	55	77	11	6	66	23	67	54	68	
80	53	17	1	4	34	65	2	41	22	44	24	15	78	58	19	63	3	63	69	29	7	36	26	7	44	6	59	56	57	43	53	59	9	3	13	41	66	44	31	37	5	4	49	33	59	67	16	11	77	79	37	8	64	61	35	54	60	11	27	68	10	76	74	9	12	36	18	14	78	28	45	32	30	20	62	38	26	37	44	
20	52	30	48	65	4	80	35	19	8	58	76	9	3	23	47	77	53	43	37	48	22	32	30	78	72	41	31	15	62	24	65	66	54	33	45	6	28	79	16	67	5	44	26	6	60	67	34	61	59	66	61	76	47	7	71	37	46	51	1	54	25	63	35	29	11	39	28	68	63	41	2	58	36	22	64	7	38	11	69	
15	26	72	8	70	75	29	56	35	76	55	7	50	36	70	74	75	16	17	12	69	7	12	77	36	64	55	78	19	63	6	31	38	75	71	25	67	46	79	20	71	3	56	39	37	79	28	60	41	42	80	59	47	4	53	33	61	26	21	27	40	24	8	73	16	32	54	2	67	1	51	56	5	55	11	68	49	68	43	37	
28	55	14	24	3	64	53	59	39	23	35	26	45	40	48	57	60	45	56	47	70	54	50	14	27	10	71	23	76	57	9	53	29	21	26	30	34	31	38	22	49	69	46	9	58	43	63	35	5	68	36	72	71	78	4	47	7	25	19	32	29	34	78	8	44	21	37	26	51	20	52	57	41	42	49	13	33	62	77	73	
79	23	8	19	49	40	63	50	60	2	74	6	22	22	11	14	72	75	69	36	43	64	28	31	53	75	76	3	6	68	19	4	41	25	19	6	62	31	7	72	27	28	33	80	47	67	41	39	10	32	21	51	42	47	34	10	71	22	45	78	9	58	26	78	1	73	5	12	20	13	1	15	60	29	24	35	16	15	17	17	
71	28	18	28	24	46	67	12	65	26	35	23	34	57	50	63	78	48	72	49	1	70	74	57	45	47	30	4	59	36	51	52	13	65	25	35	60	10	43	74	65	76	46	16	1	12	77	77	14	18	78	38	38	66	44	80	29	73	33	38	58	80	37	68	14	61	19	23	21	11	15	31	6	58	45	34	20	72	64	29	
38	54	61	73	67	23	70	44	43	52	79	17	49	32	2	13	37	50	33	51	58	77	80	11	56	72	46	21	12	22	44	47	21	55	37	3	74	56	48	67	57	73	1	23	20	34	68	55	31	53	55	7	42	5	15	45	24	7	62	35	57	26	29	75	78	15	27	19	20	25	34	4	10	38	47	28	14	30	32	42	
74	4	78	66	6	43	27	25	47	6	8	21	59	66	45	1	79	22	16	17	40	47	42	2	30	5	24	72	62	5	64	6	10	63	69	39	19	14	14	15	48	51	66	31	34	65	21	32	79	35	76	68	34	65	70	9	18	38	78	77	41	11	36	76	71	20	33	35	60	77	80	25	44	62	46	75	11	64	56	68	
48	80	54	28	63	36	67	77	71	62	23	61	22	53	55	38	20	41	70	78	30	20	20	73	30	17	15	19	28	24	5	75	16	8	50	27	73	34	56	13	46	26	74	65	79	44	22	49	2	40	40	57	8	10	45	37	54	9	52	3	26	6	21	72	43	25	16	39	52	18	76	48	41	66	29	69	58	1	29	7	
70	18	59	74	57	53	61	28	59	64	56	34	65	26	23	66	45	68	39	13	3	32	58	74	46	35	62	53	67	35	55	50	3	69	73	60	33	50	40	42	63	41	73	73	71	48	47	25	30	4	4	63	72	75	76	29	36	60	37	38	13	4	38	13	16	28	20	51	42	3	43	4	49	78	77	22	23	71	80	2	
24	61	62	6	2	65	64	24	44	13	12	53	46	46	15	59	71	63	55	48	64	10	80	22	20	26	73	40	12	66	39	67	76	51	70	74	33	4	47	77	44	8	75	43	52	39	16	72	20	21	37	3	59	68	52	78	7	79	33	50	9	23	30	1	25	51	24	57	47	27	5	41	26	28	76	80	8	42	16	30	
59	50	55	34	34	57	27	70	47	10	36	60	61	63	3	32	28	62	3	25	73	25	64	48	74	6	72	79	45	6	21	50	5	26	1	38	78	58	65	76	17	9	80	27	21	77	56	79	4	6	20	71	66	31	69	52	35	67	49	75	1	18	43	64	2	73	8	22	9	22	11	46	7	3	12	33	28	13	30	37	
1	45	46	57	74	32	58	24	40	55	48	18	70	40	31	11	67	78	27	12	52	66	56	59	18	76	7	43	68	32	22	16	24	61	23	14	43	29	67	2	1	64	47	20	54	76	30	35	25	61	43	21	67	50	77	4	41	1	42	58	62	9	23	3	69	75	14	60	20	37	57	19	53	63	35	15	46	12	45	71	
61	38	4	77	7	33	76	73	29	35	80	8	73	20	9	64	11	51	66	60	30	39	75	70	10	59	2	4	71	76	23	78	31	53	72	64	13	65	54	59	52	52	16	39	21	55	46	62	24	29	40	48	18	64	68	56	43	69	57	28	60	36	22	9	79	11	25	26	74	73	3	72	80	48	30	45	27	71	32	37	
17	12	34	64	73	19	37	31	35	11	57	45	66	24	4	59	32	22	5	55	12	34	46	36	79	21	78	14	42	51	80	8	12	65	69	6	32	27	63	23	70	71	59	47	7	59	25	73	78	56	41	7	39	35	72	67	4	74	36	43	75	27	49	77	40	37	29	24	56	9	36	38	76	13	1	76	68	58	69	3	
59	56	19	14	36	9	31	37	25	57	29	42	33	75	36	71	60	72	10	65	68	43	51	12	4	1	3	69	53	15	50	61	17	17	27	1	23	51	70	78	30	12	41	56	40	22	76	18	34	35	28	20	27	76	56	39	74	7	14	79	18	13	54	63	26	76	60	80	77	44	2	19	8	60	32	38	79	21	1	35	
2	58	76	25	51	50	50	43	53	14	68	21	28	40	33	78	69	10	73	59	2	16	26	35	75	48	23	21	18	21	53	12	80	72	33	77	70	32	69	3	42	55	43	62	44	74	9	26	36	79	33	65	15	57	17	34	53	37	54	64	7	49	24	32	4	8	58	61	36	45	80	1	17	41	6	10	63	11	66	11	
39	15	23	48	21	38	79	72	20	1	6	57	48	27	36	36	31	12	43	64	54	41	9	30	78	45	27	58	5	42	18	41	55	39	40	24	24	67	13	7	19	47	49	63	70	79	52	22	40	8	35	11	77	71	60	25	66	36	32	64	76	47	60	2	35	43	26	8	59	61	1	72	28	74	50	16	22	50	58	62	
2	39	20	80	24	1	51	38	63	6	17	59	76	21	49	30	59	71	35	65	44	62	53	65	54	52	22	25	16	78	2	48	65	23	41	40	46	9	72	27	38	43	79	31	60	3	57	65	58	41	47	48	52	18	64	55	67	4	77	33	25	77	76	10	45	66	44	42	24	33	68	59	69	12	13	74	8	14	15	28	
6	4	13	53	52	66	25	68	61	51	18	4	44	42	41	39	26	2	75	56	64	8	55	1	49	12	29	5	21	29	14	54	32	22	58	31	36	79	16	14	80	30	47	44	21	7	28	43	4	23	38	17	57	41	19	23	50	37	24	20	28	67	73	76	37	45	31	70	73	40	2	74	17	46	61	47	1	9	28	10	
60	17	17	32	54	62	3	20	48	27	69	61	43	57	54	75	51	28	64	44	63	14	66	77	9	39	65	7	74	8	39	80	21	5	59	26	64	72	74	61	32	77	45	71	67	43	78	40	29	75	24	80	6	7	27	12	70	42	49	14	43	5	10	15	7	76	67	23	79	58	4	25	36	35	16	18	31	71	1	45	
63	22	77	18	55	51	60	74	6	26	4	79	29	44	41	33	59	25	49	51	2	46	72	66	29	80	31	10	21	39	3	33	56	24	49	20	73	60	42	28	5	44	26	26	45	62	7	13	37	11	61	35	78	2	48	56	52	76	12	50	23	41	32	69	64	34	40	4	8	77	30	3	70	50	58	24	65	17	36	15	
50	45	80	44	45	44	49	74	69	12	73	9	51	22	28	27	2	14	28	4	41	55	37	32	58	44	5	64	8	66	76	56	28	29	46	22	65	45	52	52	62	37	10	17	7	35	73	6	46	54	39	4	25	26	66	36	19	61	6	57	53	38	31	21	53	23	41	67	16	3	36	68	68	79	31	77	28	33	27	34	
75	19	57	41	70	39	15	6	46	18	59	43	78	34	57	48	5	47	36	27	53	18	33	33	11	60	54	36	31	44	9	49	42	63	7	29	48	20	64	45	66	40	79	64	26	53	69	26	21	9	3	24	25	23	77	68	33	80	56	13	32	57	61	66	70	65	58	34	37	26	74	51	67	22	63	9	25	35	71	71	
74	7	3	16	25	29	78	6	26	78	20	50	52	72	34	43	5	76	21	67	55	49	35	34	15	40	66	38	72	77	30	15	1	27	60	49	8	11	57	28	6	65	5	53	7	58	40	9	12	13	73	54	56	54	33	17	22	49	59	36	42	73	77	67	48	62	34	63	60	4	75	60	18	19	37	54	32	20	19	64	
29	3	60	29	9	11	43	47	57	16	29	48	34	23	32	2	76	63	46	52	16	73	62	63	39	41	34	15	58	43	71	35	75	49	62	36	9	54	75	65	15	56	60	51	74	9	55	18	26	38	19	67	57	79	47	53	37	1	57	44	70	78	77	64	57	13	12	3	61	35	14	75	5	72	34	31	29	27	42	80	
64	13	64	67	38	28	32	26	55	36	66	43	37	12	23	24	17	77	23	29	15	34	14	49	54	78	73	1	20	69	78	30	73	60	16	41	39	75	50	11	31	74	51	8	2	23	29	52	3	5	62	46	65	25	18	37	21	6	71	69	72	14	53	6	33	61	70	58	4	68	65	61	45	76	80	7	9	44	57	40	
75	68	1	57	11	38	44	60	37	27	78	52	39	44	59	59	54	35	38	55	16	48	40	9	61	15	26	61	9	80	46	80	67	41	55	34	73	15	3	60	72	78	62	32	72	33	36	43	17	20	18	60	69	46	20	47	10	45	54	48	77	19	45	55	3	50	30	29	14	42	6	3	57	60	64	46	43	23	7	8	
30	52	15	46	15	35	38	55	22	41	19	11	6	18	24	7	60	44	30	28	21	63	23	37	71	36	74	60	43	27	66	26	76	75	17	40	56	3	49	74	51	61	35	45	29	79	1	4	40	64	53	9	39	12	34	42	57	58	38	47	79	17	68	25	54	32	14	45	33	55	69	32	65	20	18	5	17	19	39	5	
26	9	43	63	29	80	39	1	58	73	46	75	40	62	49	5	43	61	42	25	65	57	47	47	77	14	2	41	60	71	74	3	78	35	15	50	59	6	78	56	26	44	48	63	53	16	9	12	24	2	35	8	54	30	10	75	73	13	33	55	4	60	3	19	40	52	80	20	49	7	68	79	33	34	17	36	21	10	45	70	
5	31	52	6	10	52	1	78	3	61	77	67	34	29	25	72	74	18	6	71	9	23	60	75	5	61	32	78	22	16	44	55	2	45	59	4	15	55	24	47	33	51	34	19	77	78	37	20	46	72	12	50	12	70	70	14	79	42	41	15	55	35	74	27	7	80	73	40	48	13	17	29	13	64	76	8	61	39	25	53	
19	31	53	59	47	41	70	76	79	68	37	3	12	53	78	5	46	19	44	10	61	76	71	72	60	62	77	67	39	51	37	7	32	6	64	76	75	3	18	22	73	52	23	69	28	50	26	65	66	16	25	76	9	43	65	15	53	17	31	10	14	65	45	41	20	26	72	50	58	21	63	36	54	51	53	24	34	74	5	49	
7	59	42	10	20	57	54	69	66	9	75	26	17	38	64	65	14	52	25	68	77	37	51	76	69	23	15	22	44	48	66	46	26	58	5	43	35	56	55	49	7	50	70	20	51	57	2	74	48	63	9	78	11	11	68	40	30	36	79	70	29	71	66	53	70	21	36	25	26	41	62	30	4	49	2	73	60	79	8	47	
5	14	38	20	21	58	73	79	4	69	18	62	1	33	28	68	51	13	11	74	50	18	57	3	19	50	17	61	80	53	25	1	65	61	47	34	40	34	71	67	55	30	52	54	60	24	72	61	70	70	5	66	35	54	22	47	56	64	25	63	34	80	2	49	59	42	6	40	26	11	60	78	38	75	75	48	25	76	25	9	
10	25	25	33	28	38	36	79	21	52	47	51	53	74	29	56	35	44	45	7	4	51	43	39	20	24	4	44	34	59	79	32	32	30	14	58	55	41	54	72	42	48	72	40	46	5	54	22	78	49	26	80	7	61	71	57	26	22	16	57	2	50	38	31	61	60	33	65	52	6	54	3	1	5	38	51	42	37	9	25	
66	32	54	75	35	42	44	62	59	17	65	5	50	28	58	31	20	8	10	57	41	15	5	40	41	70	35	68	23	34	48	80	18	10	68	53	78	64	69	5	74	79	6	67	9	63	44	58	19	51	44	57	26	33	14	2	25	39	67	34	22	52	78	34	11	55	43	6	71	36	45	45	24	44	61	61	54	22	38	72	
23	16	48	66	79	8	66	16	78	78	7	15	55	13	80	7	18	59	12	69	45	50	67	18	44	42	1	45	61	64	33	2	75	31	20	23	38	79	73	26	75	17	70	72	27	68	4	36	76	37	22	39	34	34	52	74	77	5	35	4	10	17	41	32	41	53	52	71	46	43	49	69	52	54	57	3	49	6	29	11	
35	1	64	70	32	60	8	57	54	75	7	12	7	39	40	46	4	11	66	79	44	61	16	45	11	71	38	13	22	17	79	58	47	55	74	44	41	76	31	36	3	35	9	22	73	34	80	26	72	80	52	65	62	66	27	19	6	15	57	29	61	55	77	30	68	18	10	40	23	29	25	25	66	18	48	2	4	59	63	71	
56	27	53	76	40	78	33	43	42	7	21	20	9	15	73	17	58	79	54	66	18	28	45	38	80	2	63	74	10	32	62	14	6	70	75	44	22	56	39	50	60	57	67	77	13	69	80	68	78	12	3	47	60	41	70	61	48	46	46	8	31	37	9	30	36	79	71	59	53	26	12	64	78	32	77	11	36	3	21	43	
27	21	73	5	57	12	55	45	7	48	39	31	20	40	60	53	69	80	15	71	25	57	52	44	3	49	76	51	68	14	16	13	33	39	48	8	48	57	48	54	22	34	37	33	75	9	35	57	18	58	46	56	22	62	23	54	11	47	39	24	54	59	65	4	40	31	40	6	29	38	9	42	71	38	26	55	77	56	61	1	
53	57	5	24	23	20	75	19	12	31	39	64	38	30	16	6	80	5	26	32	39	65	16	42	62	69	43	44	77	39	78	51	11	76	18	46	21	45	74	21	79	61	50	55	3	49	10	27	50	47	1	44	28	14	13	1	80	40	48	71	8	25	66	33	53	35	56	11	73	45	61	17	25	14	67	54	15	18	27	16	
51	25	49	2	37	5	17	65	70	49	9	12	25	20	42	22	50	15	30	40	11	8	59	30	18	66	39	62	72	60	61	34	4	56	67	63	54	72	77	6	71	1	2	48	18	46	62	71	7	9	55	12	15	24	71	69	53	19	40	20	33	47	3	49	73	58	29	64	48	74	41	36	75	41	78	20	80	8	44	13	
14	20	12	61	59	33	40	12	62	21	71	27	19	64	67	8	38	46	28	34	19	67	68	43	56	13	39	53	49	71	12	63	27	47	68	54	77	77	44	75	76	58	15	38	48	77	17	18	73	72	49	18	7	65	29	61	33	16	63	74	35	66	51	60	62	70	11	56	41	4	79	80	55	10	18	37	39	62	52	26	
51	33	65	56	1	44	41	27	51	19	15	3	32	16	13	8	36	51	18	72	6	10	73	8	23	20	42	3	2	11	58	48	59	38	53	56	76	36	30	5	79	4	76	34	49	37	71	80	5	74	60	38	10	61	50	51	30	12	61	27	16	55	25	18	14	26	75	43	62	52	27	63	43	55	35	80	40	47	20	77	
34	77	27	64	12	68	61	39	72	58	11	32	30	65	43	9	7	1	21	16	33	78	68	46	78	51	55	66	7	72	54	71	19	77	52	56	25	62	40	35	41	49	57	17	63	49	5	67	69	55	8	45	1	17	67	44	64	71	13	18	60	61	5	36	21	6	1	73	65	48	10	52	37	5	70	23	3	75	3	74	
76	34	26	3	74	47	18	52	64	57	24	70	68	21	30	10	57	55	74	39	2	75	48	52	73	28	1	77	41	31	5	36	57	62	51	48	49	17	80	29	71	2	12	56	36	66	6	9	32	67	7	19	58	72	9	75	16	8	17	11	62	20	79	36	38	63	35	4	78	33	21	59	50	59	31	43	44	57	22	47	
