63	1	58	37	25	27	50	51	8	74	63	16	66	1	62	67	63	43	56	42	78	47	6	8	17	1	10	5	47	48	42	9	56	14	52	78	38	19	78	44	43	59	9	26	9	68	42	70	60	16	61	55	12	64	13	57	15	20	59	65	17	18	17	71	29	66	69	65	34	61	72	74	73	64	49	76	1	41	15	11	
54	73	63	15	6	25	70	50	42	46	26	8	14	40	76	40	55	11	54	7	21	61	30	41	74	29	33	72	67	77	32	71	68	12	34	22	34	23	75	27	17	45	31	28	35	56	18	7	16	69	43	34	47	23	78	71	49	53	13	66	79	44	52	63	51	36	37	38	57	58	9	20	19	80	45	48	1	24	59	10	
77	45	69	74	65	10	62	63	12	71	45	9	30	46	21	29	79	53	13	2	24	17	19	38	2	14	35	72	22	37	27	48	80	13	72	62	20	50	43	30	70	5	36	49	1	54	76	78	57	5	28	3	51	4	65	6	6	52	23	56	4	47	53	7	57	41	61	27	40	53	55	28	58	39	75	5	11	19	31	16	
53	56	12	53	49	26	52	4	73	72	10	27	36	60	25	43	19	35	67	8	5	70	33	10	28	57	12	65	25	41	79	76	14	40	46	13	15	48	14	38	37	21	62	23	31	4	16	79	39	80	4	42	18	67	1	44	74	8	55	15	78	3	45	9	47	36	51	6	1	63	40	68	33	20	39	17	52	54	9	50	
79	43	27	14	27	22	52	17	59	57	61	54	57	19	13	47	52	61	49	50	73	38	66	56	6	23	67	55	71	25	11	68	65	67	80	41	6	1	7	15	55	69	66	29	1	76	25	2	55	72	51	77	26	33	50	30	53	34	34	74	8	74	58	22	60	9	60	16	37	18	28	10	31	9	70	62	35	12	63	39	
30	27	33	54	9	80	32	11	63	63	34	20	55	41	39	29	45	48	72	79	61	14	37	41	52	53	19	4	60	76	39	40	52	69	11	58	21	72	18	31	56	49	50	56	7	38	35	1	3	24	29	13	35	65	51	37	66	67	42	75	61	74	32	36	13	73	43	61	62	5	41	44	3	46	37	47	74	70	69	77	
10	15	36	74	27	5	28	10	21	16	2	79	39	31	59	1	20	46	59	30	80	17	60	3	54	13	69	77	31	56	68	38	70	53	61	45	55	40	52	74	51	3	22	7	31	32	5	4	25	13	33	23	62	35	53	34	77	41	57	25	44	75	12	37	48	71	72	49	27	73	76	27	78	11	42	53	6	66	50	13	
77	26	65	6	11	67	66	37	24	40	60	65	31	21	44	72	41	65	38	65	55	27	42	45	68	71	15	56	7	14	18	32	70	33	35	30	17	18	64	38	57	73	53	3	12	46	25	50	29	61	65	1	37	28	76	22	47	40	34	79	4	74	36	23	24	13	50	39	63	31	43	48	54	28	69	70	72	8	62	19	
17	76	48	3	17	73	54	10	31	30	39	64	22	65	4	43	27	51	32	5	31	55	68	2	80	51	14	21	8	26	36	54	19	34	7	66	24	58	25	6	6	61	65	33	43	66	20	20	67	46	23	15	50	7	47	47	9	11	66	12	33	52	16	49	35	20	70	8	75	13	41	30	69	28	4	59	40	51	77	23	
14	14	67	13	51	62	57	55	69	72	17	19	73	62	18	56	79	79	61	23	3	52	3	20	73	4	73	63	52	65	33	15	28	17	25	28	29	32	33	16	53	47	64	75	58	80	49	6	27	59	26	60	28	66	75	50	60	68	30	61	1	59	74	56	31	48	2	54	77	64	21	5	28	34	72	35	57	38	39	7	
47	13	59	72	69	3	40	78	17	18	56	13	74	79	18	49	46	17	50	71	78	16	70	55	42	58	39	17	45	74	48	9	5	24	31	73	56	68	66	70	35	71	80	58	75	15	25	62	62	25	50	9	37	76	14	77	43	50	44	38	51	8	44	1	61	72	64	34	9	2	53	41	67	50	19	4	20	70	65	25	
12	31	64	78	48	75	24	8	74	64	42	65	69	35	58	79	24	71	30	30	19	80	20	4	79	66	37	43	53	18	17	14	78	32	10	43	54	31	1	46	45	72	28	63	24	36	60	77	26	39	57	41	69	2	74	21	57	29	9	60	47	24	73	70	51	33	30	23	59	59	22	53	49	44	33	3	28	11	15	51	
47	69	40	65	61	31	79	67	8	6	44	1	59	65	68	59	12	48	80	20	24	15	70	70	7	21	7	32	60	22	31	56	8	68	38	16	48	35	33	54	70	74	52	46	9	69	23	18	34	51	35	57	14	55	75	50	73	31	36	50	48	60	24	3	78	11	49	75	76	4	78	62	22	2	58	60	66	77	75	53	
78	59	22	8	31	46	56	53	26	5	53	23	14	27	23	41	34	21	66	27	49	61	38	69	58	13	47	73	39	70	40	33	78	60	38	61	54	43	29	77	79	31	17	41	54	71	79	42	8	14	15	6	73	50	24	80	11	19	70	48	7	26	1	2	34	65	10	9	25	36	32	52	68	77	12	72	64	38	28	21	
50	66	24	72	33	46	69	73	62	56	38	18	79	64	49	31	46	57	65	21	41	19	70	23	8	30	41	22	16	61	39	63	77	13	4	27	9	70	49	67	43	6	34	40	66	1	26	61	5	2	31	44	15	50	17	51	76	54	71	10	65	58	22	59	68	56	35	73	45	1	11	36	3	74	25	18	72	42	29	28	
41	57	66	4	24	79	4	52	51	70	9	65	77	60	42	62	33	73	4	74	23	43	27	55	34	49	71	52	40	48	75	78	22	57	32	75	6	32	44	6	54	80	68	46	59	58	58	8	48	11	31	20	51	7	73	35	53	12	35	45	60	26	38	28	33	18	21	69	80	14	71	50	10	56	12	19	31	67	22	29	
76	3	77	76	7	67	59	10	29	11	49	4	66	36	61	16	52	80	33	49	40	21	47	79	26	56	13	6	73	34	63	18	65	58	43	69	74	20	78	22	27	75	53	12	28	31	57	29	62	7	30	48	60	71	45	33	1	55	37	67	37	17	34	19	24	74	8	15	14	32	65	67	64	35	38	2	23	1	66	23	
37	4	68	43	72	63	73	18	35	59	2	69	25	65	6	46	57	41	10	17	21	24	1	74	8	26	24	20	56	80	72	42	33	10	36	55	69	27	70	21	1	22	40	55	5	75	18	58	65	60	24	7	79	23	26	8	78	47	54	3	77	43	76	59	50	28	31	69	2	51	7	29	70	9	1	71	68	48	11	52	
23	20	3	51	72	28	52	19	23	55	52	49	16	42	25	15	17	6	1	13	54	38	72	73	63	22	61	49	68	9	50	40	59	48	8	48	75	9	65	44	62	65	10	27	25	64	39	39	21	70	2	70	57	22	60	69	42	71	35	27	29	33	18	5	78	24	51	26	27	66	67	38	47	19	74	21	34	51	12	49	
38	40	69	44	59	78	30	18	18	15	74	45	45	7	47	72	58	47	9	34	61	20	69	26	67	1	76	17	49	3	15	36	40	35	77	48	31	56	16	50	21	8	38	62	44	4	52	51	79	10	1	61	25	22	33	41	19	26	11	64	58	53	17	54	2	43	13	28	55	26	23	66	62	57	80	60	12	46	24	6	
5	53	61	60	22	43	18	38	66	55	50	42	24	16	6	23	8	49	1	54	71	20	39	3	27	63	7	65	28	59	20	62	30	30	40	49	70	6	36	53	58	3	44	79	51	48	19	54	13	17	25	34	66	11	66	45	72	73	24	52	80	73	26	26	21	14	24	10	17	9	9	74	46	51	68	8	29	36	64	58	
51	34	9	66	74	24	25	15	12	78	12	8	68	36	63	5	79	36	41	13	43	48	2	6	16	19	39	61	52	15	37	52	79	75	36	70	16	10	2	57	6	13	14	71	77	26	26	27	60	64	35	52	29	66	3	74	38	39	53	3	54	40	55	80	30	38	67	75	46	17	50	80	59	62	69	7	37	44	32	18	
57	10	15	36	25	16	27	56	52	29	9	51	64	11	47	44	47	62	35	40	29	34	38	5	45	56	38	79	17	13	10	23	21	54	58	75	66	1	2	37	59	7	2	41	15	3	80	12	61	64	1	4	19	39	42	60	39	74	54	53	35	14	26	6	64	8	78	18	29	76	30	9	32	61	43	46	63	71	3	65	
5	79	18	18	63	53	25	20	75	28	22	28	70	45	64	3	41	58	79	68	2	26	71	31	36	62	24	11	2	27	25	4	53	41	51	33	11	73	49	35	50	68	12	37	30	72	37	21	46	34	6	78	8	25	29	42	5	48	7	9	23	24	39	71	13	6	32	53	38	20	10	76	5	15	62	65	4	52	14	80	
80	38	75	39	60	50	76	62	47	27	15	66	80	49	54	10	4	25	63	30	42	16	55	76	29	66	11	62	32	10	12	29	45	35	16	23	2	40	34	47	64	46	62	61	44	33	21	46	7	30	25	79	43	31	24	24	12	35	80	51	71	41	20	40	72	67	5	36	22	37	67	3	48	52	13	73	53	61	68	65	
9	42	13	49	20	34	67	29	14	16	21	2	53	69	33	42	50	35	15	22	21	79	19	51	75	60	71	54	41	57	35	45	47	46	43	64	28	30	43	40	41	12	39	44	31	23	35	31	6	47	48	24	44	16	25	68	77	11	38	62	16	70	56	13	65	16	74	42	73	66	80	32	76	68	26	24	7	58	51	43	
22	16	62	15	30	34	80	53	43	67	32	7	54	37	17	68	50	42	28	41	25	56	23	17	44	44	70	77	18	39	35	69	4	47	1	63	78	30	71	45	14	46	73	18	2	8	3	48	46	65	38	67	34	57	34	26	18	21	18	72	9	51	52	46	15	5	23	50	30	6	76	49	49	66	56	79	23	10	52	20	
66	79	4	50	5	68	71	21	4	7	34	43	6	35	3	50	35	55	9	62	10	34	52	9	50	27	8	70	64	46	13	47	74	38	14	76	21	34	45	54	39	28	14	73	61	46	40	13	19	47	24	58	30	73	65	77	16	69	67	29	61	20	75	4	11	37	33	25	72	77	31	54	17	78	44	32	79	34	41	3	
30	11	11	57	80	72	52	46	9	66	73	18	35	15	20	39	49	46	14	66	67	40	70	33	59	63	58	44	14	43	76	41	50	4	48	47	26	17	42	32	32	34	78	64	44	16	20	45	12	62	26	75	49	13	61	27	74	31	19	37	24	12	28	22	46	74	18	69	51	58	52	68	7	44	1	80	10	53	40	21	
29	17	41	75	58	15	51	49	75	68	36	47	76	61	66	71	3	1	11	39	56	7	57	12	48	54	10	8	55	79	20	80	12	10	23	68	22	71	67	46	60	19	10	2	32	73	24	29	28	25	65	77	31	70	39	33	4	78	62	43	74	5	71	13	40	12	25	59	32	16	54	6	53	63	32	9	4	50	69	26	
23	72	52	1	60	40	57	54	36	37	11	26	66	80	59	22	40	77	30	69	31	2	22	34	13	3	62	46	80	38	21	20	27	22	19	4	59	74	50	43	59	10	66	42	39	75	63	28	23	9	16	5	40	67	32	50	68	10	14	63	45	32	6	66	7	49	18	60	71	24	25	48	29	34	8	15	58	18	39	78	
25	51	75	62	66	56	63	49	64	25	29	55	7	59	71	6	60	6	68	46	21	30	43	76	13	79	6	69	15	42	63	70	42	8	48	26	60	61	23	72	1	50	45	4	58	34	7	33	36	18	28	10	48	20	80	9	16	3	74	73	75	11	47	67	10	44	41	20	21	61	12	19	60	53	52	36	37	57	22	67	
72	75	23	67	12	20	24	57	52	17	35	44	18	30	60	57	71	19	74	41	76	33	57	7	37	58	73	64	32	6	80	54	78	21	70	39	69	11	13	38	55	77	32	70	26	9	79	45	56	20	3	1	52	9	4	32	65	72	45	14	27	42	17	58	16	36	15	1	44	53	65	51	50	46	36	22	4	61	64	59	
78	64	55	77	71	9	26	5	78	69	16	23	60	63	74	21	16	34	47	10	4	29	56	80	72	40	19	75	19	32	79	46	45	6	39	65	10	14	67	41	32	33	57	43	13	1	61	59	64	58	66	67	3	73	14	25	27	62	47	76	43	45	37	6	44	30	68	3	70	54	38	49	35	12	8	49	42	17	53	23	
70	67	37	22	54	1	44	30	60	40	53	21	80	38	56	74	59	41	75	75	45	29	41	75	71	46	72	62	60	73	42	80	55	21	20	58	19	60	5	29	18	55	47	47	10	52	70	23	11	13	42	8	40	1	27	60	79	14	39	6	2	23	3	12	42	25	61	58	29	15	4	77	67	7	76	26	49	58	78	9	
69	64	10	58	62	33	67	59	76	60	11	28	76	12	30	35	59	40	42	6	52	77	78	68	73	18	43	72	74	33	1	13	48	36	19	29	23	37	31	44	7	39	68	32	79	48	17	56	5	57	11	55	49	38	72	71	53	44	60	80	15	9	37	61	41	53	3	8	47	63	51	41	55	66	24	48	45	63	53	66	
9	61	38	7	15	59	77	65	9	8	58	22	10	44	78	79	14	30	36	48	43	3	39	13	66	59	9	16	12	60	29	51	38	17	11	2	73	32	19	79	35	24	54	74	66	47	22	80	31	56	75	68	55	63	26	38	39	33	4	80	42	28	5	29	76	5	34	64	34	1	62	18	20	32	9	6	23	35	25	77	
2	49	12	9	29	35	74	17	19	25	47	8	3	44	67	73	78	12	54	62	36	64	77	48	9	37	44	61	14	67	55	45	34	16	48	15	49	71	26	15	13	70	53	17	65	39	38	59	80	7	38	30	68	65	79	28	50	69	40	18	53	40	57	41	54	52	76	52	1	20	64	4	39	69	45	21	22	78	5	24	
34	64	42	51	78	66	74	77	52	61	7	56	16	13	38	67	15	32	36	3	49	50	35	37	33	30	55	51	25	1	62	8	62	52	57	10	36	79	4	39	55	9	11	68	49	43	53	60	72	38	12	70	5	44	24	40	71	28	35	46	26	48	50	45	17	23	45	80	19	78	47	71	6	70	14	3	30	59	59	54	
14	68	70	48	61	44	1	2	71	34	43	45	78	42	80	42	62	74	40	31	69	23	50	23	46	55	23	24	63	79	72	26	16	10	73	74	3	22	72	75	61	64	31	5	23	60	71	35	51	66	61	76	80	77	10	39	33	30	58	45	59	78	79	72	37	8	17	37	27	38	29	45	52	4	58	8	13	46	36	14	
24	33	1	20	10	8	8	72	67	16	37	46	43	51	63	77	57	28	31	1	62	3	61	29	36	35	49	79	78	69	10	19	51	9	67	59	45	24	80	29	38	31	21	29	34	1	27	6	30	3	36	37	4	45	15	69	2	62	65	5	80	25	40	48	29	26	55	32	77	52	49	39	33	22	60	62	17	47	17	73	
31	2	26	64	45	70	3	71	1	65	13	78	6	50	75	65	22	48	37	16	49	36	76	79	53	3	12	66	63	58	7	11	56	62	24	50	49	25	38	48	37	51	77	80	47	69	8	19	65	41	63	32	74	9	60	43	41	23	58	21	73	62	61	46	79	2	46	40	54	80	39	9	4	61	33	5	78	55	42	60	
73	21	41	17	58	51	9	16	66	75	34	57	1	44	52	69	43	45	56	47	77	42	5	71	20	33	13	18	23	51	26	39	21	15	53	78	62	60	10	78	74	73	3	19	35	55	35	29	49	40	71	38	79	25	58	54	7	70	22	21	67	36	59	8	56	61	31	63	37	41	64	65	66	68	29	12	76	61	72	20	
19	9	56	47	32	30	13	36	48	56	55	31	10	62	66	8	39	14	69	26	1	70	40	58	43	61	20	17	42	7	66	8	12	39	54	41	25	15	27	17	68	35	75	27	11	58	64	78	22	47	53	19	67	6	27	29	16	45	72	57	47	59	10	56	46	12	50	21	60	71	24	41	23	48	18	58	28	79	5	74	
75	56	11	58	13	67	33	24	28	22	27	24	29	34	31	20	75	76	61	49	13	35	39	61	79	54	68	52	2	71	44	77	1	5	2	6	68	36	25	14	4	1	37	60	38	62	30	57	3	8	32	16	70	59	39	19	63	9	68	69	3	29	7	25	30	40	23	15	67	78	57	21	76	10	41	58	18	56	43	55	
13	54	12	32	61	36	48	40	40	35	50	67	12	53	6	45	7	58	4	23	6	59	73	79	18	20	6	68	25	44	30	67	38	40	17	49	71	62	37	59	46	11	75	55	7	41	11	43	42	45	19	40	21	4	69	34	56	71	15	75	57	76	11	14	63	24	16	3	35	47	60	78	51	3	50	2	65	9	42	22	
51	55	54	69	8	39	53	10	27	17	40	1	41	42	43	21	63	2	21	18	43	31	42	42	30	40	45	9	47	30	23	49	1	26	66	38	62	72	45	51	2	76	70	39	36	61	10	48	64	28	13	22	54	5	57	1	42	15	46	7	39	12	4	70	52	68	57	17	50	52	3	1	56	71	70	33	48	76	34	25	
21	69	76	72	70	1	22	31	11	10	64	80	19	66	23	52	46	26	16	46	74	18	44	68	35	32	47	1	25	72	54	75	57	78	16	46	77	35	24	42	2	5	65	13	66	37	60	61	55	73	24	47	38	66	63	69	48	28	20	20	17	21	14	27	16	29	28	10	9	39	76	7	39	59	15	22	25	30	33	61	
40	58	56	76	69	37	13	66	13	28	3	59	46	44	79	12	67	13	51	25	47	45	55	36	21	61	16	59	29	37	69	65	41	74	9	59	27	24	41	70	77	78	46	72	42	74	1	49	4	2	71	80	44	43	65	14	54	75	73	30	56	10	12	15	5	50	23	55	19	19	48	17	8	5	34	68	28	33	33	61	
64	53	14	25	46	74	68	16	61	9	76	66	13	39	29	8	5	50	60	21	63	52	65	12	55	15	77	33	79	62	10	57	28	18	31	24	9	16	40	18	52	62	1	61	17	28	66	18	32	78	68	11	45	80	48	48	12	38	77	41	45	6	19	22	53	72	44	67	42	29	26	7	21	27	66	23	2	1	70	30	
74	60	57	68	52	19	34	13	6	60	48	3	62	8	20	32	78	61	39	33	38	63	45	43	36	59	13	67	51	79	9	74	7	15	64	5	65	11	46	20	69	14	16	1	48	66	61	75	74	21	27	29	29	12	21	70	61	36	47	61	28	3	53	72	47	31	61	30	37	25	75	55	64	17	4	29	71	73	21	15	
28	75	43	54	35	60	33	14	9	31	71	66	61	73	45	24	21	54	80	9	28	74	58	41	32	11	22	51	70	40	63	16	62	23	67	13	33	49	56	37	26	76	55	3	66	45	59	3	17	6	38	2	76	45	34	63	57	48	25	42	36	7	4	44	64	20	65	4	29	68	46	47	5	39	77	69	2	80	27	48	
3	7	39	28	49	69	2	19	65	23	8	17	25	43	57	78	59	60	34	75	70	18	67	72	54	12	8	53	8	63	19	9	64	6	37	31	71	66	77	55	5	36	18	59	74	79	6	50	9	34	76	68	54	61	56	20	67	13	23	1	68	70	30	80	80	14	58	14	76	62	17	33	4	38	6	27	73	9	4	53	
72	70	70	38	75	75	7	60	5	59	80	23	47	60	22	38	72	75	2	16	79	25	43	30	77	78	54	48	36	78	51	27	62	71	12	6	61	16	14	15	73	44	35	69	21	52	56	41	76	55	58	74	67	46	17	13	42	24	10	26	16	57	49	29	75	59	31	53	3	42	66	12	9	18	6	53	19	4	11	17	
55	14	32	71	9	2	1	79	15	12	22	60	17	67	5	7	73	65	8	61	56	72	22	57	37	50	59	54	54	20	16	54	31	45	42	74	40	75	66	4	77	18	62	47	22	70	75	13	46	1	23	19	69	74	28	22	41	2	26	41	21	38	12	10	3	56	66	69	78	11	77	80	37	2	62	24	63	51	23	58	
47	71	74	64	64	49	36	52	80	58	14	48	46	52	76	75	53	12	62	43	11	2	63	45	1	35	50	13	34	18	70	79	5	19	12	17	9	45	68	7	65	25	4	15	76	77	9	44	8	19	5	46	18	69	40	55	46	10	58	78	54	2	27	9	6	34	54	12	28	37	56	77	16	47	10	37	41	15	3	75	
32	31	44	79	42	75	43	39	31	50	32	35	45	6	41	74	69	13	33	14	79	76	9	40	47	16	72	28	60	66	52	40	46	7	68	38	34	59	73	59	29	54	11	18	58	2	8	53	11	48	56	39	64	14	77	52	60	65	78	36	5	78	25	4	2	10	31	31	65	21	38	8	73	1	55	48	80	62	49	37	
48	46	73	28	57	18	77	33	2	23	19	31	20	40	24	50	46	56	29	28	72	16	74	13	12	36	17	6	58	49	73	10	12	63	67	21	31	13	1	30	34	17	9	1	55	30	4	50	35	57	37	53	71	14	64	79	75	71	41	37	69	27	76	31	38	15	80	65	23	3	44	11	22	49	5	16	77	33	61	58	
7	6	28	80	45	41	23	37	30	62	24	50	29	54	26	64	61	22	46	77	16	39	32	59	5	65	67	31	15	47	8	21	49	32	44	11	35	64	79	80	71	20	48	25	18	27	29	72	40	33	18	12	59	51	57	66	29	42	42	2	4	78	9	2	67	2	45	79	68	37	1	80	13	43	12	34	55	69	38	56	
10	62	44	18	50	18	29	27	9	73	17	10	65	56	42	48	55	3	38	67	67	32	64	69	19	26	36	25	13	71	71	51	42	59	67	40	25	21	69	33	31	79	71	14	4	30	3	63	28	38	41	13	20	54	35	36	80	66	12	39	52	70	8	43	77	34	33	22	33	23	48	15	43	37	28	77	16	24	51	73	
15	40	35	60	14	64	13	41	77	51	72	77	40	28	70	65	48	20	3	31	66	80	46	60	65	17	50	78	68	19	68	1	7	22	13	50	32	49	6	25	18	23	56	6	52	38	68	45	58	68	73	69	17	74	42	2	76	16	26	63	56	21	8	62	60	45	57	42	11	55	18	26	75	64	29	80	19	27	33	31	
33	63	16	45	37	48	42	63	55	65	75	61	26	31	72	3	74	43	76	1	15	6	24	38	69	2	60	7	20	50	57	43	13	63	5	80	29	77	12	33	66	3	46	8	63	29	34	54	70	27	3	35	65	56	21	47	58	76	79	68	38	62	31	76	32	58	73	10	52	2	78	58	36	40	56	14	59	39	17	3	
12	18	28	70	71	4	30	43	71	63	26	53	25	1	46	54	8	68	13	56	19	5	63	8	63	38	14	71	23	28	64	32	75	42	50	62	37	30	30	58	6	2	26	26	29	22	30	65	7	44	72	56	73	50	55	52	3	25	39	59	75	61	37	69	10	7	46	76	31	27	48	34	46	23	57	23	47	35	9	79	
1	72	5	13	39	56	64	74	25	52	77	16	21	29	80	58	31	78	53	59	44	47	48	46	70	14	63	59	50	12	7	67	33	11	78	28	14	9	9	36	57	37	80	30	60	78	2	8	24	80	17	18	45	62	51	65	18	61	75	13	72	75	32	18	33	24	38	75	66	75	68	40	26	57	71	41	4	15	41	27	
8	12	45	2	67	38	12	26	12	79	36	29	23	63	77	5	36	30	78	16	57	54	2	32	60	24	64	74	17	55	3	53	10	67	6	19	21	18	47	62	41	28	13	61	40	5	15	25	63	16	39	33	17	72	20	70	14	25	80	45	30	1	48	35	22	51	52	37	57	28	44	27	68	49	26	31	48	43	56	26	
77	35	8	39	55	49	58	2	72	64	45	16	4	47	50	17	6	18	78	12	57	41	25	42	9	80	16	3	37	61	28	62	51	65	18	20	30	74	21	50	78	60	67	10	48	62	13	51	33	7	14	3	77	35	74	32	69	22	32	49	66	8	29	28	70	75	43	52	24	26	15	16	27	76	11	62	31	18	71	34	
56	72	34	5	56	29	31	42	61	76	3	52	16	68	21	2	51	13	48	66	20	10	77	35	3	35	18	7	57	74	68	55	61	18	59	66	72	33	21	49	39	53	42	54	29	12	50	30	55	45	13	71	52	40	53	4	24	14	43	24	37	32	76	47	73	77	36	13	57	46	11	14	16	6	62	75	15	64	22	63	
58	65	4	59	53	6	59	75	20	49	18	62	72	40	48	14	66	69	24	41	68	64	51	30	64	67	23	26	42	78	38	47	60	70	22	57	72	80	54	47	3	12	41	18	50	79	31	32	71	4	74	17	16	79	30	75	52	1	21	44	69	13	42	73	66	63	47	56	7	44	19	80	61	48	27	19	5	73	2	59	
24	22	60	36	16	33	61	8	32	24	79	15	22	48	6	9	10	2	12	45	44	28	49	14	17	6	63	19	30	13	31	50	30	25	34	68	56	11	35	32	33	26	51	52	8	7	6	17	31	20	7	72	62	47	36	37	1	57	68	27	58	4	24	38	59	55	29	29	18	64	63	1	34	54	46	39	3	2	67	40	
11	65	19	23	28	7	47	58	49	32	1	56	67	55	12	40	58	63	66	70	26	73	63	75	76	57	5	73	59	64	20	17	52	69	33	22	39	29	29	24	59	62	74	41	37	34	36	5	14	13	34	67	41	37	54	28	44	56	50	15	69	22	60	63	8	40	4	57	66	61	75	79	38	67	65	65	51	12	20	61	
59	74	78	8	34	49	65	68	54	64	33	40	1	9	21	36	44	64	17	59	32	3	53	18	19	69	1	76	74	51	77	46	43	72	3	67	70	26	8	80	10	31	31	6	67	11	37	66	15	71	42	73	75	41	79	46	18	49	24	42	12	50	37	39	72	70	48	11	4	47	2	32	28	45	27	13	61	7	20	62	
27	5	75	16	39	71	52	6	18	26	77	11	28	32	1	14	23	39	22	24	35	37	50	62	2	26	21	60	65	36	71	7	39	20	50	34	4	52	62	53	74	57	15	31	14	3	67	22	73	79	71	56	50	75	38	49	45	1	59	58	34	80	13	30	12	59	47	44	33	29	17	61	80	55	40	35	8	73	54	41	
21	77	79	73	68	32	72	24	58	42	30	9	71	38	65	33	14	24	72	76	79	44	75	28	3	7	60	37	76	31	60	52	23	55	69	34	41	48	9	7	40	34	49	26	70	25	53	34	77	74	22	74	27	11	53	57	17	43	12	47	10	21	35	29	26	19	12	7	64	17	45	50	57	6	78	36	59	1	66	67	
67	37	77	41	45	45	47	9	23	8	78	30	26	70	8	1	75	18	5	6	33	45	54	29	49	76	25	57	69	29	60	3	63	54	74	60	49	38	15	71	44	40	16	20	17	24	22	10	77	19	12	21	61	68	76	59	54	7	48	71	65	16	23	50	15	17	51	27	49	31	79	42	62	51	57	18	26	28	35	2	
39	65	49	50	77	42	35	80	79	13	68	61	27	41	69	63	54	29	73	51	37	71	8	44	62	15	52	75	38	23	74	24	38	43	71	32	1	14	61	76	21	4	58	70	41	27	47	6	2	68	7	66	5	45	59	67	55	50	57	40	71	56	64	26	57	48	9	46	12	65	60	72	61	75	48	15	60	42	6	38	
27	8	53	30	44	21	44	22	69	19	3	12	32	71	64	55	57	70	36	27	2	46	76	15	27	72	57	80	63	33	52	58	26	28	75	67	76	63	32	11	9	64	20	41	45	35	10	52	47	77	63	49	6	57	62	30	10	31	51	60	13	13	17	60	66	38	77	7	8	59	14	33	39	60	73	40	7	31	76	64	
26	56	47	58	73	20	37	57	3	78	65	34	8	77	14	22	28	38	25	63	13	69	15	49	50	33	29	3	61	22	53	32	32	47	18	42	65	41	48	14	72	27	78	35	22	7	45	77	74	20	59	4	7	78	2	56	18	40	49	31	79	54	57	57	14	16	19	28	58	54	75	70	33	67	13	10	24	60	76	36	
4	50	47	10	67	11	75	35	56	77	12	5	39	72	57	13	28	66	28	29	70	49	15	52	33	25	49	12	80	2	22	28	41	27	11	71	42	34	51	18	24	51	19	60	67	74	14	15	4	76	40	26	36	48	22	23	70	79	31	17	61	68	33	53	1	73	59	73	30	34	75	46	16	41	63	79	57	65	7	10	
52	72	31	40	38	2	55	57	68	72	4	76	56	53	51	11	64	17	70	18	65	8	62	75	78	73	74	50	47	30	58	48	18	39	15	4	43	53	58	59	74	1	60	9	49	10	30	46	66	43	67	66	63	67	71	42	61	79	49	46	25	16	21	70	14	47	23	41	46	33	13	38	42	54	35	28	12	72	64	32	
35	78	80	19	56	55	10	23	4	48	20	25	63	33	53	62	24	64	52	64	11	9	18	67	11	2	41	52	62	54	65	31	42	66	47	36	68	54	72	69	75	1	42	34	57	6	43	74	15	49	60	59	45	26	44	7	21	32	55	61	14	39	11	51	58	55	22	45	79	68	70	71	30	8	6	77	46	3	73	5	
