16	67	42	17	1	73	78	24	75	47	33	9	7	70	48	7	6	36	4	76	39	56	24	30	77	74	65	77	45	11	10	26	69	80	44	20	22	39	41	14	3	23	53	39	43	18	75	46	4	79	71	40	49	13	68	75	37	2	69	5	42	8	53	29	25	14	12	45	50	68	15	2	19	58	38	49	27	30	51	27	
55	32	64	21	74	1	45	59	80	31	54	72	56	57	50	79	68	45	41	68	30	46	19	36	54	7	34	77	34	27	53	7	58	66	57	2	65	52	57	15	80	60	3	6	34	51	4	61	44	72	69	72	67	5	57	38	9	41	70	73	71	35	29	71	18	8	75	33	10	76	43	11	52	78	37	39	12	40	13	42	
25	23	58	9	25	64	45	32	22	58	55	37	10	80	25	57	32	43	6	34	35	78	65	5	24	19	70	48	52	24	36	74	44	9	33	66	70	26	47	42	2	18	76	41	15	18	16	45	59	50	76	46	77	10	49	18	27	67	63	75	5	14	18	51	52	79	30	71	23	28	30	29	53	55	12	6	31	56	80	38	
23	25	71	49	32	66	16	55	47	28	79	50	71	46	13	40	43	72	61	63	16	8	34	7	13	75	42	33	48	41	13	20	62	1	66	12	17	80	16	64	57	13	60	46	9	70	3	48	14	13	65	57	51	11	67	68	3	21	43	52	58	53	18	69	4	1	78	17	30	43	27	4	5	6	47	15	71	2	56	32	
10	34	6	58	74	65	68	75	34	29	72	40	30	39	26	31	37	53	45	16	46	21	49	48	22	14	56	42	43	30	73	2	13	75	11	4	9	75	28	72	54	50	29	80	6	5	60	74	55	57	7	18	72	3	16	12	47	69	51	6	17	40	38	58	64	52	60	70	71	8	59	41	4	44	76	19	61	46	32	62	
50	30	12	39	63	25	48	26	11	48	31	57	37	65	32	18	59	41	6	45	76	14	34	77	49	52	2	38	47	28	80	14	7	42	3	67	63	51	10	23	45	69	29	79	4	11	15	11	53	49	6	42	13	69	70	11	40	20	47	34	76	78	46	1	66	46	16	46	43	56	18	44	74	45	33	27	5	8	35	51	
75	38	43	5	56	29	45	11	46	9	43	39	34	38	69	17	33	34	12	25	39	60	59	31	22	41	55	24	34	40	24	27	27	64	60	80	10	23	41	6	61	33	42	13	20	28	59	50	11	70	72	48	47	1	76	18	38	3	71	74	68	43	45	12	26	22	44	65	74	2	67	53	62	63	63	79	35	71	49	51	
9	67	8	4	64	33	50	51	30	69	70	48	30	31	57	4	3	49	65	74	77	1	44	56	10	56	52	40	46	47	2	5	63	38	6	76	69	53	45	48	39	32	13	18	11	20	19	12	66	33	35	60	32	78	65	71	7	67	27	76	67	58	76	54	12	34	69	36	80	63	79	68	43	38	14	51	55	59	12	72	
1	44	47	62	37	61	49	68	45	25	61	26	79	55	19	41	2	5	68	31	65	13	48	25	50	80	26	21	48	35	8	79	76	4	58	62	63	24	48	57	46	26	6	74	30	48	32	62	51	52	10	65	11	8	7	56	37	64	26	36	14	63	33	9	16	38	67	28	60	34	2	59	55	39	3	12	76	66	69	75	
26	21	57	66	58	14	39	13	73	15	77	5	75	25	41	41	12	25	67	69	6	65	74	59	45	70	11	38	79	22	30	23	72	5	7	48	48	76	16	38	5	36	72	31	10	32	68	19	53	51	38	9	71	29	65	27	49	28	17	44	76	42	15	78	75	50	62	72	1	21	33	34	8	17	53	13	46	70	37	48	
70	65	54	4	43	68	60	40	42	71	33	67	61	77	49	6	43	62	75	31	31	20	54	35	67	56	77	63	43	24	58	62	38	29	63	30	46	40	69	37	28	51	21	39	43	22	42	3	32	34	64	58	4	67	44	68	41	37	78	33	10	55	13	78	36	73	25	76	63	45	62	47	8	1	79	50	18	48	52	80	
19	62	4	20	47	44	37	5	30	32	67	69	3	77	64	33	21	7	58	35	46	38	70	51	68	63	17	34	49	16	28	65	75	30	36	39	23	66	73	50	48	58	71	80	6	50	72	53	6	74	2	52	24	76	54	40	1	18	72	45	29	17	26	55	76	9	10	16	77	41	22	78	42	1	80	41	8	45	43	3	
31	43	49	4	61	47	42	59	60	63	21	6	29	76	57	23	1	16	68	69	78	1	54	34	31	69	24	28	30	64	60	11	24	26	12	2	25	3	58	80	15	33	3	44	22	9	62	20	56	79	38	49	32	41	80	57	27	27	35	6	2	13	14	56	67	56	55	7	8	63	36	21	10	37	60	65	74	71	78	45	
19	33	11	46	24	8	52	48	58	36	3	10	76	47	63	60	52	67	15	57	49	50	27	5	31	36	64	54	56	10	17	73	40	57	37	13	15	38	58	70	70	59	77	64	23	9	74	72	74	5	78	71	1	23	25	61	12	5	34	62	44	79	52	35	53	39	44	66	71	19	5	65	27	32	75	79	41	62	20	68	
17	48	48	14	20	70	24	25	24	54	4	65	2	5	16	53	39	57	67	60	25	22	68	50	51	58	78	37	36	18	15	49	61	62	12	79	80	33	52	21	38	54	7	40	8	55	38	77	23	55	56	77	73	42	44	72	45	74	58	1	37	71	76	47	80	6	3	77	67	43	63	64	46	48	9	59	66	75	46	69	
78	49	61	21	38	54	10	79	76	18	74	29	5	19	73	34	21	64	28	37	57	25	8	20	22	44	21	66	67	64	1	63	30	11	2	16	15	40	12	7	55	3	34	14	19	56	41	69	70	22	24	45	41	62	13	60	22	32	43	6	46	42	68	25	50	16	39	72	54	48	19	26	80	51	33	52	55	27	36	77	
40	8	35	30	18	78	7	37	27	80	73	69	39	8	11	38	22	79	50	73	44	66	48	41	65	79	9	69	52	72	61	9	29	45	36	46	40	74	31	64	70	21	4	57	28	43	45	1	39	12	68	32	33	33	71	9	62	27	75	30	48	54	68	34	17	23	21	5	47	1	76	29	52	19	6	76	59	78	24	48	
7	8	77	31	70	17	69	1	74	13	28	71	16	14	15	61	64	65	63	56	64	47	3	33	15	36	58	24	32	78	69	67	35	15	48	22	30	33	20	53	43	78	41	56	42	6	34	54	21	15	29	1	12	37	63	59	18	38	77	76	65	66	57	17	27	21	72	6	4	39	60	45	33	49	49	23	50	44	75	73	
76	20	18	37	77	78	11	7	66	4	77	80	16	3	47	40	53	33	44	53	68	49	45	51	13	11	71	12	73	63	29	66	32	78	20	26	71	59	62	6	60	8	36	25	8	1	15	58	30	9	60	50	54	23	48	17	63	39	28	55	51	4	69	31	79	10	56	19	15	65	21	72	70	14	52	28	6	59	38	62	
64	13	59	67	65	23	1	45	8	57	48	6	58	34	33	54	69	35	68	2	17	38	24	37	42	68	14	74	75	46	54	56	8	31	72	22	3	71	65	9	45	62	43	52	16	73	22	79	57	39	30	72	27	50	58	66	36	69	10	58	70	60	31	25	39	53	41	39	40	55	44	34	38	36	4	76	26	61	73	5	
12	20	21	36	19	76	51	2	14	57	57	28	35	37	47	71	6	38	59	44	10	52	27	73	5	28	67	28	1	9	60	42	64	28	75	74	54	43	77	65	49	79	10	33	33	7	54	39	41	30	29	80	80	55	22	2	31	40	60	61	76	45	20	3	13	44	26	63	36	50	46	4	44	8	65	78	41	47	29	32	
64	6	60	13	9	31	12	70	67	21	48	14	5	18	17	15	61	36	76	45	2	70	46	43	25	59	35	16	13	19	43	28	47	52	36	54	80	77	41	20	48	38	26	50	53	36	63	62	69	7	27	68	29	18	64	80	74	45	22	37	55	4	59	56	53	44	21	3	39	11	16	40	48	41	5	49	72	15	65	11	
51	33	28	74	48	6	72	72	49	33	25	51	36	34	52	37	75	21	37	64	30	53	16	26	39	49	27	61	62	2	69	29	32	46	54	30	4	73	19	79	24	73	80	8	24	50	42	49	67	29	31	13	77	77	68	34	41	10	11	51	41	29	30	22	76	78	57	72	23	17	68	74	9	65	79	63	62	70	27	47	
18	7	8	42	78	74	73	69	33	33	36	23	12	15	42	35	41	9	24	59	55	40	2	60	55	79	71	39	18	17	29	64	50	35	25	77	58	45	62	43	27	47	60	37	13	51	67	49	57	44	25	30	31	26	46	33	52	27	16	19	72	48	80	71	27	20	66	34	62	77	75	6	74	3	1	1	51	63	53	56	
45	22	34	71	76	70	21	77	47	35	14	68	26	43	56	50	60	71	1	71	18	69	26	9	19	47	39	64	23	4	37	15	55	67	3	3	6	53	27	2	4	70	72	28	29	74	75	38	13	26	58	28	44	2	36	62	46	73	41	16	24	74	31	28	10	60	32	13	33	49	45	66	40	29	11	17	51	42	49	63	
8	24	7	50	55	71	27	51	59	65	16	32	8	74	57	19	51	31	57	33	76	23	12	60	78	50	72	46	32	69	57	38	10	62	5	15	2	29	63	58	44	76	39	48	67	13	12	68	41	66	17	70	35	60	76	30	24	75	25	5	52	80	40	11	14	77	21	18	20	1	26	12	28	53	57	43	22	18	34	54	
34	73	68	66	49	61	46	20	74	67	23	73	17	60	35	56	52	50	15	21	1	29	63	57	31	37	17	43	5	75	45	36	65	32	19	62	41	13	79	33	29	53	55	43	61	4	48	62	54	61	80	2	7	12	58	36	51	70	28	3	14	72	34	77	51	59	8	9	12	38	71	39	5	47	30	63	64	76	42	46	
54	71	45	10	1	50	75	77	70	21	76	1	41	26	27	9	25	32	16	34	66	4	69	20	79	17	80	39	42	39	35	13	59	29	52	57	77	45	51	64	18	75	62	53	18	8	59	73	36	23	23	55	56	42	72	58	8	19	40	47	5	23	60	62	49	58	68	43	21	37	24	64	61	36	67	2	40	46	18	28	
15	71	26	20	30	11	68	35	28	56	31	60	76	38	39	74	12	25	35	62	11	9	43	69	41	27	15	31	18	63	54	62	51	76	80	78	36	17	62	12	22	10	69	16	44	57	6	53	79	70	66	39	2	32	58	37	3	70	64	16	50	65	34	19	20	29	45	42	39	24	3	13	63	70	22	58	47	57	59	1	
77	40	28	70	62	3	53	12	23	64	58	22	45	3	71	3	57	32	43	13	7	75	20	18	13	72	73	53	78	48	74	76	5	52	10	17	4	61	26	24	42	33	79	37	33	63	69	8	46	29	49	1	53	19	15	63	38	36	66	35	1	59	53	37	58	65	1	60	2	57	34	62	11	26	50	38	39	41	74	4	
13	73	76	64	8	40	44	76	77	27	26	71	38	28	56	10	42	54	66	26	29	17	6	65	72	51	52	30	3	43	57	46	33	50	27	71	11	68	64	31	45	39	52	78	64	24	2	20	34	18	75	53	69	78	35	55	79	4	30	32	80	4	74	59	5	18	47	41	36	58	70	1	16	48	23	37	57	60	7	9	
21	72	4	2	18	69	5	46	21	34	75	15	66	18	70	67	66	68	25	19	43	10	46	58	76	18	3	50	69	30	1	8	18	35	39	34	20	41	29	37	23	21	1	38	37	20	24	22	4	76	73	44	35	63	50	28	78	2	31	16	32	26	53	45	58	11	28	27	80	54	13	20	33	11	7	11	60	26	61	61	
51	45	55	4	25	54	29	52	53	6	65	79	30	36	73	39	76	50	13	72	54	22	42	28	62	46	36	41	22	13	50	70	8	22	23	61	25	2	62	75	5	44	24	64	29	47	50	56	46	60	43	49	34	35	74	11	77	59	80	48	21	47	71	25	19	12	37	41	51	14	34	57	55	7	23	38	58	26	36	66	
80	76	11	28	27	2	68	54	10	65	51	28	62	40	53	78	74	3	68	30	13	55	69	19	55	42	1	55	63	34	17	12	60	33	68	36	57	54	39	65	69	8	44	79	41	11	77	32	43	12	61	4	60	79	19	35	69	49	37	48	38	52	56	14	26	45	75	46	45	31	47	67	50	9	59	27	15	2	8	6	
11	17	5	69	13	53	54	79	51	7	77	2	53	4	39	29	73	31	60	67	59	55	47	45	58	23	69	22	54	26	24	63	41	56	49	3	27	50	32	74	51	25	23	55	57	59	79	47	8	10	32	16	61	28	62	35	48	76	5	20	19	24	35	57	77	30	63	52	75	38	78	75	12	15	46	66	33	80	63	31	
79	12	41	7	37	48	71	34	41	73	2	58	46	63	36	40	9	39	41	38	74	67	26	3	30	69	19	51	61	79	31	10	40	20	45	75	64	34	57	55	25	11	32	20	68	14	9	76	79	49	28	22	30	52	55	13	36	72	59	46	69	37	4	24	51	47	47	77	77	53	36	54	58	16	68	44	24	78	40	21	
71	11	40	51	57	12	57	42	32	64	37	48	18	38	72	16	2	66	77	76	36	63	76	10	75	61	3	49	5	38	66	78	79	55	41	51	19	48	42	45	29	77	14	43	64	28	56	65	47	1	9	74	15	2	33	6	13	66	52	17	51	67	5	45	39	76	46	4	44	7	50	20	30	4	58	12	34	62	24	70	
12	31	11	23	30	75	58	72	57	59	4	25	74	41	67	61	32	61	62	22	63	24	37	42	26	44	4	5	55	29	27	17	4	34	69	64	53	44	54	27	51	56	2	42	45	19	53	21	77	32	40	57	6	26	50	60	20	1	62	78	60	1	7	65	68	28	37	35	17	46	55	70	41	10	66	80	22	30	18	16	
14	6	22	11	31	67	68	80	65	47	20	37	77	56	43	55	77	29	3	12	64	7	75	54	11	1	50	30	58	65	44	63	21	14	71	79	78	9	75	13	5	15	79	2	66	71	52	60	17	4	69	33	8	16	2	19	44	5	76	19	73	68	31	36	78	24	34	26	59	54	69	60	72	16	57	79	10	58	23	51	
20	27	79	17	39	31	62	31	30	8	47	43	71	75	73	68	44	52	10	19	24	27	29	5	40	3	34	45	11	42	11	19	66	41	65	51	19	46	80	48	50	75	9	69	20	30	53	13	78	12	63	19	70	8	55	26	14	5	67	49	74	25	72	55	15	47	58	30	54	4	77	56	1	33	28	57	73	32	56	7	
70	35	51	55	40	22	78	78	56	13	43	47	67	57	20	78	54	25	26	14	26	57	1	52	75	24	15	80	1	21	32	20	53	80	73	43	59	20	38	25	30	31	70	47	5	39	42	9	61	65	18	36	63	48	6	56	23	29	5	27	36	34	36	41	69	58	79	37	76	66	7	55	13	74	19	47	62	11	4	2	
27	51	25	6	15	60	13	33	28	14	49	61	76	35	54	58	10	45	38	35	62	42	39	23	66	8	19	76	16	21	65	40	69	43	73	1	50	4	31	77	11	29	4	36	13	52	44	52	48	77	37	23	68	72	43	53	29	12	79	74	30	57	63	15	46	52	59	43	55	26	34	17	53	56	77	18	4	64	64	78	
62	17	19	47	38	10	46	65	20	38	56	77	44	67	10	42	37	6	79	39	28	30	77	32	15	71	43	48	24	23	44	3	37	12	1	25	51	42	7	19	78	12	16	45	80	52	26	63	54	27	17	34	49	14	59	64	2	19	60	53	71	21	6	58	29	4	80	31	74	36	48	69	17	7	61	72	57	31	54	60	
50	18	9	48	59	18	61	55	68	36	60	54	53	60	29	31	13	58	57	3	11	51	21	6	56	25	26	32	53	31	39	20	42	78	66	16	14	47	22	76	27	27	47	1	4	33	26	52	2	35	45	43	5	15	77	54	44	23	33	40	49	22	10	35	24	24	80	27	16	50	55	40	75	50	35	4	71	12	70	30	
73	32	62	71	79	55	76	36	24	58	20	18	76	27	51	43	48	79	19	61	46	68	18	38	33	51	30	53	12	17	72	1	78	2	21	5	6	49	52	28	20	71	75	46	14	42	37	9	39	52	67	2	74	3	40	52	3	15	23	43	63	44	41	10	42	60	31	80	22	32	55	77	17	54	65	58	45	19	66	73	
22	1	24	8	33	10	55	33	54	73	78	65	65	63	23	25	72	51	52	43	79	24	64	44	68	45	19	26	14	36	45	32	32	19	36	18	28	40	46	29	62	67	11	45	2	31	19	70	30	68	61	57	9	47	18	39	4	67	48	15	17	40	75	78	56	60	13	79	17	4	58	80	20	66	71	53	47	7	73	74	
72	45	50	78	3	16	53	38	80	17	80	49	6	73	74	59	49	34	7	16	67	62	42	4	1	30	5	42	35	67	66	23	31	63	51	62	79	20	47	26	65	43	22	68	64	15	76	64	45	2	77	28	11	36	61	6	69	60	77	46	8	60	70	23	75	71	34	21	1	9	42	15	14	61	32	52	24	24	33	66	
21	57	43	61	41	53	65	21	62	59	63	56	68	76	28	58	58	59	25	7	6	16	22	73	80	47	74	52	20	55	64	71	29	23	49	19	25	67	36	5	39	48	10	57	72	35	64	78	43	6	2	79	25	50	69	44	47	13	9	64	66	70	52	43	42	50	60	73	31	45	29	18	41	26	72	32	11	53	27	50	
24	58	46	26	25	62	19	21	25	30	3	38	44	6	29	36	51	8	18	78	80	66	13	70	9	35	50	17	37	25	16	43	1	57	67	55	68	34	73	10	59	25	45	51	58	69	5	26	27	50	53	52	39	20	71	73	11	38	42	41	60	49	77	10	54	14	14	74	42	40	78	48	15	71	21	66	23	48	44	60	
15	14	29	78	60	49	66	56	4	20	38	14	19	30	55	69	40	64	64	28	49	5	73	57	74	38	41	29	6	80	6	16	41	65	10	50	31	26	53	33	47	7	76	9	34	46	75	23	62	3	48	58	4	39	32	25	71	22	51	72	54	7	36	12	69	75	11	51	18	57	35	10	58	24	48	42	19	43	58	27	
74	20	2	75	5	63	48	73	2	49	13	51	53	78	8	71	70	12	37	37	69	66	77	71	39	43	29	56	31	4	3	21	54	31	46	56	16	42	48	44	7	9	15	9	17	47	30	23	58	64	57	69	79	2	10	67	41	41	45	21	76	1	39	40	52	32	14	59	71	60	18	75	22	57	34	20	53	65	47	61	
2	46	44	21	45	50	6	34	35	75	53	22	14	9	59	62	39	70	70	27	3	37	51	11	43	2	60	13	60	15	68	2	56	61	22	21	61	25	48	16	48	52	64	63	57	41	71	47	60	58	21	7	48	69	47	5	24	22	49	30	64	33	29	38	43	54	3	23	26	80	64	73	55	57	75	67	35	72	48	17	
70	66	49	32	4	13	67	22	64	30	50	45	12	29	31	52	24	63	71	42	13	6	57	10	46	49	61	79	65	26	41	48	41	39	28	42	1	11	14	62	72	60	56	79	7	5	80	27	68	20	19	75	21	24	2	65	25	16	13	8	77	3	78	25	40	54	17	37	69	28	51	1	37	21	35	72	30	27	55	43	
44	63	65	15	36	14	30	55	26	39	4	41	72	30	14	27	1	28	13	17	5	58	11	40	28	38	61	55	14	32	36	7	43	15	20	73	26	54	75	47	33	77	36	21	24	48	77	57	73	42	63	29	46	74	16	76	59	74	50	22	49	2	26	4	35	80	49	61	69	18	56	23	45	12	70	13	52	19	64	74	
53	44	52	17	66	72	38	74	56	76	12	22	13	68	56	77	62	77	54	78	45	57	50	1	63	35	44	64	2	25	7	51	18	58	17	1	37	52	71	42	75	1	19	36	69	66	31	75	15	33	70	5	8	40	35	78	19	79	80	21	56	5	22	66	57	64	64	47	65	4	3	57	4	45	42	17	67	70	41	23	
21	61	24	59	45	57	74	13	50	72	59	19	74	32	34	80	6	14	73	23	47	26	75	79	66	66	13	78	6	5	15	24	14	37	31	56	43	22	18	46	11	75	12	35	21	40	64	55	2	54	70	51	76	14	45	11	6	7	4	80	39	62	58	49	2	1	65	74	53	69	34	63	12	42	45	60	77	28	27	3	
3	47	48	22	67	32	61	4	35	16	34	70	60	35	75	11	66	40	3	36	27	34	52	68	71	8	45	17	33	67	12	57	73	80	29	68	62	6	21	14	53	51	35	59	35	23	67	18	9	19	5	65	50	49	51	74	52	14	5	2	27	46	7	7	75	37	24	54	68	42	17	38	25	79	43	75	56	27	10	54	
44	15	36	43	7	35	63	57	44	18	6	20	60	11	56	4	72	77	55	57	37	27	41	76	18	33	68	19	59	45	66	52	68	51	43	72	3	28	77	78	40	1	13	49	46	66	50	30	12	22	39	78	75	27	73	40	58	9	53	65	79	35	67	3	38	25	72	48	56	19	31	34	54	70	2	8	69	74	71	22	
28	52	10	40	29	79	77	36	38	46	18	53	31	1	58	62	55	75	15	50	11	72	1	61	60	30	16	62	74	29	76	42	80	36	4	59	66	74	9	17	37	56	68	17	12	71	76	67	63	41	24	73	62	54	78	42	2	43	50	25	67	5	19	64	25	13	48	36	45	3	51	22	48	69	36	51	56	33	56	39	
19	29	57	79	1	5	66	39	43	34	59	27	57	68	38	32	30	23	69	65	15	64	35	12	1	73	11	58	47	66	40	68	11	46	60	41	48	55	22	49	25	74	67	34	11	21	13	70	42	73	3	6	10	33	13	7	19	22	8	63	36	77	75	76	44	51	35	45	10	61	80	71	78	62	16	37	28	22	72	16	
46	55	17	79	42	60	2	53	31	40	65	16	33	58	9	71	63	73	27	16	4	52	78	23	28	10	12	2	60	63	18	53	68	69	49	23	70	80	25	19	36	39	34	66	47	70	7	24	60	67	33	8	32	61	29	7	21	71	6	75	57	18	48	63	80	44	35	64	41	10	32	74	78	13	9	45	79	13	11	14	
25	74	44	54	2	77	59	16	51	62	9	47	32	3	60	63	76	44	69	40	51	18	57	46	60	64	36	8	26	76	14	50	15	56	53	13	73	65	27	1	72	66	70	19	17	49	24	11	7	13	79	7	58	49	3	41	30	36	47	10	60	6	12	27	9	55	35	38	30	20	22	52	29	9	68	40	70	17	80	9	
48	71	14	23	44	14	56	16	79	12	51	11	45	51	31	64	65	15	80	33	25	51	4	47	59	66	37	60	23	67	18	69	53	40	8	42	40	16	5	71	58	54	78	17	26	27	18	72	35	46	22	10	19	21	52	21	39	50	78	9	20	14	28	20	72	63	61	62	73	68	49	43	28	45	13	1	12	23	20	53	
66	75	53	77	40	51	48	76	36	43	30	52	8	54	21	28	64	74	7	55	1	59	46	62	41	57	55	65	25	72	46	7	12	42	34	49	13	79	71	3	71	18	47	27	20	64	4	2	5	8	60	3	14	48	63	1	49	68	7	71	4	38	32	15	30	16	60	69	38	67	62	61	18	56	39	33	78	36	31	10	
41	33	23	79	80	30	79	76	12	70	64	44	57	42	54	5	49	63	72	4	61	54	14	74	27	48	25	7	77	6	26	35	67	47	31	63	23	56	8	30	52	68	71	58	31	75	51	24	60	38	57	66	37	71	56	65	28	29	15	24	31	69	5	16	32	65	29	2	46	29	39	28	57	55	73	22	42	1	43	59	
27	19	63	16	32	34	21	58	13	32	1	73	20	28	4	77	11	60	76	46	36	61	21	39	54	43	51	45	38	43	42	9	9	18	24	38	52	38	15	66	20	35	50	67	59	3	62	71	11	8	62	76	11	30	26	62	70	25	24	23	65	62	27	23	78	43	58	79	31	21	5	49	49	17	32	64	37	45	74	12	
4	48	70	8	26	45	20	13	69	41	61	2	52	44	22	1	29	30	31	57	48	59	23	12	64	5	18	47	44	8	40	53	6	60	46	32	24	15	71	39	56	49	69	62	3	9	9	33	37	25	3	35	16	54	75	10	54	7	12	47	13	43	11	17	52	2	40	23	14	28	65	16	27	77	72	27	7	21	5	71	
43	37	56	73	40	36	1	14	40	4	8	55	76	10	61	78	15	50	20	51	32	28	66	53	21	2	28	57	27	62	71	13	48	36	9	5	69	34	49	27	67	50	25	12	58	38	7	16	3	23	74	60	78	80	61	50	76	42	19	54	17	7	57	63	41	10	64	68	52	59	4	30	26	25	44	34	57	39	77	9	
11	59	66	38	6	46	4	29	79	22	73	62	63	79	56	45	6	69	20	47	45	70	18	20	32	1	53	32	39	44	39	77	51	54	74	52	49	72	33	8	35	55	39	10	49	12	57	4	31	21	1	78	68	17	11	11	42	57	56	29	61	29	23	19	3	5	20	77	24	48	73	52	51	60	9	16	25	56	50	48	
29	43	72	10	10	77	57	44	3	11	71	51	69	42	24	20	77	76	14	14	70	31	16	49	7	22	79	59	28	45	23	54	39	9	9	6	36	58	32	36	15	61	37	79	48	52	17	40	38	53	80	21	18	45	3	43	17	80	10	42	47	63	50	30	20	56	17	55	54	5	38	19	47	73	15	39	75	67	73	33	
59	26	78	57	65	80	43	31	29	50	70	21	61	61	44	78	67	59	2	32	7	35	53	51	69	7	8	47	13	33	24	72	2	68	76	17	5	35	55	24	41	65	40	15	49	10	40	17	9	37	4	13	22	34	14	31	73	51	74	33	42	44	24	30	23	44	77	56	79	47	64	28	58	53	18	25	51	36	30	10	
61	48	67	32	11	15	56	18	63	44	52	46	40	17	22	2	58	19	39	51	8	52	30	55	22	16	61	23	41	35	33	51	3	31	13	28	45	57	76	56	14	41	20	1	60	35	78	62	80	66	12	31	36	9	80	69	54	24	27	26	74	64	62	32	37	66	1	76	68	74	49	25	65	21	22	69	4	49	49	79	
33	36	24	68	67	56	70	38	15	15	5	3	18	12	25	51	17	55	75	75	50	74	17	63	6	39	47	34	4	49	34	37	23	7	48	8	2	35	74	11	79	72	12	20	78	65	14	26	40	16	5	38	30	19	42	65	10	38	18	43	1	73	67	21	70	67	56	13	48	48	2	45	69	39	24	71	54	52	28	19	
8	60	73	35	34	62	17	41	17	37	65	24	21	1	65	40	71	70	70	27	72	55	25	52	44	59	66	14	29	40	52	34	19	71	77	44	55	33	74	65	63	6	30	31	18	42	1	15	29	78	76	45	53	10	47	45	22	31	53	50	67	23	79	34	43	12	2	10	42	16	8	58	19	59	1	54	10	20	64	11	
30	52	31	12	11	4	51	27	55	60	22	69	25	13	20	65	54	46	74	15	58	19	67	29	62	20	74	70	63	7	6	75	9	44	35	53	61	36	34	63	7	45	47	71	5	17	44	59	64	34	21	69	77	8	7	77	44	11	1	24	37	78	47	42	62	3	18	78	65	33	47	76	73	43	10	25	14	40	79	65	
32	16	79	18	46	7	23	7	34	15	62	64	10	59	30	21	56	59	8	68	7	2	6	27	47	4	48	49	40	76	63	13	45	59	38	36	12	48	42	40	13	51	28	54	25	76	70	29	49	24	14	53	26	18	31	16	50	26	20	11	22	36	17	10	6	74	44	44	72	34	9	1	3	20	41	61	19	69	5	57	
41	50	69	62	14	5	80	60	29	42	16	78	64	63	5	15	7	1	57	77	33	56	28	28	29	25	38	67	10	37	71	4	28	79	60	70	2	8	47	61	66	13	7	56	25	44	65	28	52	71	21	63	45	46	41	20	26	6	32	57	54	22	54	2	17	31	19	48	3	72	62	55	26	18	24	48	51	9	73	15	
5	43	20	72	4	58	34	51	78	66	27	48	42	2	77	3	25	17	9	39	38	71	15	64	60	32	47	68	67	50	67	14	36	48	26	65	7	60	35	29	73	54	8	53	51	21	49	25	32	43	59	8	52	67	12	52	53	51	30	32	40	42	44	65	70	62	77	22	69	29	49	75	79	76	31	75	13	25	16	73	
35	77	78	19	12	3	64	61	3	45	3	74	76	72	4	22	78	79	34	70	22	80	43	66	23	21	46	31	76	54	21	6	75	16	44	7	48	18	4	51	68	5	69	3	27	79	9	75	71	40	60	11	70	53	52	9	20	44	69	13	15	10	45	8	53	17	38	20	57	38	25	54	2	2	48	14	29	24	39	26	
76	53	38	63	50	39	22	65	1	10	24	59	47	20	62	14	52	37	78	23	21	76	31	8	26	26	51	44	34	5	77	25	49	33	32	27	29	51	30	18	8	57	58	49	65	54	61	35	36	45	11	56	64	43	17	46	5	66	2	25	75	9	51	60	71	72	22	6	72	52	12	79	67	23	76	68	21	13	6	55	
