32	8	80	50	52	64	54	17	76	49	62	52	63	63	77	20	59	3	54	40	65	47	80	25	44	53	63	27	50	19	28	45	36	77	34	5	59	37	52	55	4	31	53	15	43	78	64	51	31	35	8	13	31	38	67	24	39	48	48	41	64	74	1	17	68	64	56	76	18	53	46	51	33	48	66	73	44	79	41	26	
29	78	34	58	65	50	31	21	47	77	9	60	68	39	75	5	20	76	79	67	46	74	36	76	71	48	18	64	42	56	5	22	51	69	28	65	37	57	38	32	50	43	10	67	80	34	23	15	27	52	1	24	41	64	49	61	30	62	44	70	35	45	7	40	33	53	19	16	54	55	59	6	11	63	70	66	3	72	2	73	
8	29	78	78	11	42	56	38	53	16	56	5	59	13	70	39	74	5	52	29	6	46	64	44	16	3	78	48	41	76	25	46	22	20	41	30	12	14	17	62	60	23	17	36	65	4	72	56	40	73	35	40	37	18	1	1	49	28	47	6	21	69	1	75	38	43	52	50	2	18	61	59	45	73	51	52	26	65	27	61	
55	10	18	41	55	48	39	20	73	3	56	43	21	53	32	57	41	33	53	72	49	29	1	36	51	42	6	74	25	61	52	77	68	67	69	72	34	24	9	54	24	13	14	43	63	44	49	58	74	19	42	40	78	40	75	46	32	30	38	59	7	39	80	72	26	65	62	5	38	22	57	60	29	70	64	45	61	17	47	66	
66	34	42	61	24	65	24	53	11	11	25	15	48	53	36	21	67	46	55	22	14	29	31	72	47	79	62	25	49	22	27	61	54	19	39	75	33	12	77	74	23	50	6	18	20	72	37	38	68	8	56	79	69	4	68	32	35	48	5	28	19	63	9	26	30	42	51	60	52	40	57	29	7	7	41	57	43	21	13	12	
27	16	8	11	50	26	71	80	23	25	57	71	36	60	11	63	51	54	41	51	44	42	70	48	45	55	54	72	74	14	32	52	28	69	10	75	13	78	24	64	52	30	53	38	7	15	18	7	65	8	58	29	47	74	31	41	79	33	61	70	39	10	37	63	76	46	7	40	71	62	51	73	7	21	34	12	66	75	49	56	
80	51	19	76	43	71	67	71	15	77	10	50	4	44	62	29	37	66	16	57	43	65	78	47	35	23	7	16	17	3	10	46	51	58	70	45	47	6	31	11	1	38	10	33	31	69	59	18	4	74	71	48	7	68	40	39	39	77	4	5	79	12	76	49	67	20	41	63	21	65	24	15	22	30	45	52	48	54	64	49	
76	4	42	80	20	31	68	56	24	70	56	49	78	2	42	14	14	77	26	30	59	46	74	29	25	37	27	71	40	8	69	33	43	27	32	59	7	47	33	60	34	38	28	62	72	18	73	1	11	50	36	19	44	51	77	67	5	22	6	74	61	24	35	21	48	3	75	5	53	57	63	79	44	9	10	31	54	1	38	13	
79	6	62	40	54	56	56	9	75	12	80	52	33	54	19	30	55	43	32	51	49	13	80	11	47	7	71	49	37	17	59	33	53	38	23	57	12	28	61	36	37	14	37	20	14	58	47	17	15	28	66	61	70	63	21	65	19	10	31	60	64	8	36	24	75	67	76	39	2	16	70	68	48	24	5	69	27	50	72	71	
26	7	1	13	19	19	75	36	57	56	7	29	13	40	2	5	46	27	71	77	31	58	62	27	32	64	2	8	62	24	76	6	28	74	48	45	42	72	30	16	45	34	78	55	23	73	10	20	17	79	12	80	5	72	22	65	53	54	70	65	27	66	68	52	9	33	46	3	25	73	11	17	59	4	69	29	28	28	44	38	
55	9	65	57	27	36	40	29	7	27	11	31	41	76	33	75	58	28	70	30	19	77	44	24	28	62	50	80	8	44	35	12	79	49	19	23	3	56	49	10	32	58	68	21	3	51	14	59	75	1	38	11	30	2	65	4	10	64	2	47	25	66	60	53	33	73	74	65	78	72	22	34	79	6	78	5	53	42	7	46	
39	42	6	15	70	68	49	78	50	48	42	24	63	16	27	45	6	51	27	33	38	46	58	34	1	5	63	52	43	67	47	31	59	2	75	46	20	41	73	19	38	35	72	19	79	16	13	34	64	38	65	53	33	71	3	36	74	14	80	65	30	76	13	7	28	38	4	54	76	77	61	66	55	50	32	56	17	44	37	28	
29	14	75	59	35	26	8	57	37	37	40	65	31	2	20	56	38	19	50	63	41	28	44	12	27	73	11	72	32	41	17	11	5	10	67	37	66	72	13	20	29	80	34	7	1	52	60	36	21	61	14	58	4	7	23	60	77	28	2	62	18	16	69	20	55	51	6	38	74	15	9	17	24	71	21	42	70	30	73	22	
6	36	62	39	41	79	48	67	56	47	43	71	13	59	9	65	60	44	52	50	56	8	66	18	75	2	56	63	29	78	19	64	64	80	20	22	27	68	6	1	30	79	69	40	55	26	54	32	68	24	3	73	61	12	40	7	11	46	18	72	41	34	50	57	30	70	73	58	2	31	3	33	57	74	21	61	45	69	51	35	
42	71	20	21	1	9	24	41	52	39	60	43	70	27	14	50	44	5	53	75	63	54	21	69	72	68	47	33	54	7	60	15	29	29	64	26	35	37	65	5	25	73	45	12	50	8	11	11	43	62	35	22	65	6	46	54	76	5	4	41	48	13	10	66	40	17	49	28	51	55	58	74	56	52	36	16	57	55	52	18	
54	4	68	36	6	26	41	73	60	41	64	51	51	17	34	40	32	24	13	32	76	68	23	39	69	7	48	43	79	50	9	51	52	27	36	55	50	74	78	59	63	10	26	63	25	9	53	7	31	62	37	56	80	7	12	18	11	11	14	42	57	16	44	57	45	73	61	39	15	58	15	28	15	72	8	37	77	9	46	62	
69	25	31	17	29	72	32	70	79	71	27	5	5	64	12	74	6	70	30	19	75	76	43	8	63	80	74	57	7	32	65	26	54	13	40	32	1	20	19	33	8	44	64	42	56	77	65	60	13	45	76	9	36	73	42	48	66	66	55	22	47	37	44	50	45	34	79	46	2	18	23	39	10	4	78	62	74	61	39	4	
22	64	39	7	1	30	53	64	13	25	35	57	10	76	24	52	26	21	44	57	66	64	14	23	65	9	34	8	18	25	42	69	37	78	26	36	57	76	15	68	50	80	74	57	73	16	58	48	67	20	27	1	80	33	54	14	71	5	20	38	56	59	61	11	6	80	40	62	28	4	77	72	1	75	78	79	41	60	70	49	
21	9	79	51	71	49	62	11	3	31	78	57	39	52	63	74	1	20	52	23	21	80	44	53	16	71	41	47	73	59	13	12	17	9	60	37	8	71	2	8	54	74	64	43	74	42	32	73	12	33	45	62	65	39	34	75	27	21	40	18	77	1	66	12	44	68	78	48	8	76	50	9	67	61	55	54	56	28	76	69	
58	72	40	35	27	20	26	3	38	14	50	33	44	26	74	80	43	69	75	49	60	41	55	71	51	51	75	21	76	20	34	53	8	69	36	64	7	11	65	77	54	65	24	15	9	47	45	52	66	36	46	42	27	19	63	74	67	56	13	13	73	48	13	30	60	54	12	16	7	25	8	59	7	62	23	15	58	68	10	41	
18	5	32	41	53	12	64	69	16	74	79	6	65	10	33	76	5	73	40	9	16	45	17	20	56	70	61	31	51	21	21	19	21	50	56	24	14	38	11	25	62	6	60	75	45	43	19	49	33	57	6	78	51	52	47	26	38	27	4	7	73	22	23	44	29	26	66	34	13	23	8	71	63	63	15	21	55	32	28	36	
38	22	63	6	71	27	28	27	1	29	62	72	1	3	65	20	24	78	48	66	20	50	54	75	62	19	45	66	80	61	21	35	32	4	41	52	56	15	28	57	74	8	76	72	10	58	9	59	5	6	77	21	53	46	45	68	14	40	7	11	51	48	79	79	2	31	80	55	75	26	55	67	31	49	58	70	59	64	74	60	
64	66	28	67	62	22	1	74	11	30	34	58	75	26	6	70	6	4	38	31	59	10	14	7	7	20	22	59	29	13	65	11	29	42	27	8	62	60	32	70	5	13	79	29	69	2	15	24	34	3	52	12	41	65	48	45	80	65	53	26	33	68	66	54	27	44	63	6	49	39	35	9	50	21	37	67	51	39	14	35	
71	58	42	29	71	6	24	68	20	74	44	45	11	59	16	36	18	24	72	16	61	14	15	58	64	38	42	65	75	79	22	63	55	8	41	43	46	62	59	66	6	21	23	14	76	69	48	43	10	36	57	19	1	68	26	13	55	17	75	49	14	41	67	69	47	18	60	7	29	33	65	70	2	37	76	27	73	74	24	19	
57	25	33	54	42	7	16	15	21	8	11	64	78	68	47	41	35	53	45	13	35	59	75	37	46	68	12	18	9	60	30	64	3	11	71	42	48	80	54	65	38	63	79	32	80	49	22	66	50	67	74	77	73	20	61	68	36	23	10	43	1	63	24	79	23	39	39	69	70	42	2	54	58	78	40	51	70	56	64	34	
68	56	58	11	23	37	76	56	59	77	15	4	12	67	1	30	57	69	17	40	62	46	11	32	41	75	80	60	46	14	10	65	67	64	72	7	50	65	14	55	13	24	61	51	8	7	78	60	25	42	49	2	5	9	31	77	1	63	52	77	74	18	58	16	27	79	44	23	19	54	3	55	75	5	22	33	38	50	43	60	
9	41	59	44	47	8	68	79	18	38	72	7	77	79	13	19	27	6	39	37	56	64	41	1	15	60	63	50	27	22	27	66	12	35	59	58	72	45	52	14	31	73	43	26	21	5	73	46	7	29	31	61	42	69	10	54	2	70	21	55	10	78	71	19	32	46	25	20	40	26	28	20	16	16	75	34	18	67	30	23	
44	57	31	4	75	39	55	23	26	74	76	65	20	15	34	47	59	56	64	48	80	37	65	45	50	58	29	17	52	6	36	34	12	66	35	5	53	8	25	76	33	51	11	48	67	42	46	71	49	58	40	76	12	50	41	11	59	17	27	16	22	11	54	31	25	32	64	77	68	38	21	18	42	43	14	18	24	56	60	64	
31	23	60	72	70	46	32	45	60	7	9	30	48	5	8	70	66	69	15	51	57	65	18	12	43	28	27	61	33	14	73	13	34	48	34	53	11	63	47	20	20	6	47	65	8	9	4	71	71	49	41	50	30	10	54	22	31	32	31	14	73	24	55	24	67	12	26	28	27	71	78	35	74	73	52	36	75	51	54	16	
16	41	57	76	44	60	15	24	39	45	36	32	64	38	2	79	41	25	56	8	45	3	73	40	73	71	65	65	47	66	77	5	24	6	78	65	17	42	6	48	35	69	27	19	26	25	49	14	80	49	51	42	50	43	28	52	31	53	54	20	29	1	52	46	1	2	28	59	39	63	40	75	49	67	36	22	38	33	65	37	
75	33	27	42	72	52	31	51	11	2	18	65	80	68	28	31	64	5	73	52	67	28	41	63	48	26	2	77	52	65	61	44	14	37	35	35	6	63	36	46	63	53	28	13	36	7	40	49	8	60	19	69	6	57	49	76	32	80	22	1	61	3	43	25	38	78	9	71	55	45	34	67	47	12	79	27	15	34	74	19	
44	11	37	47	15	4	72	44	33	12	74	46	10	66	66	77	10	26	14	16	17	48	79	54	7	25	78	19	56	21	67	17	60	21	13	72	55	35	65	5	49	57	80	3	75	60	76	2	34	6	10	51	8	6	50	37	28	1	52	36	20	68	12	72	39	43	18	9	75	23	42	38	1	40	68	71	52	22	29	30	
14	26	73	44	61	40	78	39	66	80	22	79	17	51	21	52	11	30	10	35	54	49	20	53	36	5	72	31	15	9	57	58	63	79	52	41	36	1	29	52	75	48	48	44	17	65	10	62	12	18	13	63	16	59	68	2	62	7	28	25	44	4	79	27	79	47	62	67	76	41	37	67	6	31	26	23	13	69	27	55	
32	35	66	45	10	1	42	21	40	20	43	78	52	72	19	48	68	30	62	60	68	51	77	26	73	54	41	36	34	17	38	63	49	55	57	8	4	17	58	39	66	56	33	35	41	3	43	57	28	12	35	46	6	61	67	29	37	57	15	13	75	2	74	70	53	5	27	5	47	7	40	30	50	22	63	39	21	11	16	45	
52	77	8	8	7	24	33	34	79	76	45	68	74	68	54	75	65	79	77	29	30	66	7	28	5	66	64	22	26	27	16	75	53	56	31	59	75	67	9	71	55	3	56	78	20	60	70	35	7	17	14	33	2	17	58	1	32	72	52	57	14	73	79	18	36	27	80	61	38	29	49	42	62	55	39	4	32	24	63	40	
69	73	21	65	37	73	17	66	14	64	70	56	79	69	71	67	42	58	43	78	36	9	38	14	61	24	41	10	77	51	75	64	39	10	80	25	32	11	8	42	26	27	47	22	11	34	2	2	41	41	4	74	79	72	37	57	40	76	16	31	44	40	13	32	1	7	55	28	48	12	19	69	46	68	6	76	18	45	75	15	
77	21	77	73	2	32	79	35	56	44	15	53	2	56	31	78	13	3	57	57	45	72	43	30	5	1	24	50	36	48	53	59	67	3	80	18	28	4	5	34	37	15	32	68	68	61	64	80	14	38	53	54	58	47	33	61	41	54	60	24	23	39	6	42	26	76	51	8	21	50	67	10	14	16	73	7	74	6	40	3	
72	29	7	80	25	69	10	14	41	67	37	9	46	64	76	69	12	42	22	28	42	6	68	55	52	55	2	44	11	27	78	32	53	31	29	26	18	36	38	8	52	70	48	15	51	36	3	58	30	53	39	67	13	17	37	58	21	38	50	33	13	75	11	15	23	37	43	73	71	74	26	40	19	66	16	62	60	47	77	79	
6	24	12	14	67	79	19	5	65	66	64	75	58	73	7	32	26	80	47	46	18	68	36	31	3	39	8	51	71	26	77	27	44	6	74	60	2	4	62	64	69	75	9	76	64	45	21	40	37	65	42	55	2	70	35	2	56	36	3	77	11	77	20	4	32	6	61	72	37	41	77	22	65	10	46	48	45	23	3	33	
33	68	33	31	5	61	62	58	46	62	2	54	56	18	7	38	52	65	19	6	55	13	57	37	13	53	32	7	67	65	70	15	50	22	75	63	29	59	27	24	36	28	28	41	74	32	75	43	15	44	78	19	60	4	53	16	54	3	20	38	66	9	3	34	64	30	35	31	79	57	69	63	37	77	71	72	39	76	73	71	
36	44	9	6	45	9	20	49	8	69	4	22	23	36	3	25	61	32	53	10	39	24	21	70	49	72	75	73	63	41	14	16	34	17	53	29	23	26	75	67	6	28	1	59	62	79	1	74	76	4	80	18	28	27	35	71	38	28	19	50	66	30	15	18	77	63	78	11	33	68	5	2	13	17	46	24	47	75	31	42	
76	12	38	18	55	70	36	40	15	78	6	31	51	19	78	42	30	71	77	60	8	15	78	21	29	39	43	24	31	2	45	24	41	32	70	13	22	56	3	64	7	5	44	51	52	39	16	32	59	4	41	64	45	37	80	71	73	69	13	53	68	7	27	28	37	48	67	6	56	18	72	52	23	33	52	25	17	9	3	74	
40	42	55	80	76	4	69	17	22	30	20	41	67	76	64	21	39	79	58	42	15	40	9	65	18	10	36	65	16	37	56	50	28	60	47	52	62	66	68	35	44	36	70	28	29	2	79	17	31	51	54	43	45	12	57	8	20	49	71	32	28	77	32	59	61	28	23	74	10	46	14	4	72	2	73	19	1	12	33	29	
59	13	21	48	45	28	53	62	19	72	44	44	65	74	15	35	50	67	48	11	23	60	11	14	10	21	59	41	27	8	20	34	42	70	78	4	46	2	15	63	70	58	24	52	78	68	36	78	53	33	5	72	9	16	33	49	64	9	39	8	46	55	40	37	74	38	70	43	65	2	17	51	8	73	52	47	55	57	30	61	
67	32	77	25	74	59	23	55	65	60	61	61	34	48	15	24	79	34	11	60	33	25	63	38	12	61	73	17	19	18	22	36	80	17	54	71	75	74	43	8	51	52	66	32	17	30	4	47	62	13	55	44	66	35	37	27	11	20	73	56	66	14	4	63	31	8	53	49	31	64	54	41	15	69	65	60	50	13	26	58	
54	76	51	37	58	79	14	18	17	4	71	34	14	25	11	70	29	12	42	15	5	40	37	16	59	46	26	56	57	46	64	28	71	33	15	47	28	27	19	72	27	2	19	73	56	62	61	35	69	44	43	23	35	76	36	42	75	60	21	45	55	76	30	48	57	74	39	2	10	52	79	66	1	40	54	63	20	65	39	41	
23	77	54	6	22	41	45	11	48	58	5	20	3	57	12	59	41	49	9	80	47	30	16	46	67	19	51	32	78	10	63	51	1	68	55	56	60	17	64	20	24	17	71	25	27	78	31	11	77	70	9	72	17	62	35	6	70	2	62	66	5	43	66	35	65	37	4	33	51	13	47	26	56	76	46	74	13	29	4	39	
13	43	27	27	12	60	57	1	11	73	14	46	61	77	78	37	69	31	16	64	73	62	6	46	76	4	70	5	24	70	40	67	60	65	43	72	73	50	18	2	36	66	45	16	7	74	47	68	52	60	53	45	71	54	38	15	3	24	17	24	49	7	8	20	66	55	42	10	58	56	25	11	75	19	26	67	23	8	9	72	
18	15	35	5	6	66	16	6	42	61	27	80	63	65	17	78	63	52	4	28	58	9	59	41	40	67	51	62	72	53	1	7	9	61	43	10	76	6	12	32	64	68	29	76	2	46	74	14	44	75	39	16	32	14	47	21	30	47	33	54	49	31	8	55	8	47	69	1	3	19	30	16	36	7	11	37	48	34	47	20	
53	36	22	2	79	16	21	27	60	1	28	59	29	33	27	64	29	7	62	32	50	43	74	4	45	6	37	41	60	33	80	30	66	51	29	15	13	3	71	23	28	18	78	54	46	23	65	73	54	76	20	22	34	10	55	28	42	9	19	17	72	14	75	7	62	56	19	70	49	8	10	77	20	11	75	67	57	58	57	31	
50	27	80	33	60	52	11	49	10	26	14	1	70	7	35	46	62	50	65	55	54	25	80	71	66	22	4	34	28	12	11	29	57	40	58	67	41	65	37	48	42	76	77	27	32	31	23	39	75	37	15	79	59	44	19	69	10	21	49	35	63	17	64	36	47	45	47	6	61	26	13	38	20	3	70	48	53	34	48	77	
69	79	72	77	31	43	61	42	9	59	23	62	66	80	40	31	70	2	66	65	26	66	19	74	12	27	40	67	59	28	8	45	18	29	71	48	67	49	34	73	25	54	52	45	3	42	24	63	41	5	41	17	19	55	8	30	1	77	41	10	19	44	1	38	71	69	29	12	35	14	77	13	63	7	79	20	46	21	76	32	
19	34	43	35	38	47	12	66	74	1	24	9	76	20	72	62	6	18	21	70	28	16	76	42	9	73	53	76	39	78	54	55	29	14	44	16	10	80	33	78	79	50	36	70	68	25	1	70	73	22	59	18	63	3	7	17	25	13	10	61	4	60	65	63	34	53	77	59	5	57	15	80	26	41	27	41	29	48	60	6	
62	67	52	70	67	10	4	43	15	46	51	16	52	71	76	72	36	70	80	68	76	5	69	17	73	30	9	37	1	73	71	8	56	40	76	65	47	75	55	10	39	25	23	6	38	17	26	27	36	54	9	31	54	22	75	78	50	12	63	74	62	53	78	29	9	21	45	13	12	20	11	3	34	64	28	77	78	2	11	63	
52	49	9	56	69	33	50	36	30	30	29	41	32	54	66	38	72	57	71	34	68	32	60	20	14	3	39	40	2	79	23	3	45	59	56	70	8	55	16	37	3	75	31	31	44	10	18	65	74	41	17	4	20	70	24	30	22	7	25	53	36	36	53	43	11	59	13	16	42	61	1	31	51	25	12	39	64	59	21	77	
47	66	76	64	5	44	43	59	80	63	26	66	44	28	11	4	4	50	51	33	22	52	13	19	23	56	53	35	63	29	62	27	6	7	42	8	5	33	13	30	46	36	12	8	14	20	17	47	24	52	31	38	49	40	60	25	43	55	5	27	78	65	80	1	21	71	37	32	20	48	46	61	32	57	18	75	34	15	39	72	
15	69	28	16	56	29	31	19	1	34	68	73	47	17	22	66	4	5	33	21	1	77	30	30	2	39	54	55	3	10	44	14	25	21	59	77	48	39	42	78	70	59	20	64	73	71	79	75	72	31	44	76	55	74	49	60	61	24	58	58	62	19	26	2	41	75	28	35	32	27	36	46	78	79	59	65	65	63	56	57	
2	50	74	6	39	39	58	15	12	32	22	17	1	41	16	43	65	75	20	43	10	53	6	35	43	14	17	25	67	23	29	18	69	24	21	25	9	28	70	45	57	11	59	7	4	72	42	60	16	57	22	54	54	55	5	45	68	19	20	51	40	46	28	60	14	36	79	51	62	17	27	68	30	70	76	18	13	62	34	24	
68	45	75	43	18	34	35	2	46	50	3	34	49	17	41	9	53	37	57	61	3	69	4	56	57	74	23	66	5	48	39	64	10	62	52	68	15	7	8	6	2	12	34	77	21	24	2	21	58	11	32	14	75	26	64	79	42	8	29	38	52	48	19	7	42	20	65	36	51	67	33	54	24	17	80	76	40	27	55	47	
34	74	4	57	48	64	59	7	25	64	75	13	61	42	18	6	59	29	68	27	51	50	28	66	16	31	58	3	76	20	45	37	41	79	33	5	61	35	41	26	52	64	38	30	24	51	35	79	32	47	56	5	14	32	56	28	8	30	36	76	79	23	50	39	19	1	71	28	67	62	12	30	43	37	57	64	44	33	15	64	
77	17	53	46	46	57	18	44	43	75	36	35	15	35	23	63	71	39	41	47	18	44	74	59	28	78	72	68	30	33	48	56	58	45	45	11	19	61	5	7	52	72	35	24	22	6	29	4	40	69	2	7	62	76	15	3	70	37	61	52	67	53	49	32	47	10	72	21	73	79	18	1	14	8	3	80	35	31	20	5	
46	16	29	21	40	41	52	22	75	65	16	11	65	61	40	68	67	62	76	4	7	55	24	15	42	22	77	27	6	13	49	75	26	74	45	60	67	15	35	9	27	73	17	9	5	6	69	19	70	12	21	20	52	39	32	43	10	57	72	39	71	33	32	47	56	74	54	38	38	30	80	14	53	10	25	58	63	38	75	59	
1	37	2	3	73	54	41	32	29	58	69	45	40	50	38	49	75	37	5	61	70	26	72	67	66	43	44	28	78	30	36	76	56	34	77	79	31	64	60	9	71	46	55	61	45	41	22	42	72	56	46	6	7	35	74	58	78	24	48	23	75	80	47	48	51	4	76	14	57	54	16	68	52	13	44	17	37	18	77	63	
64	40	62	60	24	51	65	16	23	17	67	18	36	30	60	1	15	55	23	14	57	56	78	27	53	71	33	40	38	58	24	20	47	75	23	69	74	37	39	21	3	19	58	37	46	36	66	59	42	7	25	13	57	48	65	59	36	26	48	71	28	61	36	68	5	8	64	29	42	6	72	43	52	50	31	32	35	10	41	44	
17	42	64	18	8	45	26	72	58	71	12	29	2	76	25	4	3	63	62	73	16	51	67	66	19	11	31	46	18	4	64	60	75	44	30	79	21	51	20	13	39	61	39	38	53	1	71	5	61	55	74	27	18	8	14	66	15	74	59	30	76	41	41	63	35	77	11	78	34	65	38	23	40	21	56	40	22	75	42	30	
43	65	56	10	69	13	73	34	2	79	61	21	37	55	80	22	31	40	46	60	24	70	3	5	9	8	42	26	4	33	6	66	48	57	25	33	67	52	64	17	41	74	35	1	41	64	46	23	54	9	7	68	23	28	70	34	56	66	4	12	12	11	62	58	12	14	38	77	50	50	18	5	76	15	30	78	7	32	3	67	
57	30	75	78	4	15	23	60	74	57	54	35	14	65	39	21	19	26	18	17	25	55	48	16	79	27	1	3	50	31	58	24	57	52	18	61	63	71	66	6	47	77	38	53	59	26	80	19	51	36	30	75	43	5	6	37	20	32	69	67	12	45	42	66	46	55	2	64	75	9	12	44	74	55	39	3	72	62	22	70	
20	37	61	4	30	12	38	4	77	24	64	2	18	58	17	12	57	41	18	52	46	27	36	73	74	29	60	11	2	68	29	47	21	36	46	1	45	33	79	69	6	16	22	22	66	67	63	70	24	80	34	19	23	19	39	44	41	15	52	75	30	32	72	51	78	62	78	57	14	28	43	17	35	60	3	43	76	78	50	16	
74	18	67	19	60	21	7	50	61	8	39	8	35	22	10	15	80	1	78	40	27	63	5	6	71	32	79	63	13	56	31	36	64	10	49	73	58	9	40	36	11	28	75	46	47	77	12	76	2	73	68	52	52	66	4	72	33	16	56	44	53	79	77	66	43	72	57	13	17	14	20	80	41	14	24	38	64	3	62	25	
17	80	6	20	13	7	9	41	4	68	33	54	6	58	37	41	48	43	7	71	7	1	19	76	21	39	66	2	35	72	41	78	66	73	12	74	76	18	65	29	28	22	32	27	23	19	66	69	59	23	7	63	17	56	56	64	12	39	13	79	24	47	66	45	49	11	70	65	42	51	9	5	9	38	8	30	58	23	52	63	
73	3	44	36	57	53	17	25	33	27	7	10	72	23	43	58	15	34	37	7	21	75	71	55	68	33	2	38	78	77	14	70	78	7	22	2	54	34	26	35	59	53	40	80	6	11	8	37	55	14	47	16	66	58	69	46	4	20	30	27	15	73	16	41	29	60	40	31	45	17	64	52	9	18	48	78	49	5	65	24	
75	54	59	12	29	55	5	26	27	31	8	25	53	43	15	2	21	5	28	62	8	7	29	49	55	34	74	18	44	54	33	20	30	15	27	3	78	65	63	18	41	59	64	14	18	76	40	37	30	32	45	70	53	75	42	31	46	35	45	73	24	19	40	56	52	16	48	79	74	24	5	36	29	20	74	50	44	38	29	71	
78	71	69	49	14	4	22	54	22	13	75	47	27	32	44	27	56	35	23	74	4	58	51	30	77	42	25	70	23	52	55	17	37	28	15	45	64	34	17	38	43	9	30	19	71	61	50	67	45	16	60	3	72	20	29	13	12	44	79	32	19	57	46	77	37	10	58	5	41	6	68	33	61	11	53	31	80	41	18	62	
56	19	56	74	64	35	5	75	28	5	30	31	7	18	26	53	57	14	8	47	29	73	77	10	80	76	39	20	65	2	79	37	46	3	61	27	30	69	50	50	12	21	37	39	70	13	6	42	18	42	9	62	31	32	70	33	24	58	43	15	9	71	73	63	71	22	28	51	66	78	52	21	49	1	7	40	77	59	3	45	
1	28	70	29	59	73	6	77	80	51	33	12	66	62	7	7	76	32	54	69	57	19	37	20	49	40	3	70	45	32	30	38	61	39	55	50	23	58	75	22	54	26	55	71	30	59	5	34	8	78	49	15	10	35	65	3	72	61	74	53	80	20	2	8	79	9	46	19	60	30	4	62	17	40	67	64	16	37	53	54	
28	14	71	68	46	46	70	68	31	55	38	61	22	75	73	18	67	36	66	76	9	52	56	43	41	57	21	58	39	69	26	17	33	40	37	25	16	18	44	56	40	29	62	72	12	48	39	29	23	25	24	56	51	30	13	63	76	65	34	35	77	10	79	64	47	41	78	80	44	1	53	15	15	59	37	60	22	77	5	78	
24	53	45	66	77	58	46	71	34	29	52	29	69	48	4	64	78	77	60	68	64	67	33	27	38	67	35	9	59	32	2	21	7	41	3	76	13	48	16	79	25	1	23	10	31	54	71	55	80	63	40	65	60	80	36	47	6	65	57	61	50	50	32	46	12	40	72	56	26	36	45	49	25	23	61	8	30	75	68	17	
72	46	26	49	63	59	25	63	78	6	41	37	64	70	32	69	49	59	69	24	6	71	68	22	30	77	50	53	64	54	60	53	11	35	56	16	36	73	80	40	2	67	3	58	5	17	7	8	19	15	23	21	76	7	72	54	29	42	18	48	38	27	14	5	59	13	8	44	24	34	51	18	28	36	33	53	4	52	52	43	
25	71	3	52	75	62	10	61	14	28	10	14	8	63	79	57	73	79	74	1	32	74	49	78	27	35	55	58	48	17	37	39	5	12	72	31	64	5	78	27	53	5	41	51	13	48	67	62	46	1	16	24	77	11	51	50	63	18	25	4	31	6	68	71	7	57	15	19	9	40	76	56	74	54	56	2	16	36	17	10	
30	20	5	20	66	38	74	37	45	40	42	26	36	78	9	71	28	60	49	62	11	33	76	31	4	41	46	14	21	62	53	80	27	43	50	80	65	70	48	56	22	32	79	9	77	55	19	54	5	68	29	47	15	44	73	13	7	44	64	52	31	67	51	45	10	16	1	21	6	35	26	57	79	58	59	18	12	80	23	43	
