3	34	61	75	49	17	34	26	14	27	71	64	8	14	35	56	17	23	72	14	73	35	32	53	70	17	24	17	74	24	4	40	68	44	67	67	11	50	10	22	75	30	4	80	41	35	6	8	7	75	19	77	59	80	47	47	46	20	13	33	73	15	71	12	8	9	74	16	54	2	35	48	61	69	76	52	52	79	57	56	
23	25	51	79	22	47	43	66	16	5	48	6	17	36	14	54	72	5	67	44	37	19	39	15	37	64	65	7	60	70	60	32	12	60	61	63	24	53	78	38	56	45	41	22	29	4	73	20	8	57	60	74	25	49	40	59	30	17	68	39	42	46	69	77	18	80	58	70	50	5	26	27	1	16	52	25	21	63	55	62	
37	50	75	60	15	28	36	74	75	48	31	28	5	49	55	51	45	62	39	43	64	13	15	61	26	53	34	73	66	72	76	20	71	67	29	35	13	16	27	37	63	55	14	65	21	66	32	15	46	19	56	59	30	67	38	53	70	68	75	6	8	68	22	28	4	49	69	17	77	7	80	38	57	12	54	33	40	41	70	78	
47	75	46	26	11	31	29	30	48	21	32	4	38	52	29	40	50	6	3	60	8	1	49	13	42	47	69	66	75	9	53	71	80	48	15	41	28	41	68	72	11	18	73	47	19	51	4	22	55	4	76	12	2	74	22	43	35	40	57	27	46	33	48	78	25	61	33	54	50	56	72	58	18	14	22	67	63	55	5	36	
57	25	44	56	45	15	47	78	5	21	54	80	77	19	24	51	28	7	19	27	55	40	35	70	51	6	5	31	59	3	15	33	57	8	38	19	21	2	46	55	52	18	53	79	66	25	48	44	29	16	20	1	52	58	22	53	60	23	1	32	61	49	14	60	62	49	30	21	4	72	73	9	39	74	10	55	17	43	48	75	
7	65	74	57	67	43	27	40	15	58	21	66	52	32	76	22	30	22	41	28	43	62	60	32	5	55	4	51	47	1	44	52	16	35	26	79	27	3	68	39	8	6	55	59	67	48	28	49	19	64	24	59	75	1	9	78	54	41	46	18	71	7	20	10	71	77	80	23	73	66	53	31	21	25	38	11	21	63	50	37	
76	71	46	69	22	3	16	73	74	59	40	62	16	57	63	4	48	61	17	71	77	19	51	14	72	6	49	43	18	48	78	44	37	72	64	56	75	74	79	64	53	67	80	64	42	56	19	39	66	32	27	60	1	28	70	21	62	2	61	5	34	8	69	20	6	48	25	67	41	22	80	45	7	73	23	75	46	67	31	61	
16	7	37	45	63	56	63	42	42	43	68	26	79	55	43	73	20	66	10	8	35	9	45	69	29	14	62	24	78	44	2	11	79	70	5	59	74	18	51	65	9	36	8	6	12	49	75	57	64	2	67	16	39	25	3	65	38	15	17	32	13	6	72	1	24	27	10	19	42	58	77	48	46	4	50	21	22	47	55	71	
74	35	75	30	9	27	12	75	70	48	56	73	4	45	23	25	21	62	37	60	69	63	26	30	64	24	28	61	16	80	72	7	65	65	66	23	41	27	15	29	76	68	51	26	67	71	48	1	3	34	11	78	14	65	17	31	7	42	5	20	71	77	56	6	10	79	57	2	18	22	58	38	39	32	60	51	47	57	8	46	
8	10	32	52	72	78	76	28	36	79	77	56	22	50	10	60	38	17	57	3	36	31	37	73	6	15	41	49	69	40	44	27	79	74	76	68	20	70	14	54	16	8	59	71	8	19	45	75	33	19	29	66	80	62	7	3	26	77	1	44	67	2	4	62	21	13	80	34	31	43	37	46	5	13	63	39	61	24	30	11	
73	54	26	70	65	63	22	8	9	52	2	73	43	19	4	56	31	1	39	10	74	73	53	71	4	66	25	14	5	4	55	75	11	78	16	70	12	65	28	17	34	27	7	26	76	40	31	23	71	68	62	61	58	63	49	13	44	24	23	46	25	79	38	30	22	3	50	30	64	29	45	14	51	80	69	75	72	17	47	57	
2	26	36	58	6	34	66	47	7	38	10	30	30	77	9	50	75	8	29	55	32	22	18	32	19	4	25	5	51	69	12	50	13	45	25	48	28	41	12	33	76	20	12	56	46	50	57	70	59	1	75	11	20	14	67	68	44	16	23	12	27	31	11	71	28	66	35	52	24	41	37	49	10	42	22	53	41	74	40	14	
72	64	49	9	24	33	26	65	71	46	26	15	74	66	80	49	51	29	17	70	68	79	37	27	70	56	77	28	80	67	72	69	48	38	28	73	22	52	3	8	47	58	20	70	43	50	36	8	75	2	30	12	78	61	68	76	1	14	42	4	78	32	5	75	19	31	13	35	28	45	72	23	53	41	11	10	7	43	54	34	
42	72	73	69	2	59	3	66	75	43	79	17	23	79	41	71	55	3	56	32	45	45	54	16	4	60	54	40	53	18	69	12	39	11	31	39	19	31	22	7	23	51	53	76	47	12	64	52	44	36	1	8	30	57	50	31	61	53	20	30	21	38	72	58	46	20	14	63	80	65	24	21	33	69	15	29	30	27	77	72	
12	75	28	40	75	27	20	53	78	37	80	16	72	69	22	67	38	33	79	36	47	15	54	77	34	17	55	13	73	49	2	2	74	59	39	66	4	56	68	31	42	66	76	31	5	18	48	41	77	44	73	43	9	76	68	45	42	46	50	32	38	2	32	29	10	21	44	48	73	30	71	35	45	19	13	51	62	58	35	60	
52	57	46	59	50	30	47	9	19	46	70	54	45	19	32	5	36	25	45	58	52	66	40	46	79	3	10	9	61	74	62	59	49	57	34	48	37	30	55	52	75	76	56	68	10	38	71	75	60	65	4	28	48	72	72	77	73	31	3	80	54	14	56	53	69	41	18	53	67	22	23	10	13	27	78	53	64	15	1	39	
77	77	14	42	67	35	68	8	17	69	5	19	31	59	68	48	16	3	18	32	22	70	40	33	15	65	35	25	77	29	59	72	56	23	63	74	7	49	80	20	65	1	35	13	8	21	58	53	53	75	2	73	61	39	55	25	24	7	47	50	36	57	37	38	75	51	27	79	26	28	47	30	51	34	40	60	2	52	26	54	
38	27	74	49	14	46	23	64	2	68	29	65	40	15	20	64	62	45	12	26	16	9	52	64	39	41	37	69	6	60	42	73	34	62	71	77	25	12	59	25	30	37	43	66	50	56	80	61	51	41	36	63	47	5	44	35	76	32	20	79	39	9	21	71	67	10	65	53	51	74	17	78	28	51	13	27	57	9	48	24	
48	70	5	44	24	49	76	17	26	45	45	63	2	16	50	18	23	65	57	24	55	21	19	32	22	26	8	76	65	42	17	62	29	20	55	51	15	54	17	40	43	12	17	74	25	17	10	77	31	27	17	35	66	63	28	5	39	22	78	52	64	13	31	41	29	4	46	73	1	55	60	73	30	33	67	38	75	34	64	47	
69	78	5	53	10	19	55	45	39	50	15	50	60	75	7	39	76	45	30	27	49	39	56	62	63	31	49	54	4	30	71	70	57	73	40	64	42	12	58	78	59	70	77	69	65	1	25	8	75	3	66	73	41	32	4	20	11	51	21	13	29	41	33	5	34	69	16	23	79	80	18	14	11	44	25	23	42	48	61	67	
79	42	57	68	22	11	36	31	58	55	73	37	13	22	69	74	41	4	14	71	24	61	24	34	22	46	53	14	10	32	78	39	22	5	24	43	12	59	22	21	62	44	54	72	15	40	63	53	76	27	40	16	5	12	45	57	56	45	70	15	75	17	51	12	48	25	51	18	31	23	27	9	64	30	33	76	19	43	78	41	
67	66	51	21	76	43	75	49	5	12	61	27	56	62	37	54	3	37	63	31	9	5	70	69	65	17	14	32	57	10	73	73	25	39	13	18	33	36	16	66	46	27	11	51	6	44	22	38	34	80	19	40	35	6	58	47	52	69	77	28	26	64	17	48	52	59	19	1	15	29	68	7	53	23	55	8	71	78	44	45	
24	12	31	8	15	4	52	64	20	46	41	42	28	7	40	29	62	5	59	71	63	72	75	66	13	48	71	27	72	64	69	45	73	17	50	37	49	20	53	67	63	43	57	40	44	46	19	25	48	76	14	29	65	38	12	79	34	32	19	23	46	39	17	36	51	65	26	17	2	77	32	14	35	7	6	22	50	21	56	16	
12	4	74	74	38	3	18	69	64	66	41	28	20	56	13	68	70	65	35	72	5	64	33	30	68	34	1	68	50	41	3	12	75	72	36	30	26	51	49	37	39	39	62	7	12	24	76	79	6	53	17	9	67	47	71	4	29	73	69	31	57	67	40	48	8	78	28	61	70	10	16	54	32	43	55	77	48	73	21	51	
44	67	8	60	64	72	61	9	10	48	35	61	32	70	58	70	11	9	48	29	74	65	80	54	7	52	43	2	75	12	2	68	76	13	45	57	29	23	63	33	69	47	43	50	71	19	37	26	19	4	52	46	13	51	14	49	51	6	53	43	15	55	28	42	51	73	17	77	16	26	30	28	24	20	79	7	36	31	62	56	
61	31	12	71	78	55	35	79	58	32	39	23	75	17	13	43	36	24	69	44	80	45	22	52	62	14	9	15	73	68	18	51	15	26	71	44	1	55	40	6	4	27	58	76	73	70	68	27	42	54	21	71	49	39	41	28	53	45	48	47	29	56	41	74	30	29	33	58	3	25	13	34	46	36	27	37	6	46	12	77	
15	30	65	61	66	54	38	34	18	27	24	74	31	63	17	58	40	47	65	73	18	27	22	19	45	79	78	49	41	8	75	5	35	58	20	18	29	4	2	75	26	23	21	55	35	32	62	24	36	75	44	48	22	64	54	67	12	49	60	1	56	5	39	6	68	79	59	42	78	53	62	57	25	30	28	9	69	36	33	37	
28	72	78	77	5	1	9	46	48	18	77	51	21	29	55	30	58	58	65	53	31	76	24	2	23	79	11	33	64	69	66	41	10	14	37	45	12	74	40	57	41	34	26	59	13	30	7	68	5	20	70	62	45	44	61	17	40	19	46	54	37	63	12	79	73	6	39	2	69	76	15	58	60	67	34	71	11	72	59	48	
37	74	56	79	35	66	13	24	37	9	75	69	68	35	64	10	28	51	41	45	77	47	20	54	60	5	41	21	68	46	14	54	68	71	50	22	52	13	76	3	55	66	23	70	53	34	27	75	2	65	72	76	62	38	79	39	38	77	11	56	63	20	29	49	5	28	67	6	78	12	38	40	25	57	58	73	8	78	17	38	
60	3	63	72	39	60	28	26	46	34	79	29	51	24	25	5	49	10	7	34	17	41	20	40	14	71	61	49	67	74	36	75	77	17	65	63	27	9	6	69	72	35	45	72	56	67	78	54	26	31	36	75	70	8	59	33	74	36	32	11	62	66	80	4	79	61	64	22	19	19	42	8	52	35	30	56	53	55	58	38	
2	43	14	22	45	23	51	35	7	80	42	64	14	38	65	11	48	78	61	66	15	50	25	15	36	49	21	3	52	28	26	53	69	72	70	31	40	71	64	44	68	53	60	32	40	41	38	6	36	48	33	80	54	39	46	79	45	17	79	7	40	58	8	26	74	30	6	29	16	67	70	37	73	47	61	59	35	56	62	20	
13	31	50	9	20	10	5	55	54	1	11	12	4	51	66	73	74	69	19	39	6	39	71	75	1	80	1	65	44	13	7	6	41	48	12	58	8	47	62	59	77	24	19	2	70	3	72	12	21	38	48	23	74	67	45	25	14	44	9	55	60	38	15	16	4	52	22	41	17	79	28	10	26	33	18	40	68	24	46	1	
11	44	54	2	58	16	56	69	12	12	74	60	47	32	26	80	1	71	38	13	67	52	52	36	35	7	22	15	29	19	46	76	58	18	69	66	62	74	57	69	3	75	78	47	24	49	49	28	37	32	65	55	4	66	8	65	72	27	30	51	41	73	35	50	39	53	32	20	44	33	36	59	61	64	41	79	30	40	63	68	
64	64	38	15	48	72	78	68	47	25	34	6	49	18	4	3	69	65	50	62	15	36	57	22	17	14	19	44	78	20	58	59	79	43	72	76	32	21	61	30	41	44	65	37	11	66	37	29	47	39	9	11	23	62	31	40	25	80	29	24	12	4	77	40	1	17	70	58	33	75	5	23	71	65	73	2	51	43	26	43	
77	29	4	15	40	64	80	62	58	26	79	20	59	24	8	53	39	70	29	21	14	62	42	79	45	16	24	41	58	44	34	3	22	35	47	11	15	44	70	23	19	25	70	77	40	75	1	28	15	56	46	27	36	6	53	30	51	75	69	25	37	19	57	9	3	24	16	28	15	38	67	32	54	55	56	43	79	5	65	12	
58	61	65	43	63	68	69	31	60	55	6	45	23	64	50	57	30	16	21	74	49	7	54	49	59	62	12	6	63	22	14	35	79	28	27	12	13	13	72	70	17	27	66	70	36	64	44	14	77	61	5	75	71	57	42	70	37	78	73	48	48	40	28	80	65	54	38	24	75	27	46	29	3	25	19	41	39	56	51	33	
34	2	58	16	8	49	37	71	76	56	32	41	9	60	36	19	59	70	40	71	48	33	17	79	55	31	32	11	4	30	74	36	61	1	80	65	47	31	53	42	4	38	35	43	45	15	58	18	34	49	4	39	78	52	27	3	79	8	12	80	66	44	46	43	50	62	25	51	42	54	17	53	10	77	34	57	8	13	13	63	
7	47	19	2	16	44	1	11	49	41	43	64	24	71	25	55	2	79	30	42	56	44	34	63	38	67	60	75	25	71	64	29	67	3	28	31	73	58	39	71	18	76	61	38	17	75	46	48	72	69	7	76	68	38	57	49	59	35	41	77	54	55	23	70	53	46	20	43	62	6	65	68	80	34	66	45	26	50	10	51	
63	46	40	47	2	48	40	4	29	30	77	33	2	20	21	4	12	36	45	62	39	58	47	68	9	51	63	64	14	71	59	74	66	48	73	17	11	22	18	41	1	13	20	3	26	37	2	33	23	76	49	59	52	42	76	57	8	56	38	51	77	50	42	60	12	65	75	25	75	11	8	28	19	31	24	72	11	32	54	35	
49	15	39	17	52	32	24	9	6	59	58	31	55	49	10	65	23	77	35	47	34	40	72	1	14	11	23	22	64	73	2	30	37	40	44	38	68	65	45	23	74	20	63	46	18	7	28	42	33	60	3	64	49	70	15	12	79	36	64	14	57	67	41	11	20	32	48	36	51	50	8	38	16	8	35	25	13	11	66	74	
20	61	7	67	80	19	30	29	3	10	37	57	70	25	17	38	56	13	23	19	3	60	6	10	66	36	65	26	45	43	49	14	53	53	32	2	22	55	28	24	62	15	28	1	37	74	68	9	5	8	25	17	18	28	48	79	16	27	54	58	22	20	27	21	31	46	34	41	17	78	12	33	9	71	26	44	61	51	52	64	
80	23	17	14	80	12	42	10	35	13	14	3	62	29	27	34	71	71	73	38	65	34	63	24	20	39	64	78	79	61	10	77	33	57	8	30	66	1	41	18	44	1	50	22	28	69	53	48	9	74	6	71	25	68	51	75	55	26	70	49	35	36	74	67	4	32	13	70	29	80	40	68	2	5	43	56	31	41	37	25	
33	21	45	7	34	6	31	3	60	19	1	12	78	72	74	31	22	37	14	48	33	77	65	29	27	21	2	75	62	51	17	42	70	11	79	53	47	28	6	25	75	4	65	23	25	8	50	44	42	13	40	80	7	24	50	63	41	49	55	56	18	26	43	36	64	68	40	26	12	46	9	36	75	61	55	20	66	30	11	58	
33	48	47	69	68	46	50	57	13	54	56	59	73	14	44	6	80	32	27	41	71	55	75	17	65	1	30	4	19	69	56	1	36	51	67	52	16	66	60	56	38	31	33	60	74	25	15	23	58	37	63	79	42	6	10	23	34	67	20	2	53	72	80	39	40	17	5	7	32	61	57	20	39	8	29	31	65	38	64	64	
25	62	57	63	17	14	2	49	30	52	49	32	73	78	66	64	12	68	64	75	77	38	10	33	73	35	13	2	71	65	64	15	73	76	24	8	33	26	6	60	24	3	9	16	79	27	27	40	42	11	30	36	75	37	19	65	21	29	66	9	20	77	52	31	64	72	36	33	44	71	34	66	74	62	39	28	4	54	55	43	
11	36	77	3	20	13	17	39	71	78	77	79	76	45	57	6	34	42	20	28	30	70	11	50	49	70	66	52	73	45	15	1	23	37	33	40	80	47	4	68	48	70	16	64	65	67	69	19	61	35	41	5	24	1	53	22	20	38	68	10	25	28	8	44	14	43	2	42	6	26	29	74	47	72	7	27	6	73	75	65	
56	63	16	28	62	66	46	79	51	31	44	25	9	47	18	20	32	48	60	64	72	37	6	65	54	11	15	57	33	80	68	6	60	2	63	71	16	27	20	19	6	59	38	12	49	53	62	30	18	73	11	41	56	50	21	27	58	34	35	36	57	52	74	66	1	55	55	14	74	24	27	77	77	17	39	75	23	50	29	33	
70	63	68	43	26	38	19	32	63	2	63	71	50	51	53	48	24	57	11	42	78	68	69	24	80	58	16	14	23	36	76	43	17	14	3	72	51	60	20	62	54	31	48	50	31	50	18	79	25	56	39	51	44	55	72	73	29	7	33	1	40	27	41	8	75	40	74	37	9	42	47	8	22	13	56	50	12	28	46	66	
72	33	34	62	5	24	49	31	27	80	30	15	57	68	49	44	57	72	76	15	31	42	21	3	3	25	49	45	40	44	28	62	78	60	41	77	2	8	25	56	37	5	20	10	21	73	51	80	63	77	43	6	65	9	36	18	31	3	59	19	44	7	35	36	61	69	62	11	26	39	61	64	38	79	67	58	15	66	4	70	
59	70	22	41	77	56	57	56	56	33	25	49	64	51	34	42	73	45	78	12	79	8	21	67	37	5	39	48	20	75	35	80	57	53	66	3	58	70	7	63	51	28	30	36	32	13	21	15	56	17	57	52	26	75	43	55	78	40	53	16	44	4	45	54	6	23	1	62	46	5	50	11	63	24	47	14	70	58	60	37	
26	28	38	76	20	22	47	48	77	17	11	67	50	53	64	59	21	63	65	61	64	56	73	76	75	68	34	58	66	5	42	8	30	29	1	46	80	78	42	23	45	51	6	41	49	72	44	69	47	26	79	60	3	16	5	24	80	37	31	7	39	20	11	17	2	39	15	75	65	52	15	55	21	51	13	18	35	57	3	32	
30	30	41	59	43	74	4	64	28	58	69	64	27	31	33	23	64	44	15	77	10	58	48	60	26	59	75	11	65	27	79	9	54	60	68	47	53	14	60	78	21	46	10	45	72	38	16	5	28	61	80	70	34	76	52	10	6	69	51	63	46	42	21	55	49	35	13	26	78	71	56	16	66	49	12	6	37	23	67	17	
31	37	79	64	62	41	21	63	59	70	45	22	55	61	69	24	45	80	64	40	19	23	53	35	25	12	38	6	68	76	17	13	61	15	23	42	3	42	26	59	60	12	1	32	27	65	80	66	14	61	28	62	33	23	16	50	64	48	53	53	73	67	7	51	29	26	43	30	20	9	6	75	18	2	57	46	16	4	50	69	
63	20	37	13	41	80	12	21	77	15	15	68	1	50	67	58	77	24	4	40	33	7	31	77	40	35	63	3	36	30	60	48	47	46	58	36	76	24	8	71	32	19	5	61	17	78	35	8	43	42	45	25	41	26	17	29	9	79	34	42	59	6	8	56	80	16	7	71	37	11	10	61	62	12	44	73	38	75	39	72	
62	24	43	16	79	58	74	4	8	20	46	11	55	80	68	52	13	67	75	49	75	2	55	4	8	42	72	36	61	21	56	37	72	50	1	69	24	73	68	61	9	29	66	63	30	78	65	71	62	59	60	6	51	31	5	5	77	27	76	57	75	78	34	3	41	29	53	15	18	70	1	25	45	6	35	26	80	16	6	14	
16	68	14	18	42	48	15	27	24	2	22	17	26	51	31	65	78	29	77	13	13	15	67	55	50	19	25	46	70	33	6	28	40	17	43	80	14	2	56	36	33	32	2	57	74	30	39	21	10	64	64	20	76	79	23	44	47	1	37	60	35	72	9	59	38	74	7	58	72	59	41	23	4	34	34	48	16	17	3	18	
78	56	66	24	52	39	15	18	33	3	26	5	71	28	13	27	18	19	31	46	29	59	12	26	41	38	6	3	7	75	50	79	49	68	52	50	23	65	16	4	20	39	40	4	22	1	60	32	16	9	69	71	10	30	15	48	65	21	80	66	43	51	15	37	31	64	8	2	11	49	35	44	6	73	77	20	74	54	2	42	
7	22	22	46	47	67	44	62	31	41	78	65	6	9	19	35	25	51	33	50	18	66	13	56	6	37	70	29	40	23	55	49	72	74	42	34	10	1	48	36	40	39	18	52	80	36	26	50	4	9	32	51	24	59	19	27	43	38	58	3	56	53	75	42	76	31	28	5	29	20	36	66	63	51	61	54	34	1	50	73	
9	64	64	28	71	1	6	33	36	4	29	43	50	54	33	45	1	55	42	28	75	78	43	80	76	50	77	59	1	47	77	37	58	56	14	77	57	17	29	10	14	7	46	14	60	28	54	62	80	15	30	21	38	22	63	63	69	41	39	66	48	31	24	11	5	34	35	8	13	58	44	40	12	40	51	63	67	23	68	13	
65	45	33	54	63	29	32	1	21	71	66	50	48	34	11	49	15	40	5	9	48	46	47	57	1	61	73	62	67	52	72	4	13	55	50	26	77	79	24	13	64	38	12	67	70	58	30	35	17	41	74	3	26	69	57	36	33	76	3	22	45	25	47	7	74	14	63	20	42	8	70	56	71	75	35	16	37	60	42	80	
40	32	25	15	18	80	39	80	25	72	47	67	11	11	28	2	55	35	51	14	70	31	68	56	21	19	67	6	30	55	29	19	38	50	46	3	79	65	1	21	5	48	37	11	54	58	42	25	45	11	50	27	43	21	4	7	71	13	10	15	65	69	31	18	36	11	23	44	73	16	2	26	58	36	41	61	49	33	6	3	
33	69	26	23	7	57	26	25	66	65	36	52	50	21	16	34	26	64	14	51	29	14	68	5	47	20	12	39	42	10	40	24	26	62	48	60	67	19	1	53	32	37	49	4	55	63	62	72	43	78	31	71	6	54	22	80	65	33	37	59	70	73	79	15	9	75	71	74	38	69	76	66	56	35	62	17	14	77	33	8	
66	13	27	18	59	76	25	73	32	2	50	44	29	72	12	61	11	75	80	44	20	64	28	63	16	39	31	57	34	11	13	17	24	35	30	30	35	72	52	2	71	15	47	12	37	47	67	45	73	59	38	3	40	62	18	80	19	73	56	45	3	65	6	53	54	63	36	75	53	1	33	41	45	21	4	78	15	66	74	4	
75	27	42	65	38	2	59	54	71	63	48	70	76	4	72	42	66	21	66	33	19	43	23	64	58	26	17	71	38	78	80	30	55	61	9	10	55	20	12	76	78	11	15	24	11	5	63	73	23	79	54	7	37	77	6	14	48	8	36	25	35	60	62	13	27	20	45	32	67	18	25	67	29	37	3	21	1	19	44	22	
10	14	33	78	44	32	40	34	38	67	65	22	37	44	59	62	14	20	43	79	57	65	15	66	52	42	36	40	54	28	1	16	71	31	7	26	17	43	66	79	27	71	19	14	33	76	29	2	48	70	23	15	5	30	30	79	75	64	36	72	45	66	3	29	47	39	4	56	32	10	6	8	78	22	19	63	43	42	53	35	
23	76	48	51	53	36	54	41	40	1	33	78	16	65	24	63	18	25	34	46	66	35	51	72	4	21	37	77	57	50	29	31	64	26	2	39	55	42	22	9	72	8	3	5	59	57	14	26	32	76	71	13	60	73	70	61	7	24	62	13	17	37	40	75	55	67	56	23	58	4	28	47	79	68	1	69	43	44	73	74	
39	12	76	15	32	60	25	36	33	77	78	1	58	35	70	30	52	41	50	25	64	28	27	59	8	54	56	68	12	79	48	47	37	75	11	66	5	33	65	64	61	47	55	34	31	80	61	3	59	62	22	40	7	72	66	39	42	18	26	67	39	23	49	73	13	54	71	38	5	31	19	61	37	21	14	50	9	22	69	2	
1	17	54	35	6	18	71	75	57	47	51	13	65	37	4	26	8	10	16	52	76	26	58	3	77	13	3	2	39	77	19	62	14	67	21	49	79	5	40	55	77	33	16	60	68	49	34	24	56	41	73	69	16	63	25	9	74	22	41	56	23	54	35	61	71	48	20	67	7	9	72	79	37	10	2	51	50	36	71	53	
21	2	52	66	69	58	33	58	28	64	26	40	66	11	45	54	57	14	70	3	23	67	73	7	8	72	56	8	53	77	8	25	1	47	7	6	54	61	71	30	49	41	68	56	75	62	28	46	72	18	76	42	27	67	80	59	10	4	62	65	77	19	36	21	63	37	24	64	48	32	11	39	15	27	9	3	37	35	76	26	
4	73	18	16	12	20	72	10	50	3	17	41	25	45	15	31	29	32	44	76	12	6	30	21	28	32	51	63	77	2	37	6	62	4	22	62	48	41	23	11	42	40	1	14	78	9	74	33	71	43	13	80	45	75	54	10	12	52	24	26	46	55	42	57	9	1	64	55	31	3	64	22	36	60	30	65	79	50	7	7	
79	49	36	29	31	35	70	72	4	6	9	46	12	67	12	17	52	74	67	34	26	46	59	59	56	32	40	40	80	74	5	36	2	30	10	19	61	75	40	66	78	79	52	3	58	13	20	59	38	2	15	65	77	59	69	50	50	24	43	36	47	35	61	45	11	18	3	68	8	40	7	1	35	16	32	42	9	53	19	76	
5	25	53	23	33	37	70	70	9	28	56	55	8	73	6	16	4	38	36	35	74	68	31	58	56	13	18	17	5	66	7	34	40	63	51	71	43	38	11	46	14	15	64	20	31	52	65	60	36	21	13	29	73	78	35	1	2	3	10	8	65	22	44	54	23	79	76	56	71	15	52	80	48	17	49	74	24	39	9	50	
6	16	29	19	4	11	11	2	22	19	3	24	63	63	75	30	14	67	46	75	21	10	74	18	53	67	42	65	15	38	65	37	50	9	50	54	17	62	1	58	26	49	77	39	20	23	66	31	12	25	26	52	55	33	64	21	57	17	40	61	52	17	47	68	55	17	49	69	21	48	78	77	76	70	32	80	7	37	56	41	
62	18	43	73	1	25	1	50	69	35	58	72	80	23	37	66	65	11	71	37	47	74	29	72	2	63	27	38	22	32	30	10	80	77	62	32	39	13	31	25	79	9	17	72	57	78	3	67	30	24	19	4	75	46	15	26	28	43	10	40	21	34	70	50	33	5	78	12	45	21	28	42	52	76	59	54	20	47	14	43	
14	7	35	35	3	78	58	52	67	63	53	6	46	29	5	13	59	2	16	18	50	73	49	74	59	57	55	72	50	48	32	58	4	15	12	78	11	15	79	75	76	42	30	8	17	33	2	76	62	47	10	68	56	7	65	14	63	35	44	64	28	65	54	23	30	40	50	71	52	51	20	6	9	74	17	49	59	22	38	55	
68	77	55	20	33	26	59	43	9	44	16	34	59	46	5	7	33	52	74	34	51	36	36	78	30	74	45	80	8	79	67	18	27	32	63	61	6	71	13	12	35	50	69	9	23	79	47	47	40	66	78	10	19	55	37	53	49	72	41	17	20	59	51	62	3	31	21	29	56	22	39	1	11	54	39	15	39	2	54	1	
63	51	29	80	54	61	73	18	52	63	55	65	35	26	56	63	79	67	9	57	38	71	46	31	39	40	38	1	32	13	20	45	8	47	49	60	59	64	27	74	44	77	66	78	44	39	57	43	55	22	12	11	11	2	39	4	33	74	65	21	5	41	58	38	7	50	47	3	30	76	3	70	16	66	68	58	60	71	72	27	
17	51	59	37	49	71	27	38	62	42	52	14	74	27	78	28	63	43	21	54	63	24	28	39	44	45	35	8	72	80	33	64	48	65	53	50	4	29	77	15	66	37	25	56	4	51	31	16	11	77	55	22	48	80	56	1	3	5	38	68	30	67	61	32	80	60	71	9	3	19	21	69	6	66	70	7	34	18	16	79	
41	19	13	5	51	10	45	35	42	71	38	66	10	44	11	8	21	31	47	21	46	46	43	44	61	54	48	12	17	14	3	55	59	45	18	24	56	42	9	8	33	72	74	40	34	35	70	3	65	23	54	22	20	6	26	2	58	58	7	24	32	62	76	25	15	3	49	2	52	52	11	22	72	28	7	30	57	29	27	67	
47	79	6	15	29	21	10	37	34	49	59	75	3	51	47	32	5	11	52	78	12	69	50	8	13	9	54	19	27	73	38	23	16	80	56	42	44	43	17	16	38	53	5	42	51	49	24	4	9	7	76	57	63	71	60	24	13	25	73	35	55	25	68	54	45	22	61	31	14	40	36	48	41	48	46	62	18	1	70	15	
