19	77	41	5	61	18	58	16	61	40	42	12	64	47	32	15	57	60	33	34	75	50	45	31	8	50	51	7	12	52	12	20	71	55	18	53	70	73	15	48	62	54	10	44	19	39	8	25	17	38	57	43	6	51	21	11	51	69	47	63	70	56	27	59	28	42	65	15	66	70	13	44	74	52	37	42	46	42	67	6	
78	70	44	1	71	63	41	39	2	5	16	69	10	40	77	68	31	52	32	44	72	74	5	62	43	42	53	1	33	35	36	26	54	78	56	42	11	14	79	8	48	43	27	55	34	57	73	12	53	22	58	42	13	59	53	6	45	60	37	75	46	69	49	11	17	21	3	23	38	30	61	29	76	47	50	20	7	24	51	64	
42	33	47	4	6	50	7	80	23	40	22	60	59	67	20	72	37	20	13	66	48	23	44	68	56	75	37	11	15	16	65	54	46	61	8	2	60	12	79	32	1	51	9	9	35	59	79	70	76	41	5	73	61	49	58	34	71	13	43	3	26	57	6	74	67	10	69	45	51	17	74	14	65	36	8	18	9	19	37	38	
42	71	25	52	67	80	4	55	42	76	55	66	2	10	53	66	18	72	60	18	5	54	17	68	34	55	35	72	56	21	55	48	9	77	17	26	27	50	78	66	75	3	1	74	42	6	58	57	71	36	25	79	37	39	59	19	11	12	40	17	61	13	14	68	41	60	43	15	28	70	31	20	22	29	16	61	30	19	38	18	
3	10	41	37	46	17	5	7	57	43	53	35	53	64	52	41	41	11	54	18	78	2	68	19	60	29	76	39	45	61	55	45	69	13	31	63	60	34	19	36	74	69	20	76	4	68	38	73	28	37	40	24	68	25	70	46	51	15	2	47	25	6	8	10	49	71	23	26	19	42	9	42	58	25	67	59	44	56	79	72	
5	37	42	71	59	60	66	60	73	17	22	15	21	27	55	67	13	75	42	61	63	48	53	38	23	37	45	14	37	41	79	40	75	69	60	4	47	75	62	69	9	80	33	28	57	7	43	19	29	2	29	44	1	79	77	20	66	39	64	22	30	60	10	24	78	66	56	74	58	33	65	68	63	11	41	46	45	3	5	25	
33	31	63	30	28	57	79	43	46	12	60	25	21	68	76	16	2	49	8	58	31	17	72	11	25	62	45	20	13	79	41	76	29	21	55	5	27	52	45	22	61	54	44	79	38	38	47	70	36	1	48	64	16	66	73	38	77	67	7	40	64	50	33	42	63	6	75	40	9	69	59	16	51	53	54	28	10	6	15	73	
4	9	54	17	24	76	5	18	13	9	55	26	5	37	64	16	40	8	53	43	74	30	9	32	80	50	56	37	6	20	59	39	26	62	53	47	57	7	15	18	46	19	41	48	6	58	60	44	59	63	35	50	42	41	31	71	41	36	25	43	65	33	79	29	12	2	25	21	38	72	32	1	38	70	77	45	73	10	3	11	
67	65	80	58	24	28	46	14	13	20	54	15	50	3	73	59	2	16	26	69	2	55	21	37	75	14	77	66	50	25	64	66	8	61	41	61	38	4	72	1	21	76	13	20	78	3	5	26	18	52	45	48	24	62	34	48	74	59	31	79	33	44	56	38	57	47	49	42	6	69	39	19	62	51	36	6	9	62	63	47	
31	24	12	5	3	76	50	25	4	30	47	34	23	53	70	75	17	67	66	14	54	22	62	65	69	48	20	20	59	79	64	8	52	74	42	4	19	9	59	21	71	23	51	10	73	72	1	39	55	64	3	58	36	62	40	56	60	11	71	37	6	52	76	7	75	32	9	13	70	68	60	57	41	29	63	28	48	15	64	61	
27	64	27	60	76	16	31	52	23	19	5	58	68	27	62	61	56	20	21	44	34	79	49	69	25	29	14	22	40	27	72	64	41	16	73	66	62	23	35	2	37	70	9	54	14	71	32	20	38	51	13	69	47	63	55	21	39	18	42	27	75	29	40	33	77	30	48	54	50	36	6	34	53	12	5	15	28	67	43	65	
67	74	2	63	2	54	1	37	22	70	61	14	49	50	76	42	77	41	44	74	71	78	57	39	38	12	3	63	28	32	76	13	55	75	72	54	46	22	9	65	9	20	29	55	19	21	45	47	11	38	69	80	33	43	67	68	4	67	5	30	48	74	40	20	66	27	71	62	78	31	76	6	78	23	10	14	51	52	56	48	
7	42	76	38	35	12	55	36	28	53	63	73	44	18	43	59	75	31	38	70	9	31	74	4	1	31	47	40	80	21	37	36	13	61	23	45	71	77	78	16	78	58	39	41	25	78	17	17	59	3	5	65	63	26	18	62	54	64	49	3	34	2	46	48	13	57	5	33	8	79	10	11	6	34	68	29	62	32	43	50	
33	78	51	13	52	19	72	56	79	39	56	29	70	42	68	32	49	21	62	48	17	10	75	20	73	59	78	53	9	38	39	41	64	40	1	65	55	71	43	3	59	44	29	80	35	47	28	2	65	45	4	32	46	71	5	37	48	76	38	6	63	26	74	76	67	72	60	67	12	46	69	68	7	50	64	77	11	41	8	27	
77	18	6	41	7	4	27	4	30	14	8	42	38	78	36	50	19	44	34	29	7	51	46	44	15	59	65	54	17	52	80	44	20	31	34	56	65	58	57	44	69	13	3	56	40	68	23	56	61	7	37	66	55	79	59	67	9	41	39	53	42	64	14	11	45	48	64	28	52	71	68	70	80	21	47	69	12	16	75	64	
20	26	79	25	53	7	9	57	77	77	27	69	11	70	77	54	32	59	77	1	46	14	68	76	31	61	62	34	75	55	48	44	30	76	66	32	33	25	6	28	51	62	15	60	49	8	61	35	16	10	28	63	18	46	4	79	24	65	62	50	67	27	12	46	56	25	78	3	47	31	64	17	13	70	29	19	27	36	69	40	
39	46	48	7	9	50	3	63	63	62	60	47	39	69	11	41	42	36	41	6	64	17	51	24	36	25	31	60	9	49	49	45	12	15	2	19	14	33	31	74	45	8	38	1	25	78	40	64	32	29	20	13	75	21	66	30	42	16	44	48	68	37	43	22	50	73	38	61	23	18	51	65	23	52	15	53	67	3	58	46	
29	75	8	54	12	72	32	3	35	21	80	13	53	39	64	19	61	19	28	2	66	31	64	38	16	77	1	79	78	8	42	56	80	48	27	41	37	56	44	69	73	38	31	76	30	12	11	5	60	69	6	75	14	18	31	33	46	29	55	43	66	15	43	65	12	67	22	78	74	13	17	23	4	45	7	24	6	47	59	20	
32	12	8	76	27	36	52	20	14	25	56	78	69	16	13	30	33	62	25	54	72	38	65	70	32	21	43	68	64	51	33	46	61	38	71	37	24	40	55	35	14	60	63	32	26	22	59	55	2	34	27	23	68	41	42	50	11	44	67	72	3	17	66	13	53	54	57	29	43	58	58	73	61	74	3	4	15	11	8	45	
41	64	60	58	22	20	25	62	4	42	51	4	55	67	15	57	70	12	79	30	13	6	1	71	26	33	23	31	41	28	21	79	10	78	54	61	48	29	40	47	67	41	2	72	57	14	46	45	54	43	73	16	80	21	7	20	3	56	80	74	2	18	69	44	11	75	50	7	53	49	5	67	8	1	58	4	52	19	61	14	
10	66	27	39	3	61	54	35	67	51	25	65	65	43	54	26	32	22	30	32	11	30	16	38	29	21	40	69	70	1	33	76	63	9	63	15	19	36	47	2	3	21	16	17	62	19	40	42	71	19	72	78	79	37	33	28	54	73	45	72	20	25	68	31	64	78	44	34	29	41	31	74	12	77	80	75	44	2	60	46	
34	79	27	31	33	10	4	38	28	77	26	45	19	41	74	32	36	66	61	14	55	42	73	63	66	18	77	27	32	53	56	63	50	33	43	35	72	43	17	20	37	40	11	5	30	2	37	15	17	12	27	21	2	51	30	65	16	25	9	46	28	22	58	74	80	23	55	67	59	75	44	44	60	41	48	39	76	77	52	38	
38	27	55	69	73	3	51	6	25	9	1	49	53	8	73	47	22	77	62	31	16	12	70	73	50	65	29	71	11	29	26	78	54	79	64	76	78	66	32	52	72	30	51	42	67	73	7	6	68	17	74	1	28	4	23	25	75	49	13	27	35	36	23	80	32	5	24	59	66	53	29	10	80	2	44	64	14	18	19	15	
14	33	1	69	36	21	12	51	19	22	27	44	56	47	71	37	1	13	15	16	14	72	19	17	17	20	24	1	41	73	34	4	23	32	70	7	3	31	7	25	51	33	18	56	28	35	42	26	74	4	39	6	73	8	46	9	17	27	38	10	10	69	11	62	29	27	30	50	57	55	67	58	40	28	61	63	58	43	37	2	
21	28	5	11	62	48	48	29	17	3	32	24	21	71	36	69	14	4	36	67	56	20	76	42	77	50	54	55	67	7	52	5	65	6	46	42	8	11	68	18	43	49	71	61	35	59	46	50	57	31	62	33	51	51	22	75	19	72	45	34	37	46	38	8	1	35	79	1	73	15	48	64	61	78	42	16	45	37	9	17	
66	69	77	63	37	16	56	5	37	49	36	62	45	22	19	42	3	47	73	72	60	70	53	40	56	44	1	16	31	8	62	50	74	56	58	64	21	63	14	55	29	80	67	23	20	3	15	20	48	36	41	56	25	46	12	29	6	42	75	65	47	7	60	71	58	38	80	30	16	11	32	74	9	17	18	57	48	59	26	51	
11	64	18	64	25	59	43	60	20	34	74	15	71	52	2	44	5	79	22	50	40	51	41	77	17	6	55	61	12	74	57	20	14	70	34	30	78	74	39	13	57	31	57	45	80	62	48	36	5	8	1	42	56	71	69	23	25	37	32	34	66	4	7	67	72	67	15	18	10	2	63	16	30	35	57	65	47	43	46	44	
80	72	35	5	60	21	24	3	8	54	66	67	55	73	49	76	51	11	11	10	42	21	24	22	54	30	77	12	70	68	5	19	57	38	25	67	9	43	19	45	14	2	28	18	19	26	11	20	69	52	27	26	70	48	45	74	78	71	3	15	57	16	30	63	72	50	47	31	40	64	72	4	65	50	23	31	75	61	53	13	
60	71	65	48	68	62	38	61	47	70	23	53	25	50	34	46	48	78	73	5	11	15	6	71	63	54	19	4	30	15	11	8	36	25	7	21	1	72	80	45	12	51	49	34	22	31	29	16	58	55	18	67	64	53	8	75	26	54	76	52	69	36	9	20	59	11	39	56	32	66	51	41	35	57	24	3	76	70	16	71	
20	32	67	33	34	70	25	58	42	50	56	27	4	62	75	59	23	63	65	52	47	65	42	30	30	64	30	24	64	76	23	35	55	7	63	6	75	37	59	66	4	68	9	8	44	33	14	15	12	28	16	7	10	56	36	38	69	13	9	51	5	31	32	15	66	17	13	11	46	21	73	47	3	31	2	76	61	13	18	74	
40	54	27	77	27	58	33	45	21	69	44	23	47	73	63	31	34	73	37	77	43	59	73	46	7	24	68	17	35	74	6	22	78	64	48	53	36	27	15	56	13	9	30	10	79	10	37	29	28	25	55	70	80	80	61	37	20	47	51	2	70	5	53	66	65	18	38	49	42	78	26	8	3	76	11	1	32	4	56	12	
19	60	28	48	54	6	34	22	50	3	24	69	7	25	50	18	38	33	64	35	28	36	31	28	59	71	23	8	66	28	46	34	5	71	80	9	26	31	29	25	63	79	11	19	20	61	39	10	13	14	34	37	44	14	11	52	2	62	9	67	12	53	17	41	73	46	51	16	27	74	38	40	68	46	55	4	56	4	42	21	
47	24	72	42	35	79	10	66	58	18	1	16	19	48	54	9	11	15	22	68	36	9	24	21	52	75	57	54	29	12	61	73	65	50	63	17	78	74	33	5	37	32	19	53	76	17	62	36	64	30	56	14	36	75	32	7	18	35	8	76	77	66	20	58	69	80	24	22	19	59	23	53	1	60	23	26	73	31	12	55	
58	62	63	12	5	44	45	20	29	50	46	21	65	62	28	79	58	50	9	75	51	52	77	2	27	53	25	49	78	34	50	55	47	30	62	48	23	25	66	48	24	28	22	7	39	76	35	14	41	41	38	9	43	67	10	66	32	63	64	31	46	40	78	13	10	59	54	30	33	67	36	15	44	80	17	6	68	74	57	26	
64	31	66	22	13	20	37	42	32	23	19	76	47	14	2	55	21	4	35	2	69	59	5	62	51	43	60	66	34	21	7	15	49	19	36	12	69	70	3	24	38	25	43	2	31	74	6	1	76	39	1	17	45	35	75	16	75	4	77	59	27	32	71	19	8	55	28	20	78	29	66	30	79	27	33	57	50	62	55	80	
17	5	6	59	69	29	21	62	31	14	38	78	76	58	46	26	35	71	42	55	48	25	79	74	1	56	48	1	36	22	73	49	55	33	26	42	7	76	53	32	8	40	60	33	15	22	9	75	43	47	50	40	21	77	31	54	52	77	57	80	15	41	47	19	18	24	10	22	16	60	62	52	20	61	34	64	80	39	6	39	
35	50	78	6	74	25	55	40	19	24	36	63	11	32	31	27	3	39	46	48	18	47	17	64	28	1	42	54	37	45	42	23	44	36	25	67	10	30	23	58	80	11	70	9	38	20	64	71	6	60	36	52	57	2	33	30	5	26	1	68	17	43	13	11	34	60	76	65	6	16	41	3	22	59	40	12	29	54	77	48	
31	63	79	36	62	30	64	11	80	15	75	17	6	30	22	27	39	15	43	42	60	32	78	31	9	64	37	33	35	65	10	63	45	5	16	54	62	29	67	59	41	7	70	46	47	44	19	71	56	57	66	63	38	6	13	40	67	77	20	19	58	25	31	51	59	79	54	70	24	34	46	18	48	66	53	23	25	21	43	28	
28	55	9	61	63	16	53	43	10	67	12	18	42	44	21	20	41	69	6	7	22	1	49	13	64	19	29	38	71	21	66	14	74	68	24	50	33	75	42	73	57	51	8	16	41	23	63	27	9	26	60	59	17	29	65	78	76	43	66	62	14	46	25	5	70	49	4	46	36	75	37	42	45	79	55	34	31	67	72	52	
3	34	28	18	57	43	44	1	35	27	60	46	23	2	80	36	78	1	3	31	76	65	22	67	55	74	21	18	10	23	67	11	4	44	59	10	39	51	12	21	26	66	16	46	24	14	31	48	45	28	75	67	49	12	6	14	35	50	29	77	70	45	37	71	7	7	32	72	54	38	15	79	52	24	73	67	69	25	61	60	
79	51	45	38	14	45	49	76	15	28	20	32	72	51	56	26	55	80	16	59	34	57	6	36	28	31	52	44	79	33	22	75	31	65	62	73	58	61	18	68	6	35	49	25	3	24	49	8	16	19	16	1	18	53	65	46	76	34	5	78	62	27	17	43	37	77	33	17	55	48	30	58	39	4	5	66	45	7	70	10	
41	35	39	57	3	22	50	77	53	4	19	64	58	33	24	12	27	6	54	79	7	2	8	34	30	36	16	70	38	36	78	70	68	34	76	21	52	43	48	54	44	63	69	19	13	9	61	72	46	32	19	47	65	23	80	8	55	42	1	35	2	71	59	13	21	47	31	22	11	75	74	5	55	62	49	17	18	27	10	59	
9	52	54	70	72	1	75	75	40	19	28	32	8	79	42	56	43	22	76	80	14	19	30	66	75	78	33	41	53	67	50	12	35	22	77	23	19	21	47	10	38	73	37	3	20	29	79	60	80	74	9	15	8	36	27	32	62	57	71	64	41	38	72	2	56	20	46	24	69	13	29	59	31	15	4	48	73	5	58	6	
63	64	3	20	50	24	49	64	31	37	43	70	23	65	11	28	30	54	49	16	15	27	21	44	72	17	8	62	8	66	2	69	76	31	38	75	5	6	56	33	77	44	52	43	58	59	71	36	67	67	51	26	48	68	65	35	34	22	44	39	36	45	57	32	74	13	52	78	47	60	79	67	16	25	27	31	40	46	55	14	
62	53	68	23	70	50	57	21	24	14	58	53	60	64	30	77	74	80	20	71	52	74	54	17	18	31	69	45	25	40	7	5	43	72	24	31	72	76	49	43	39	56	13	11	37	73	36	61	22	59	48	75	45	55	38	9	33	23	63	54	13	8	56	64	30	29	1	51	65	78	11	9	51	66	79	37	48	1	16	62	
4	13	2	46	62	69	52	12	9	55	14	50	61	72	20	38	46	51	6	17	44	16	56	45	16	22	30	9	47	43	20	48	53	20	49	64	6	13	73	57	63	4	21	71	20	60	26	15	62	29	28	51	74	30	48	39	76	75	52	41	64	61	42	66	31	79	58	65	15	68	66	24	23	19	42	70	76	65	1	54	
44	58	52	65	38	14	59	31	3	13	21	64	24	56	79	51	4	43	67	42	61	41	61	29	57	20	17	5	34	46	4	27	54	53	10	8	64	60	36	16	22	54	32	75	63	25	75	62	17	66	23	28	50	33	53	26	48	18	68	31	15	70	72	69	71	16	22	73	23	7	6	42	59	34	74	76	19	59	47	21	
34	16	45	80	44	47	53	41	62	25	70	72	31	75	6	7	39	25	76	60	29	79	52	37	61	34	54	65	14	18	35	74	66	29	78	25	28	73	19	37	17	36	58	44	27	61	2	63	39	73	71	61	22	39	49	32	79	20	46	32	66	1	21	47	68	41	26	4	43	33	38	77	67	8	70	40	18	69	20	53	
12	40	61	60	77	57	11	15	74	52	74	9	80	12	57	6	7	23	2	64	54	66	58	72	21	77	26	36	61	75	3	19	31	14	77	24	67	35	69	10	42	60	17	34	22	27	37	22	40	68	35	18	50	10	28	70	36	51	54	46	43	6	62	25	16	8	76	37	41	62	45	75	44	54	59	10	71	48	65	63	
29	14	20	78	52	45	14	8	44	65	48	3	68	28	55	34	65	53	64	23	27	21	47	15	25	26	55	46	63	33	24	42	44	39	67	13	33	79	48	75	12	16	27	30	70	80	64	53	77	76	25	22	12	70	68	66	41	36	33	29	71	9	61	60	67	1	35	49	2	73	41	36	30	69	62	21	13	40	67	7	
30	42	56	72	29	68	8	67	54	65	39	70	13	49	47	78	44	66	45	65	3	34	16	33	48	27	46	58	15	62	13	77	21	17	64	79	4	20	16	60	2	5	42	13	50	37	40	40	52	33	53	52	66	69	79	31	43	74	38	55	3	80	47	57	15	60	59	63	78	10	18	7	11	8	41	6	64	76	71	11	
36	15	13	41	30	9	20	69	31	7	41	31	5	38	80	49	15	76	13	11	4	60	37	42	65	73	45	56	67	5	16	43	47	26	3	25	65	18	43	14	23	33	74	57	68	23	24	1	19	70	40	50	42	78	17	56	66	52	34	1	8	74	44	2	51	72	56	32	39	16	75	58	46	71	64	33	38	6	62	22	
66	19	3	62	11	9	30	25	12	8	23	48	1	13	78	47	45	55	29	68	65	19	80	26	34	57	7	21	11	69	22	79	34	22	4	42	60	28	64	20	66	37	62	63	78	15	67	31	54	36	14	35	5	7	9	72	13	46	5	23	60	24	16	17	75	11	6	53	68	20	22	51	50	33	63	47	38	71	23	18	
56	34	73	58	75	31	42	2	73	78	29	50	51	61	10	43	21	14	45	38	24	64	39	23	19	19	18	50	44	37	9	13	22	80	68	7	30	60	41	49	54	5	25	21	16	55	13	65	63	58	20	4	68	57	24	1	27	38	79	62	32	37	77	42	33	11	79	12	19	67	55	71	67	20	40	31	26	51	17	4	
55	30	37	43	36	11	70	58	78	18	69	20	52	10	12	34	24	7	40	33	69	44	52	5	13	10	33	35	10	77	68	62	23	23	20	14	30	39	63	25	56	50	74	26	8	2	54	23	9	43	15	25	4	16	60	46	47	45	36	57	38	19	64	18	34	3	53	13	48	24	42	42	27	26	65	32	26	34	80	66	
74	34	36	28	39	45	23	33	5	56	3	69	62	66	25	14	15	66	24	3	41	9	43	10	64	55	34	7	4	63	18	28	48	52	6	38	16	25	65	50	73	17	35	52	29	11	15	76	71	69	73	27	27	64	34	8	34	19	45	70	30	60	45	73	61	47	37	40	21	44	46	12	47	7	13	24	20	57	14	1	
75	36	56	19	17	40	25	4	55	67	67	37	76	60	24	8	56	1	61	74	28	80	35	24	3	77	49	47	51	57	73	52	10	46	60	58	35	38	7	39	18	22	70	50	79	43	53	54	42	27	44	13	23	30	41	59	21	77	56	70	9	39	63	42	48	45	48	68	24	61	55	62	71	43	6	25	3	77	73	69	
20	61	4	73	5	32	78	24	57	44	43	57	33	23	16	63	12	17	80	33	67	52	25	6	14	28	20	48	46	38	30	18	19	59	37	18	13	32	71	61	27	31	68	56	51	32	69	61	47	63	43	60	64	65	57	29	79	79	70	76	31	49	6	75	22	41	42	58	26	30	72	77	15	54	48	62	34	64	69	35	
1	30	7	58	10	5	1	44	33	26	30	55	12	64	3	64	54	38	39	73	17	58	19	25	26	66	2	9	78	24	33	72	47	63	80	11	65	78	40	15	44	18	14	5	32	13	66	4	77	56	24	20	29	41	35	17	57	65	16	50	40	73	41	79	51	37	34	32	67	76	43	60	39	68	21	67	22	75	74	5	
2	39	46	26	77	33	60	49	12	66	17	44	9	6	72	57	73	56	38	5	77	27	11	33	32	19	50	34	16	36	69	7	70	31	61	15	59	37	74	19	52	27	12	58	30	34	65	51	8	53	54	80	76	71	62	51	80	28	35	42	9	20	75	27	3	53	40	10	7	22	24	9	78	65	1	55	15	79	22	57	
45	24	49	70	4	60	39	30	6	70	65	19	40	9	36	48	60	24	43	20	70	67	22	61	46	35	32	10	29	54	58	72	72	56	11	27	34	47	3	38	66	69	76	23	33	61	63	1	3	50	47	71	63	73	80	64	51	29	65	5	41	73	18	52	55	26	72	36	22	73	12	13	14	15	57	61	16	32	66	17	
31	56	35	14	40	64	66	46	11	48	34	69	39	1	37	33	25	59	58	76	1	68	32	6	24	4	64	42	65	73	8	16	46	66	21	35	49	4	75	55	5	54	43	69	53	28	19	30	4	35	22	2	15	79	44	36	7	50	17	14	45	23	24	38	78	74	20	42	29	47	46	26	12	41	43	27	62	60	38	67	
37	7	14	45	35	49	26	32	15	41	75	5	5	51	39	33	46	9	24	15	50	68	71	8	54	30	22	65	42	10	77	72	56	8	69	78	53	11	58	67	79	52	20	4	15	63	66	6	20	5	17	57	22	35	14	73	63	30	59	60	66	55	47	27	62	56	21	64	63	80	70	11	43	7	72	6	13	22	12	23	
24	52	29	43	41	40	35	49	26	37	18	6	36	7	27	10	61	45	12	73	68	3	1	58	3	39	61	51	58	17	64	31	25	42	71	52	79	53	18	23	7	65	34	39	69	72	74	79	66	4	69	49	78	19	56	43	8	34	72	63	50	5	15	16	44	33	65	75	5	33	11	21	28	55	76	37	77	73	30	54	
19	48	52	47	65	26	73	70	59	16	2	55	54	43	23	9	76	2	1	25	64	35	61	76	4	54	27	23	72	6	74	7	51	43	50	65	18	72	5	25	34	4	77	79	7	46	37	21	45	67	42	59	19	19	52	47	22	31	69	11	78	10	46	36	2	53	55	18	71	56	40	18	17	66	60	26	33	80	42	24	
15	38	10	27	47	1	28	19	58	45	26	39	46	24	20	52	64	18	12	49	62	49	20	12	66	58	36	13	7	73	63	21	21	11	74	22	9	16	34	17	4	14	5	45	41	22	44	43	35	49	57	51	47	54	51	42	58	2	68	69	24	3	29	75	9	20	25	48	63	77	61	67	79	65	56	60	34	50	68	70	
10	4	59	7	8	65	65	13	16	2	71	32	3	48	58	6	20	15	50	77	5	29	8	35	41	13	44	73	54	9	8	17	38	64	51	39	40	32	47	53	31	66	36	33	63	5	63	78	16	37	23	55	11	60	43	47	70	70	48	41	24	74	4	61	63	52	15	46	80	11	14	66	26	69	42	6	72	19	34	35	
6	52	34	8	29	66	2	48	52	68	39	74	59	45	4	65	9	57	26	39	58	69	50	31	53	5	34	43	52	64	23	48	67	54	2	16	36	80	60	38	70	15	61	74	10	75	55	41	24	78	29	77	60	76	57	44	27	14	18	7	21	69	51	4	42	40	62	26	72	19	61	22	62	46	75	71	17	49	52	73	
43	80	16	51	78	70	6	12	76	44	37	52	32	75	48	69	65	9	47	3	58	56	4	73	11	76	5	57	49	49	1	33	43	10	79	61	2	26	70	71	68	25	66	20	49	36	34	63	40	27	63	44	7	64	39	40	12	27	14	78	25	21	60	72	48	54	44	44	30	63	77	50	42	58	15	36	74	75	64	62	
19	29	54	16	41	2	53	79	58	31	74	1	54	54	16	21	52	58	59	31	73	71	75	56	34	7	9	58	76	60	36	47	32	39	65	28	38	62	17	46	25	41	44	77	42	57	49	53	63	20	20	3	40	12	57	80	50	17	47	4	15	34	33	75	5	43	13	56	18	63	19	72	48	14	65	8	23	27	72	78	
76	9	30	34	51	8	61	17	41	29	35	54	14	74	50	17	58	9	70	21	65	39	9	63	79	72	15	18	48	4	43	73	42	67	56	10	20	28	52	54	7	3	57	73	17	32	40	68	65	62	46	73	16	44	53	11	1	66	60	71	19	13	55	77	29	28	66	80	51	37	46	78	36	52	69	50	24	56	2	3	
46	21	69	45	64	39	5	78	54	10	55	71	52	26	47	35	80	30	22	4	19	17	2	47	66	60	46	6	64	31	1	24	1	19	9	60	12	44	8	61	49	59	47	22	36	45	50	29	70	17	62	34	31	52	78	48	58	74	53	40	54	11	51	55	76	63	66	57	17	64	33	15	72	27	32	38	79	28	79	16	
72	55	38	21	23	65	15	78	56	14	40	26	43	36	1	8	10	53	63	56	79	45	68	54	20	48	28	29	24	21	39	12	26	19	75	77	33	2	73	41	5	57	62	45	46	6	3	7	8	11	54	30	52	72	74	8	73	32	34	12	66	35	65	8	65	31	35	18	53	25	53	27	31	64	1	78	17	9	22	58	
8	73	74	2	14	67	13	9	34	71	7	22	4	11	51	23	35	3	68	37	57	31	48	37	42	40	57	59	36	78	27	80	66	18	73	29	32	29	26	60	19	63	24	52	68	70	18	55	72	79	10	76	26	1	45	21	32	5	4	17	14	46	28	13	20	30	41	75	56	15	16	23	75	23	25	60	43	38	61	30	
34	67	56	9	15	4	29	38	38	43	4	34	41	41	5	1	68	65	73	78	77	75	14	79	47	66	80	7	21	8	70	52	24	39	12	27	73	42	76	30	10	23	11	62	54	16	72	39	6	49	30	61	77	73	2	37	13	25	50	27	30	58	28	53	19	36	74	7	20	3	28	39	18	37	22	69	69	8	11	52	
71	35	62	13	58	13	47	65	32	38	39	11	15	76	9	52	50	30	52	64	31	28	20	78	13	37	12	80	55	70	4	51	59	60	53	32	18	49	35	79	35	71	7	75	5	45	56	64	73	13	33	21	72	61	54	2	36	68	77	8	74	75	1	66	6	1	45	50	3	70	48	32	10	2	26	11	57	65	14	39	
48	11	15	49	9	51	46	47	60	72	76	37	16	70	26	17	20	10	69	19	74	61	55	1	58	19	13	19	39	19	53	58	62	53	57	64	50	18	54	19	20	45	6	59	65	56	16	3	59	77	21	68	2	59	14	56	28	40	73	58	79	72	34	35	74	7	45	5	53	23	9	25	10	18	66	74	70	78	23	75	
17	41	72	24	45	71	22	70	61	44	49	36	65	29	14	57	62	8	4	65	53	6	3	60	47	80	1	63	21	26	49	68	7	44	2	51	66	25	77	40	14	34	19	78	7	64	8	67	75	79	2	38	2	70	47	79	19	48	55	54	16	28	22	21	10	55	72	69	31	57	20	35	33	36	30	70	58	29	13	33	
26	4	21	57	31	65	62	50	60	57	25	28	29	77	42	39	47	61	51	22	80	73	5	48	67	32	38	19	18	42	12	65	35	20	5	55	32	1	43	43	53	65	64	73	59	54	26	56	62	75	25	41	9	27	2	10	14	62	58	47	23	53	30	45	19	60	49	2	40	24	70	33	23	3	27	35	63	66	7	34	
73	59	23	32	16	55	71	9	36	46	57	75	46	31	69	15	29	35	44	8	73	33	26	14	31	45	43	37	44	80	17	66	58	37	15	6	41	48	13	71	28	24	40	27	74	2	51	34	78	42	7	57	60	22	20	39	18	21	2	61	38	12	50	41	79	9	52	61	44	6	49	63	19	30	3	10	14	68	59	4	
