26	41	20	5	42	6	48	33	10	28	24	38	39	18	29	13	22	19	29	21	18	34	19	50	22	3	39	30	43	24	49	47	13	23	35	21	27	32	3	36	7	26	25	46	41	1	8	13	16	34	
31	33	17	47	30	36	47	18	13	40	40	10	34	50	32	18	20	7	48	22	39	2	45	11	49	37	8	2	46	21	36	24	3	50	23	35	34	15	1	44	4	38	3	41	42	32	5	6	43	9	
19	24	46	14	31	42	47	35	42	41	4	25	13	5	22	30	34	5	44	28	49	45	10	49	32	40	29	33	40	15	26	8	36	20	19	16	9	13	2	48	2	3	21	14	7	43	44	38	44	37	
13	40	30	20	39	7	10	17	36	49	28	7	4	13	24	23	27	31	35	27	26	35	29	46	48	32	35	41	18	28	22	28	19	1	47	4	8	6	18	42	2	45	44	5	6	16	33	32	50	11	
6	19	40	31	12	38	11	46	24	27	22	45	2	37	43	49	40	47	2	5	36	3	49	28	5	4	44	28	33	39	33	41	4	25	19	17	8	29	9	31	8	30	24	7	16	14	1	10	11	50	
7	44	1	6	21	3	7	11	30	40	46	13	25	48	35	43	12	42	19	19	20	20	49	41	22	12	4	23	15	13	24	26	8	18	27	28	29	29	36	50	16	31	10	40	26	45	31	37	32	2	
2	48	18	48	37	39	12	39	8	24	1	25	42	4	42	16	28	9	44	11	6	7	41	13	46	14	2	26	49	30	23	50	28	38	48	15	25	5	50	31	26	10	4	17	3	43	32	27	2	29	
37	5	27	25	18	23	38	19	46	34	47	16	31	24	4	28	35	26	30	34	7	5	32	9	22	29	1	1	6	50	22	39	10	48	11	20	18	49	40	12	33	30	36	10	2	41	37	42	3	15	
14	8	19	44	14	40	21	12	39	23	10	8	15	12	5	22	29	21	18	13	32	46	42	6	7	40	34	43	23	35	4	36	39	24	28	50	11	46	16	46	20	25	1	27	30	3	49	8	26	14	
19	2	7	8	9	12	46	39	49	16	22	3	1	10	21	26	8	27	21	17	19	37	35	19	13	15	22	9	23	44	22	38	45	29	43	1	40	41	39	47	3	11	35	4	16	5	25	24	29	48	
40	47	30	26	16	42	36	37	1	5	29	22	42	21	48	32	19	35	20	7	18	20	15	2	19	28	5	44	1	33	38	39	30	16	12	42	7	46	27	6	50	4	31	39	23	22	24	41	8	43	
45	20	5	7	22	24	35	26	15	33	6	49	21	32	12	31	24	16	25	49	23	27	50	45	11	20	14	29	10	16	17	4	36	19	11	8	37	43	28	1	25	34	47	46	18	9	24	36	24	3	
32	42	20	29	34	30	48	47	6	7	11	19	9	44	34	17	48	21	9	25	19	31	7	16	26	18	23	48	1	45	43	32	35	12	8	18	39	6	13	44	10	21	14	20	14	46	36	11	15	38	
33	32	21	37	47	42	4	18	40	2	11	30	31	45	41	39	9	30	46	23	24	1	43	33	17	2	26	48	12	37	34	42	18	2	29	13	41	31	30	28	35	44	7	12	36	47	50	49	24	5	
6	45	39	45	27	5	49	50	1	6	36	34	47	3	33	25	13	23	4	42	50	32	28	7	41	8	1	38	41	24	26	48	18	14	39	43	15	35	44	15	40	24	46	37	26	29	8	1	2	9	
27	48	41	2	2	31	5	50	16	46	23	42	40	39	2	29	28	17	9	17	33	48	38	24	31	10	3	36	45	49	44	21	43	34	20	44	12	24	47	30	17	13	16	6	50	17	35	25	32	1	
41	10	37	27	35	15	36	34	50	30	30	43	48	22	23	17	14	32	41	4	8	7	16	21	12	12	38	41	39	16	31	25	24	14	1	7	26	40	37	29	17	18	13	12	44	36	26	46	19	20	
48	20	22	12	40	29	23	26	17	8	39	45	30	12	6	33	16	32	15	2	4	28	15	18	37	49	48	13	41	14	26	43	29	44	48	19	22	20	42	37	24	29	32	3	41	38	31	4	21	43	
6	21	21	18	31	8	15	28	17	9	37	41	41	16	34	38	32	4	6	20	38	29	48	18	30	36	5	10	40	18	1	43	39	22	13	14	23	23	43	45	26	27	28	19	46	9	7	17	10	12	
35	46	36	32	13	13	16	13	20	5	30	20	45	9	38	4	22	11	26	10	48	1	33	23	17	19	29	21	33	37	27	15	31	9	44	41	21	12	3	41	14	30	17	5	39	49	9	7	6	34	
14	1	31	43	21	47	8	49	14	38	33	39	2	15	48	45	4	16	5	4	9	12	31	17	18	16	11	23	20	14	2	31	21	32	23	34	28	30	30	40	17	19	26	22	22	23	10	23	36	13	
28	42	23	4	5	39	19	13	9	36	26	10	16	37	42	38	18	20	15	45	6	30	6	31	44	26	2	3	48	38	14	22	27	36	24	29	24	47	41	32	25	14	39	38	49	30	34	15	47	40	
10	50	15	14	32	9	38	29	9	35	13	23	5	38	7	27	16	28	14	6	11	37	17	45	25	20	23	47	26	17	33	35	16	46	47	44	2	32	21	10	18	36	30	24	19	37	40	31	12	2	
33	16	36	48	8	8	9	30	3	35	44	34	17	7	27	13	49	26	42	16	34	6	48	12	18	13	45	7	47	4	6	28	19	40	21	27	46	33	4	2	10	50	30	29	2	10	37	1	31	32	
16	13	32	11	23	49	21	20	4	12	19	7	34	36	46	3	10	41	30	14	35	38	8	13	15	8	17	50	6	47	28	27	6	5	28	30	4	48	45	9	21	8	18	42	43	5	44	2	43	22	
11	27	7	16	39	20	22	5	17	26	49	41	46	2	45	22	30	46	21	17	50	25	25	14	19	17	15	6	13	7	23	23	31	31	36	24	47	7	29	11	32	28	49	33	20	44	43	47	39	11	
14	38	34	36	46	48	48	10	2	8	14	24	28	43	50	15	12	44	22	31	4	47	1	2	21	18	42	13	16	30	25	23	17	5	6	11	50	4	19	49	9	30	20	37	27	17	3	32	13	18	
12	13	11	10	12	32	25	3	42	37	31	13	14	44	15	14	5	12	16	20	13	24	50	26	8	21	40	7	48	1	19	9	20	30	16	22	17	38	20	4	23	48	27	34	41	28	41	43	32	6	
15	36	26	9	10	33	26	48	37	23	50	4	29	6	32	44	21	38	31	39	35	5	40	41	34	25	11	20	17	40	30	26	28	48	41	34	32	6	35	13	28	42	15	8	26	47	2	45	46	25	
33	12	25	16	2	2	40	12	19	4	1	44	28	26	36	10	7	11	17	35	27	40	9	37	43	33	28	39	27	8	11	13	18	41	22	21	35	14	29	3	15	28	42	40	1	26	47	5	35	16	
39	5	48	46	40	41	28	21	26	4	25	36	10	36	19	31	3	5	40	32	3	4	9	44	40	7	17	37	11	1	45	49	9	41	42	43	30	17	8	2	22	29	38	31	12	6	6	13	14	47	
44	6	45	50	48	33	7	11	21	14	10	11	11	13	49	2	5	25	19	12	28	35	34	10	9	44	16	14	5	17	6	46	18	3	4	18	31	49	23	8	11	32	5	26	44	15	22	46	27	38	
3	1	24	37	11	34	28	22	41	30	35	44	26	50	40	19	15	18	23	34	14	25	20	17	45	6	21	16	1	43	50	5	42	19	38	50	48	13	20	37	44	2	28	18	4	17	34	12	35	49	
45	49	21	13	10	16	14	27	27	15	17	26	18	8	43	50	5	39	11	24	20	9	23	47	18	22	12	1	34	44	48	25	37	21	32	2	29	44	25	4	3	40	28	28	44	19	20	4	7	30	
20	26	28	39	24	39	13	29	38	40	27	33	14	11	47	43	6	26	34	23	29	34	12	4	50	6	25	7	3	31	27	30	48	48	9	15	36	17	46	21	4	14	2	16	22	47	15	21	23	39	
44	3	21	15	47	18	6	16	22	10	40	49	27	35	46	34	50	29	48	43	46	8	5	46	20	23	41	24	42	8	9	33	2	28	33	48	44	39	13	17	45	50	11	20	37	7	50	47	32	4	
22	25	44	24	26	7	45	9	28	34	16	35	16	17	11	48	15	2	36	25	21	28	27	29	45	12	29	46	38	10	37	10	32	30	33	50	41	25	14	12	13	39	45	23	38	4	18	50	5	7	
25	18	28	49	43	22	2	19	23	39	24	50	3	5	28	27	8	14	50	15	24	10	31	18	29	19	24	44	19	23	41	40	40	26	34	32	38	36	48	5	23	21	4	30	33	25	42	24	37	40	
31	9	47	12	25	20	29	43	11	43	18	1	33	12	19	20	35	6	49	34	2	19	1	48	35	24	27	22	43	5	9	31	13	3	37	35	21	11	30	30	28	42	40	34	45	50	47	39	48	46	
17	49	12	19	43	45	27	11	18	20	13	28	42	23	25	24	11	42	37	29	22	35	21	50	16	13	46	12	44	41	5	48	40	15	4	31	9	34	49	26	1	6	41	38	22	13	14	30	9	42	
4	28	23	21	29	38	31	23	48	19	7	50	20	42	14	17	24	22	47	9	39	43	11	30	30	34	49	40	3	46	28	3	15	50	25	36	45	49	5	33	17	1	35	32	6	44	12	9	17	41	
15	4	33	23	29	10	50	18	47	50	12	27	3	25	23	21	7	8	18	3	38	34	2	18	14	41	11	9	7	22	46	12	26	26	39	48	35	37	16	34	29	23	5	28	48	24	49	11	28	16	
49	16	50	48	33	7	37	41	11	32	11	5	43	31	30	35	36	13	1	43	40	26	14	42	1	9	18	49	2	38	12	6	1	7	46	38	13	45	22	21	11	47	25	10	12	8	19	39	20	17	
30	7	37	42	41	43	46	1	34	48	38	44	49	35	2	40	16	10	18	36	30	33	15	3	27	26	2	45	13	16	4	44	22	41	31	3	50	23	2	11	20	37	6	13	20	47	4	35	6	19	
17	34	43	31	36	15	17	34	5	17	48	9	6	14	47	37	23	20	7	16	30	21	44	26	38	10	31	32	50	26	3	8	11	39	37	40	3	1	20	10	12	15	14	18	24	22	41	33	29	43	
42	2	13	35	28	44	1	45	25	43	20	20	41	23	8	25	17	12	15	30	14	22	42	27	28	31	32	19	45	9	11	37	7	21	26	33	16	10	24	39	41	46	15	30	14	14	6	21	22	23	
50	35	35	38	11	13	47	40	29	42	47	37	25	1	9	41	28	24	2	1	10	39	46	19	23	2	30	18	21	49	36	16	33	27	2	45	28	3	30	7	43	24	48	11	22	12	1	8	22	14	
48	29	35	37	44	1	39	17	27	5	15	2	22	45	16	20	37	44	24	18	47	1	36	37	10	11	33	8	3	3	4	7	24	42	40	11	43	20	26	4	30	41	2	45	34	20	9	15	25	24	
29	3	38	17	39	35	16	24	37	18	19	40	16	41	26	1	2	15	17	27	13	42	12	20	30	43	29	49	8	34	10	31	44	30	45	25	13	7	50	46	19	11	33	32	5	3	39	48	13	21	
18	23	42	30	38	14	20	15	7	25	2	8	11	32	37	42	26	45	43	46	41	13	3	22	40	49	19	27	43	32	14	12	50	4	48	34	10	7	6	10	31	49	16	35	19	21	28	29	44	24	
