43	50	15	21	21	29	3	38	4	31	41	32	6	3	46	47	20	9	33	38	48	7	43	35	42	36	27	15	28	33	44	11	36	49	33	5	25	34	42	30	14	31	8	18	33	1	12	2	10	45	
40	4	1	30	38	40	13	12	4	39	44	43	49	29	39	31	31	14	13	23	38	24	3	45	39	33	44	2	34	5	43	20	6	46	50	40	32	12	7	33	48	47	23	8	21	11	24	9	23	35	
22	11	7	22	3	44	2	44	42	34	44	35	1	48	24	50	37	3	9	36	33	6	29	6	4	48	14	21	49	37	5	18	45	9	39	46	8	40	41	43	22	32	25	22	27	47	19	11	12	27	
46	27	31	22	32	28	19	44	49	17	29	50	34	22	8	20	14	10	10	2	49	30	32	23	1	9	16	19	18	11	43	12	37	21	33	16	47	2	13	43	24	36	42	48	5	50	25	26	6	38	
18	3	2	49	24	50	5	38	16	21	47	6	30	31	27	12	47	22	11	3	13	28	39	2	25	43	49	38	11	7	12	29	7	14	25	32	10	33	13	26	45	8	31	34	38	9	36	32	23	44	
35	33	18	23	34	41	13	36	27	22	35	37	48	39	46	21	16	6	45	28	28	40	34	7	13	19	8	46	1	30	42	33	12	7	3	46	49	15	26	19	38	8	4	29	47	50	49	10	3	43	
35	28	29	16	34	39	35	39	34	33	19	21	15	30	25	15	23	17	27	46	36	11	4	39	40	48	36	37	5	38	25	41	14	6	7	45	40	42	33	24	17	1	42	31	29	18	43	3	32	19	
45	15	27	47	2	16	43	35	48	47	21	23	33	34	24	36	28	13	21	10	34	37	11	25	15	38	39	5	37	18	24	29	30	50	26	29	14	16	17	12	19	40	41	44	20	4	29	46	16	49	
1	50	32	9	24	45	45	10	49	35	27	20	8	4	17	33	33	30	48	46	38	7	31	18	49	43	21	25	36	34	21	37	33	2	43	5	44	39	14	42	16	38	11	24	39	26	5	21	3	50	
14	39	6	40	4	2	30	24	26	13	8	45	47	38	44	39	42	35	23	3	25	41	38	32	10	27	5	13	46	6	12	9	43	18	46	48	17	26	19	43	49	28	35	33	11	26	20	50	11	1	
50	34	27	38	14	36	14	18	48	6	21	8	12	11	23	9	7	39	31	22	31	16	42	13	48	1	39	15	48	49	3	48	32	27	35	41	10	44	6	10	49	29	17	11	37	40	16	43	24	46	
10	2	9	1	14	4	50	2	17	47	48	17	42	26	44	24	16	3	17	20	8	14	46	20	27	30	6	39	19	27	32	28	28	38	29	41	43	31	44	11	22	36	33	12	11	15	34	25	16	48	
44	21	11	37	41	34	16	42	20	34	18	49	10	43	36	36	32	25	12	22	35	30	7	4	41	17	16	24	40	31	21	33	50	29	17	47	12	30	29	38	12	48	25	22	39	8	6	18	45	14	
37	14	43	42	15	32	7	31	3	44	9	21	24	8	49	38	45	8	16	25	34	26	18	8	46	4	17	47	20	47	10	6	9	1	48	21	33	3	50	35	2	11	5	15	13	50	22	12	5	19	
27	38	40	44	45	34	46	7	30	14	2	39	20	8	41	14	29	18	15	27	50	8	32	49	21	42	48	20	47	3	34	21	1	22	14	31	5	9	37	32	23	38	19	43	45	6	1	24	25	15	
47	17	20	26	15	40	15	10	10	10	11	41	30	49	12	42	25	14	50	13	44	15	48	10	2	42	18	3	10	29	14	4	44	33	30	6	21	41	16	31	48	22	20	27	19	32	23	41	43	24	
2	36	26	47	44	25	36	3	26	45	31	37	50	22	20	24	30	40	14	41	17	12	12	34	35	28	13	1	21	4	10	19	38	33	15	28	9	49	30	32	42	10	18	38	33	35	11	5	22	23	
43	37	32	3	19	16	28	30	14	44	33	24	12	17	3	23	45	11	20	24	39	10	34	4	50	8	36	6	10	9	29	3	42	12	3	13	24	32	38	37	25	17	7	35	34	16	5	27	18	22	
48	3	33	27	6	30	34	41	30	42	45	8	43	36	14	44	46	36	24	29	20	44	47	26	26	31	32	28	2	46	50	49	49	35	21	3	4	2	1	37	43	38	37	39	22	5	40	10	7	46	
38	1	39	29	25	12	2	4	37	50	50	34	45	48	10	13	47	15	15	40	42	5	22	28	36	40	24	10	48	8	3	35	7	39	11	28	2	14	32	35	17	31	20	5	26	26	18	23	37	30	
9	26	31	28	4	17	18	27	25	11	32	26	41	35	14	1	12	12	13	41	45	19	21	9	22	44	34	36	14	19	15	20	46	47	47	49	9	10	20	33	19	2	5	7	33	23	7	42	29	16	
33	18	34	1	27	1	45	8	35	6	26	46	25	18	40	21	13	47	28	31	25	43	29	29	49	11	47	4	1	21	17	36	37	48	37	14	50	25	22	30	30	42	32	5	9	12	24	20	8	2	
49	32	38	25	11	37	36	5	39	40	23	4	16	9	48	2	19	43	21	37	22	50	26	44	3	34	7	21	6	11	18	47	41	4	24	50	42	8	2	27	38	30	28	3	31	23	1	48	15	18	
32	34	16	7	26	15	40	29	35	38	39	1	35	28	5	4	26	42	8	27	16	45	47	43	45	37	14	44	23	33	8	10	10	24	8	34	35	46	11	17	36	49	18	14	24	20	17	6	13	25	
22	25	16	18	15	8	43	28	50	13	4	5	14	11	26	21	43	7	15	1	21	45	49	38	6	20	9	23	17	14	45	39	40	10	12	2	15	46	29	12	11	31	16	30	41	36	42	31	40	3	
31	12	45	27	46	50	44	1	20	10	12	13	45	50	17	48	48	29	41	23	43	47	3	2	13	49	38	1	22	27	1	3	35	43	23	31	6	16	29	14	22	4	19	17	36	35	15	31	11	2	
4	49	45	5	1	6	45	39	7	12	13	4	9	47	50	30	26	35	44	8	42	17	40	10	31	25	42	41	5	14	46	6	2	34	10	11	39	3	36	45	15	16	43	19	42	38	47	18	21	48	
18	13	3	5	20	30	29	11	20	32	13	9	37	12	41	45	10	27	45	47	18	4	41	9	23	30	46	17	50	15	2	14	24	5	16	43	34	40	6	2	21	14	22	4	25	48	49	33	23	39	
28	39	41	17	47	11	45	43	29	37	3	26	46	27	30	7	17	8	49	20	9	15	32	14	17	5	10	11	38	32	50	13	20	38	25	14	48	18	5	19	2	6	41	50	31	21	1	1	31	46	
15	35	9	45	45	26	48	4	33	31	34	32	40	50	18	13	17	12	29	16	29	31	20	21	28	49	37	27	44	9	19	6	39	30	50	36	49	47	42	41	32	14	13	23	24	27	38	27	46	4	
40	16	35	7	33	6	6	17	29	46	23	47	2	10	21	49	40	17	42	21	1	13	34	5	25	45	30	49	24	19	4	8	28	28	18	9	36	17	23	10	12	45	14	10	3	25	26	41	40	7	
11	34	8	43	37	33	37	14	28	4	30	26	13	2	2	25	9	34	38	32	42	48	27	43	5	24	16	12	15	3	6	23	34	16	13	20	42	50	33	21	1	7	43	10	9	44	30	17	26	18	
3	19	12	19	7	16	47	20	25	5	22	29	25	6	38	38	24	29	34	3	46	33	10	39	39	18	31	18	35	2	32	30	15	41	45	23	11	37	40	28	39	9	21	16	14	40	50	30	27	31	
33	20	11	46	48	49	9	26	15	40	25	46	18	38	37	14	5	41	47	39	16	34	44	17	7	2	6	43	31	24	23	11	36	33	4	32	29	8	8	43	50	28	40	13	15	27	28	19	12	21	
6	27	4	48	44	46	49	49	38	29	20	7	39	3	37	40	31	15	1	35	6	42	10	47	50	23	15	21	41	25	36	43	50	37	40	44	28	45	39	13	18	12	18	2	8	2	9	36	17	32	
19	22	17	28	10	17	1	23	35	41	46	20	29	45	3	17	35	28	2	21	40	14	30	4	14	32	5	49	17	20	26	35	44	43	13	44	7	9	15	41	47	10	9	23	4	24	37	36	35	42	
6	23	50	31	28	13	12	26	8	27	41	33	11	25	22	26	19	32	28	34	16	29	43	24	42	39	35	30	37	12	16	38	32	15	7	4	22	17	45	36	44	18	6	1	41	41	20	7	5	47	
39	18	19	24	39	5	12	16	31	33	28	45	17	9	6	14	15	24	30	37	2	20	3	8	26	44	33	39	3	35	33	40	49	4	9	38	1	18	10	29	48	27	24	11	42	26	21	45	49	12	
34	48	18	35	50	35	27	29	22	24	10	2	8	5	48	15	39	46	29	42	24	32	13	45	33	47	18	7	40	17	49	21	14	9	4	12	44	36	40	16	3	48	23	9	6	14	20	40	4	48	
25	26	21	38	18	3	33	37	47	23	2	40	44	13	1	44	27	38	26	11	4	21	9	15	29	9	22	48	45	24	41	20	5	10	6	14	12	43	49	5	7	50	46	20	9	35	2	30	23	10	
41	24	36	50	31	7	3	2	3	48	35	41	19	18	50	22	29	16	5	26	12	9	21	3	6	29	36	45	9	6	5	1	25	39	44	8	39	4	50	46	39	21	30	5	38	29	27	15	37	28	
40	45	33	10	44	38	37	28	32	45	36	42	39	7	16	34	4	5	23	6	43	18	24	22	15	12	1	33	25	39	8	10	29	38	20	20	26	11	47	9	13	26	44	40	28	2	14	30	19	34	
36	46	42	4	16	5	10	15	40	43	47	44	3	23	28	9	48	2	17	37	5	7	12	40	41	37	45	1	26	40	33	50	35	25	47	1	26	7	11	18	37	13	49	24	29	26	31	21	26	6	
3	29	47	12	14	42	46	6	35	15	43	16	3	24	39	3	21	12	4	30	23	38	35	20	11	13	43	50	28	22	31	30	48	27	40	6	18	35	9	44	44	46	8	45	17	49	41	38	8	5	
17	26	28	49	49	43	11	36	36	37	1	4	21	43	29	3	50	37	37	4	27	28	2	34	19	14	40	10	7	35	9	15	8	26	22	16	13	20	36	34	5	36	38	18	30	13	32	35	48	4	
29	30	29	32	6	47	37	33	5	36	15	3	4	37	26	8	23	44	35	8	19	39	41	6	46	21	15	14	41	12	17	16	33	45	38	38	40	24	25	41	9	41	48	26	5	17	8	28	48	34	
32	31	10	33	17	9	38	28	18	28	38	36	41	20	32	29	6	10	3	43	50	21	8	40	12	12	2	9	39	48	47	18	11	47	41	25	48	26	2	15	50	37	43	42	7	19	16	8	30	13	
42	20	22	38	8	19	47	9	26	49	5	13	7	12	11	34	34	20	8	33	15	5	23	8	43	26	25	13	29	40	18	17	10	31	46	12	3	41	18	39	27	16	35	21	25	45	3	14	44	8	
5	8	13	6	13	10	25	32	9	4	24	22	23	33	1	11	37	48	46	3	26	27	16	50	35	41	38	40	48	36	1	36	47	4	42	7	4	19	26	20	15	44	27	28	18	27	29	4	22	31	
4	40	38	20	36	20	14	21	6	7	49	47	38	32	2	27	33	4	38	5	11	2	45	37	30	10	12	2	13	41	21	22	18	8	34	1	31	48	24	28	43	17	26	46	50	28	35	29	39	9	
