31	36	24	31	2	28	47	33	17	49	28	3	23	10	28	4	8	38	35	32	20	10	34	33	27	35	37	49	19	14	42	16	15	42	39	40	20	41	21	36	43	46	35	5	6	12	6	11	47	44	
43	17	48	23	47	22	8	30	19	24	42	8	37	6	50	26	44	19	9	14	4	38	10	39	40	12	49	45	23	46	30	13	7	27	35	3	1	40	31	15	12	25	28	48	29	21	32	18	41	33	
29	41	15	36	27	2	47	22	43	17	14	23	27	20	47	10	23	44	47	1	7	8	22	26	4	44	48	24	11	33	3	36	21	13	21	49	12	16	19	3	30	30	25	9	50	18	16	28	10	31	
20	14	18	39	38	21	32	34	42	39	15	42	25	35	2	43	29	12	8	45	14	40	26	37	42	24	5	5	44	12	16	17	26	31	48	13	49	27	44	41	19	6	30	40	46	32	33	16	47	38	
10	4	23	34	40	14	7	42	18	47	4	31	6	27	10	3	37	8	30	28	46	43	32	26	33	19	5	9	34	45	46	41	48	18	25	35	29	29	26	46	36	26	38	39	2	44	49	50	1	11	
11	33	49	40	8	28	9	10	36	39	4	32	28	49	48	2	31	26	28	5	21	3	30	43	30	29	24	12	13	15	17	22	43	14	12	50	40	18	7	25	4	16	4	34	6	1	30	37	26	19	
41	44	8	18	35	37	47	9	43	10	18	7	28	11	19	39	5	6	3	11	28	4	18	32	34	23	30	11	12	3	20	47	45	24	13	28	14	8	36	1	16	49	15	43	17	23	29	11	26	29	
20	3	31	37	32	12	10	11	23	14	13	38	8	5	10	19	32	16	27	15	14	41	17	18	30	18	39	6	26	20	34	45	15	21	32	47	24	40	5	44	2	16	33	9	22	42	25	49	4	1	
12	16	38	23	33	17	38	18	20	11	30	2	6	42	13	35	36	36	21	41	29	20	6	7	26	25	44	50	21	47	49	32	9	36	3	39	1	37	8	20	48	34	21	1	25	40	33	10	19	3	
48	46	20	1	2	45	23	46	44	42	39	40	21	46	26	23	34	27	7	38	43	5	20	14	4	47	47	36	2	13	36	49	8	6	48	10	50	20	9	3	9	41	29	30	37	1	4	20	24	12	
5	17	10	24	30	11	16	25	45	15	36	30	12	43	33	8	1	27	26	3	15	34	41	41	13	27	42	10	46	13	18	48	29	23	19	6	33	32	29	28	44	12	4	5	7	35	14	2	11	37	
49	24	19	40	14	31	16	2	39	7	14	4	4	40	26	20	45	9	2	21	32	45	33	34	47	31	13	10	28	23	41	26	44	9	15	5	38	29	11	26	35	22	29	36	8	2	6	2	12	4	
23	33	50	2	13	43	29	25	1	6	46	39	32	39	49	44	44	35	22	48	8	7	15	36	38	26	35	40	24	39	45	44	25	41	44	34	30	20	7	31	26	3	17	5	42	14	48	33	5	18	
28	5	20	43	36	5	14	19	42	35	6	34	28	25	19	21	7	49	39	13	24	12	12	40	16	1	2	11	30	44	28	8	46	45	47	29	47	15	48	38	50	50	20	22	22	37	41	26	35	23	
36	9	34	47	46	48	46	49	8	25	38	35	29	32	27	26	10	23	34	4	8	26	1	26	44	20	12	31	46	50	2	31	3	35	28	46	33	23	40	36	45	30	18	23	11	44	5	16	14	29	
19	21	5	17	46	46	37	8	24	30	2	25	10	2	7	36	45	39	6	35	22	49	10	38	20	18	30	15	33	43	44	50	14	47	14	9	41	1	14	16	27	13	37	40	12	45	19	23	25	26	
39	43	20	48	29	39	15	6	2	45	48	46	44	9	38	8	16	28	5	27	40	32	42	26	17	1	18	32	7	41	3	1	31	23	49	9	10	4	14	10	3	10	8	40	19	39	47	30	20	50	
6	2	27	45	28	42	45	41	23	50	29	26	42	12	46	32	16	3	35	30	10	31	37	11	19	4	1	13	29	16	8	34	13	35	33	38	23	20	39	47	17	5	21	7	14	15	38	36	11	20	
5	20	49	41	29	18	38	24	27	16	33	33	49	43	17	24	32	37	42	5	30	6	7	48	12	19	8	49	45	17	19	46	35	17	34	11	31	21	34	5	35	14	37	44	6	2	9	34	39	47	
38	16	1	45	11	11	12	15	9	2	29	27	47	13	39	30	21	19	48	6	24	33	15	8	13	22	6	16	4	42	8	43	5	7	34	14	14	44	28	23	46	6	45	39	18	34	16	35	2	17	
37	23	43	3	31	4	21	34	22	22	24	22	11	26	25	44	39	39	33	13	9	25	16	3	14	32	34	26	17	34	40	49	6	29	50	32	35	17	18	45	39	38	19	49	12	41	42	1	27	28	
11	32	46	26	33	6	5	16	32	18	49	19	17	3	46	13	32	29	30	47	23	20	31	33	14	41	20	2	38	48	24	4	25	22	24	7	21	28	21	50	1	17	27	10	25	10	30	49	34	1	
44	50	16	24	34	28	13	50	29	49	41	49	47	15	14	22	20	36	45	38	33	38	4	47	48	21	6	19	19	37	19	11	38	33	32	14	17	43	12	36	42	1	33	46	13	3	5	31	28	2	
17	10	35	21	6	32	41	12	47	8	43	14	18	25	1	47	38	3	40	46	36	28	44	18	15	6	16	15	34	41	13	50	49	48	20	4	24	7	10	22	12	2	37	27	26	29	23	11	30	9	
4	12	37	47	39	49	1	41	13	32	29	24	31	28	14	47	29	40	50	36	5	12	38	41	36	9	10	8	18	2	21	23	48	3	16	25	6	17	15	11	7	41	34	25	20	41	19	42	27	22	
27	30	28	12	13	13	21	23	20	38	7	33	6	4	34	24	25	29	36	35	37	35	26	15	3	38	9	21	29	27	39	6	10	14	17	17	26	35	41	43	20	42	26	31	43	8	44	15	40	28	
50	17	7	23	37	9	11	29	30	39	5	16	42	9	31	6	23	4	41	10	46	13	48	19	31	40	22	25	3	8	2	2	21	12	22	1	15	33	25	46	17	27	14	17	34	32	14	20	35	21	
11	26	7	7	44	38	44	17	10	46	17	9	47	36	14	16	29	30	47	3	15	13	27	18	21	10	50	32	12	29	31	21	4	37	40	45	22	20	13	31	18	23	37	11	5	49	28	33	25	20	
33	37	30	10	2	50	17	48	27	28	27	7	1	29	44	24	24	15	44	31	45	9	50	35	18	5	28	41	36	50	11	19	36	40	24	42	35	46	32	12	16	7	22	13	32	16	35	4	38	34	
30	17	32	29	48	47	31	24	37	13	23	43	27	6	35	1	40	15	38	19	26	3	25	43	22	6	3	48	8	28	23	36	41	4	14	36	2	41	10	33	5	27	24	27	39	3	34	21	15	13	
38	40	13	12	41	26	15	31	23	21	4	45	4	44	46	14	25	46	4	33	24	10	8	49	29	38	48	3	6	12	15	43	50	28	2	30	5	19	7	24	32	9	16	37	1	11	47	22	1	7	
1	24	2	6	19	30	43	14	33	46	25	45	38	22	20	38	47	21	4	7	42	33	11	5	16	8	15	13	27	14	12	28	36	10	29	2	40	21	16	20	23	35	12	3	5	31	37	9	48	39	
7	39	18	11	41	33	17	5	43	41	16	1	14	1	12	45	2	48	11	17	15	25	49	26	23	1	4	18	1	3	43	2	40	8	13	31	39	30	34	29	17	44	32	30	47	38	20	44	36	31	
6	49	6	2	22	26	2	25	34	50	26	24	3	14	32	12	36	18	37	14	44	50	7	21	28	7	8	47	43	40	27	5	36	30	1	8	4	46	33	37	9	1	10	45	10	46	5	48	5	38	
8	46	39	13	17	15	18	26	11	1	10	36	44	45	14	38	50	16	34	29	2	26	35	10	24	37	47	22	28	49	7	33	12	44	41	9	9	3	30	14	4	40	47	42	31	8	27	32	23	16	
9	25	33	33	42	49	19	27	18	44	25	28	26	17	16	15	23	22	14	1	34	11	36	29	49	14	38	23	41	9	30	46	32	10	31	12	9	45	36	35	34	18	46	8	25	13	20	3	30	40	
48	13	41	30	40	39	44	24	12	32	32	39	33	12	3	50	22	4	43	8	28	24	15	23	29	42	32	49	36	9	30	31	19	18	11	8	7	2	29	12	34	10	48	7	21	47	15	38	6	44	
45	22	18	8	43	44	44	28	46	31	34	20	8	47	36	18	4	41	19	30	49	1	40	44	7	10	11	10	48	35	5	34	13	19	42	2	12	38	14	6	8	50	20	15	37	9	33	39	40	3	
18	36	3	5	30	7	20	16	14	1	50	17	34	2	33	23	44	45	49	9	43	15	49	12	18	35	14	1	21	3	4	38	39	11	42	19	8	49	37	13	47	28	26	29	30	8	46	24	10	43	
27	42	46	25	3	13	6	20	11	26	16	10	11	7	4	50	19	2	46	49	12	43	24	44	31	11	43	13	22	1	3	9	33	48	18	33	13	23	45	16	8	10	35	3	15	27	2	29	25	48	
24	34	40	47	20	5	47	13	15	19	1	17	9	32	18	25	14	18	44	8	35	36	16	6	38	28	27	37	1	4	38	24	42	26	21	16	23	22	9	39	29	11	2	41	41	17	10	2	31	8	
7	11	37	20	15	23	45	41	16	44	40	41	19	21	10	32	18	32	44	34	18	22	39	17	8	24	31	15	25	7	16	29	15	50	49	33	27	40	24	29	37	5	36	45	28	25	26	43	6	30	
21	27	42	50	38	1	21	32	7	43	20	20	22	34	20	17	11	39	10	26	16	36	45	31	30	2	5	4	42	18	23	12	30	6	5	15	47	25	35	8	15	48	21	38	33	39	50	40	29	6	
15	39	44	42	21	17	46	23	25	33	31	37	37	8	41	39	26	43	12	50	35	27	46	3	11	30	40	14	16	14	22	25	1	49	15	17	14	6	36	32	38	19	23	22	24	4	13	44	45	22	
41	28	47	36	23	8	22	21	12	20	21	29	41	18	20	5	33	32	11	19	13	44	43	25	15	14	26	23	49	17	42	37	29	39	24	49	42	28	27	3	6	27	31	35	44	48	37	34	21	45	
46	31	37	27	3	3	26	29	28	21	37	14	7	13	5	26	12	42	1	18	41	44	47	13	25	34	50	17	8	21	6	10	2	37	22	20	36	48	38	9	18	15	17	23	32	19	45	44	8	49	
49	45	36	44	4	9	24	50	21	34	19	15	27	16	6	49	14	33	46	37	36	14	47	1	33	31	17	26	5	14	25	47	11	2	35	18	7	8	3	22	39	20	40	10	35	33	12	43	22	1	
32	47	11	23	49	41	41	35	14	40	21	31	36	23	29	17	27	36	24	25	6	16	46	36	37	22	19	17	14	30	15	39	26	25	10	22	18	48	42	34	36	4	5	20	19	33	34	45	16	13	
15	18	5	9	4	16	25	22	31	35	3	42	22	24	15	33	46	34	28	20	2	17	16	10	32	36	36	27	25	5	14	37	22	19	40	21	27	13	39	4	49	37	44	18	23	26	48	6	43	29	
22	35	29	38	45	4	27	36	26	48	24	21	30	40	37	15	9	8	31	46	11	23	50	3	39	43	14	33	40	6	1	15	25	32	44	13	34	10	46	42	48	8	12	24	49	41	2	1	3	12	
