37	39	21	17	44	24	15	46	11	45	1	41	6	15	49	9	34	16	5	15	38	42	21	18	9	19	24	40	18	33	44	43	16	27	30	15	2	45	10	11	47	8	49	48	21	50	46	3	12	50	
17	46	42	37	10	48	1	33	33	18	15	26	5	29	1	34	41	49	26	50	7	10	6	8	2	24	3	45	25	11	43	44	4	31	25	12	27	23	47	9	38	6	32	13	35	30	28	24	36	14	
21	32	7	24	36	5	47	34	48	22	42	37	10	43	17	33	3	43	6	43	49	44	48	31	32	29	10	8	2	36	50	21	18	6	45	1	8	39	32	4	8	23	39	15	13	3	9	14	44	11	
6	42	42	1	22	23	30	30	26	29	15	25	47	29	28	39	27	33	31	9	35	32	34	21	46	40	24	43	50	15	42	3	6	36	4	26	5	31	7	28	8	17	2	4	44	37	42	20	10	16	
28	40	45	4	9	38	41	30	28	39	44	19	41	47	49	42	22	50	22	24	25	27	38	26	30	31	47	20	50	2	32	29	43	24	33	48	11	15	34	46	3	18	7	49	14	4	35	34	1	2	
7	25	28	43	47	7	23	44	24	20	45	2	42	34	26	17	29	36	30	3	24	31	21	28	22	32	33	2	15	29	4	19	2	35	11	48	37	31	39	6	48	32	8	39	16	38	10	46	15	40	
44	38	13	12	13	32	43	42	33	5	18	33	23	19	13	35	17	46	10	3	1	8	34	7	46	47	36	49	39	50	29	29	37	41	40	2	20	30	37	3	34	4	32	6	21	45	34	48	9	15	
37	41	48	21	42	42	16	28	38	50	25	17	28	8	4	16	5	23	45	37	22	27	39	6	31	8	46	14	42	34	6	27	20	2	45	11	43	9	36	30	6	10	47	31	15	49	1	16	24	39	
2	41	15	37	43	44	45	37	6	34	19	9	11	36	10	4	45	1	10	28	30	16	34	23	46	48	19	39	12	38	25	11	27	39	49	16	29	40	3	34	21	19	41	31	3	5	32	47	48	42	
22	27	2	6	47	47	2	15	34	12	1	8	20	25	45	15	40	23	3	40	9	23	10	46	1	11	42	30	5	39	19	24	13	21	29	14	15	31	22	48	41	26	6	7	49	50	18	31	28	32	
21	26	41	27	18	39	35	10	19	37	48	37	12	9	5	38	15	20	16	34	15	50	3	18	4	44	15	21	25	36	38	45	8	26	22	26	17	3	40	33	37	30	23	46	36	24	32	1	39	47	
34	1	43	35	19	45	26	31	15	50	13	50	40	21	26	8	44	40	9	26	23	44	4	38	38	39	10	17	41	45	11	20	46	3	2	16	47	28	42	10	25	5	7	18	24	32	22	27	29	30	
39	42	17	41	30	4	29	36	21	15	31	29	33	26	32	34	37	27	11	35	34	38	28	39	48	50	19	17	13	40	42	1	29	9	42	6	12	18	41	43	31	20	10	13	45	37	44	26	14	5	
2	43	38	29	26	35	27	44	1	39	32	44	38	10	49	28	14	10	46	2	38	22	21	45	34	12	27	31	36	36	30	37	23	17	13	47	1	41	48	49	33	20	39	16	26	40	39	42	45	50	
41	32	3	9	22	33	20	49	10	4	32	38	39	3	6	50	49	2	38	36	48	11	5	36	23	29	25	11	18	17	41	7	46	40	14	17	22	31	13	32	34	45	16	20	47	19	21	43	26	5	
29	14	15	31	48	38	10	20	46	25	34	34	28	27	23	41	42	45	19	4	24	2	46	39	22	43	5	38	32	20	44	9	33	7	38	30	49	47	45	37	17	26	21	50	2	1	32	6	33	3	
44	4	5	39	41	21	28	45	6	7	12	46	15	41	2	50	16	41	42	9	26	8	35	43	3	36	32	32	27	13	30	22	16	33	6	6	50	32	49	2	37	9	47	1	48	46	8	17	38	44	
23	9	47	3	1	45	36	30	25	11	42	4	27	5	32	31	10	28	10	7	29	45	14	26	42	9	21	37	20	5	24	40	15	20	41	13	16	26	43	38	33	32	44	9	34	18	37	49	45	46	
47	22	36	9	45	26	15	16	10	35	17	33	22	30	50	11	38	12	37	26	46	18	3	32	25	41	47	13	26	42	3	20	9	39	26	4	11	43	17	21	23	32	5	44	8	1	6	45	15	48	
20	4	4	22	33	28	5	29	37	28	16	39	46	23	24	21	25	33	12	40	1	34	26	1	23	30	2	24	31	10	10	41	14	14	9	44	42	12	27	27	43	35	13	34	6	36	3	32	17	9	
16	17	37	33	15	10	10	18	31	28	25	42	17	38	4	23	30	43	34	48	19	23	29	29	5	33	13	4	10	27	14	23	41	49	5	7	6	20	21	39	40	43	35	8	29	44	26	6	22	12	
1	35	30	29	14	31	11	24	35	19	49	45	41	39	42	43	42	47	5	10	31	46	3	5	50	33	32	22	34	50	28	32	35	8	7	46	36	16	17	17	44	13	11	20	2	2	12	4	46	18	
1	28	8	2	30	6	27	11	23	6	9	50	34	40	4	44	33	38	4	50	5	35	12	13	2	14	15	12	1	7	28	48	32	33	46	10	37	22	17	16	25	25	17	7	18	20	46	45	47	47	
42	49	28	5	11	29	12	23	40	9	29	15	6	13	48	1	17	32	20	38	39	44	8	42	6	19	4	44	11	45	41	2	43	16	3	3	46	10	25	31	18	2	43	21	10	47	19	26	16	7	
9	2	29	14	43	25	31	43	15	41	37	3	44	27	15	43	32	2	7	2	28	17	1	19	38	10	2	5	40	17	39	42	21	14	8	18	37	34	1	11	22	36	2	12	20	13	4	39	16	6	
41	44	17	42	6	1	49	8	3	32	22	40	23	41	3	24	48	4	5	46	40	28	31	40	39	43	50	40	33	12	40	21	50	10	10	5	7	6	11	10	45	32	9	7	19	50	34	16	37	35	
11	24	9	40	11	49	32	9	35	10	20	23	29	17	27	36	22	34	41	30	43	27	13	37	33	26	38	12	39	21	45	48	42	4	39	50	46	19	8	28	25	31	1	2	42	46	34	15	7	24	
38	47	48	45	34	29	21	17	39	7	35	30	4	24	32	40	23	25	3	31	2	26	4	49	24	46	22	8	6	29	31	50	25	28	35	8	9	3	21	41	10	5	19	11	32	7	5	48	27	1	
26	23	24	29	21	50	22	43	5	27	21	34	13	43	7	45	49	9	47	19	50	6	25	16	15	46	17	11	43	36	10	28	12	31	48	29	26	32	30	28	39	40	11	3	32	31	43	33	24	38	
44	21	40	15	36	2	7	50	11	47	33	20	13	42	48	10	18	24	21	39	3	9	23	9	8	4	24	46	29	48	31	22	17	19	33	22	25	39	1	34	33	37	49	46	26	43	11	35	30	23	
18	16	29	38	23	31	39	45	27	17	39	5	36	3	20	18	2	37	8	48	14	37	30	9	32	42	1	32	24	12	6	46	25	29	26	47	10	13	39	35	31	26	34	19	28	2	33	30	40	41	
25	48	16	1	3	46	42	1	26	13	14	26	50	36	8	26	30	10	36	17	39	15	42	22	28	19	20	6	46	5	35	21	2	1	19	9	45	9	4	19	24	11	42	23	47	12	41	29	2	27	
40	38	39	32	8	14	48	27	17	41	30	6	9	31	50	29	35	42	36	33	10	4	41	49	24	37	41	15	11	40	36	49	28	23	27	34	36	25	12	1	12	38	3	21	22	49	50	46	43	31	
26	50	32	16	46	1	2	35	11	14	22	47	4	48	18	28	28	50	49	35	4	11	22	3	31	38	6	26	30	37	4	5	31	35	20	25	39	17	7	7	27	28	40	29	23	8	2	9	11	10	
35	3	10	4	2	40	36	47	13	16	28	16	18	9	1	37	33	39	50	41	27	24	14	15	49	36	23	47	38	22	46	16	26	5	17	20	41	4	14	2	19	42	15	32	48	21	25	30	44	12	
16	20	32	30	35	27	17	3	23	46	23	16	14	44	17	25	12	8	25	26	7	39	15	19	18	7	32	29	36	28	38	4	43	22	28	31	48	40	32	13	34	47	33	42	40	43	24	48	49	43	
19	2	25	30	24	41	36	2	18	20	26	2	21	16	22	43	43	11	32	15	31	16	17	48	5	49	39	23	44	36	7	12	38	30	42	7	28	27	6	32	46	28	36	7	50	3	47	34	10	29	
43	31	44	7	26	3	50	13	13	48	46	18	2	33	45	47	37	14	12	45	41	1	18	24	9	8	22	10	36	32	27	28	11	16	34	35	11	29	44	22	20	49	38	25	22	39	9	12	42	18	
48	31	18	13	4	17	21	25	16	4	2	41	32	9	9	12	45	15	35	33	33	2	20	21	21	39	7	30	46	39	47	6	17	11	3	19	26	21	38	39	28	36	29	3	1	31	14	31	45	49	
12	29	46	31	49	14	24	43	41	21	29	36	1	45	43	1	9	17	21	47	4	48	32	33	45	22	11	3	4	6	44	13	30	42	44	22	8	14	15	50	20	2	26	27	37	23	19	40	31	39	
32	34	29	18	14	22	33	26	24	36	27	17	45	2	4	46	23	5	44	42	47	13	22	20	30	3	32	48	41	14	37	22	49	11	35	15	32	21	29	3	50	4	24	37	7	19	23	25	20	17	
9	11	26	28	27	2	34	7	50	21	21	32	42	12	40	30	19	20	33	47	36	25	48	37	13	3	8	28	35	22	49	31	31	14	9	17	15	39	16	18	9	29	40	4	40	41	18	10	2	1	
3	18	25	8	2	34	1	5	11	23	24	1	7	4	10	13	10	26	48	20	31	10	48	25	1	35	47	19	42	44	17	42	16	43	50	11	30	45	15	36	12	38	31	22	41	2	27	49	21	28	
18	45	27	13	7	30	3	4	42	35	47	3	26	1	41	15	11	13	2	25	44	12	16	28	29	49	9	48	48	16	18	10	3	46	20	21	10	24	19	48	49	50	50	33	48	6	37	8	50	36	
30	40	49	44	10	36	36	19	16	31	31	35	38	31	21	8	39	27	22	43	22	20	41	27	41	45	7	25	44	4	10	23	47	6	10	3	24	44	18	40	22	46	28	7	29	34	12	13	8	33	
4	30	49	46	50	37	38	50	12	24	5	19	43	49	23	2	45	48	42	11	32	11	7	45	16	29	28	27	45	35	8	38	19	5	31	6	40	6	6	10	26	9	18	14	3	36	13	47	33	48	
5	7	6	9	12	20	36	32	46	26	10	11	8	20	13	48	24	44	38	29	41	14	36	17	14	1	40	20	37	16	15	34	22	25	40	23	39	33	46	35	2	19	34	9	23	42	39	50	29	21	
22	33	18	10	22	42	40	9	49	18	29	12	49	46	29	3	14	18	11	13	50	4	19	33	7	34	18	35	27	47	49	8	14	20	1	36	44	36	41	45	3	15	48	50	11	26	38	21	4	2	
31	5	50	47	20	2	25	37	36	49	33	43	48	6	46	37	1	38	23	18	26	29	33	30	21	2	12	7	8	37	9	35	24	1	27	42	2	44	28	35	4	8	15	26	1	11	9	37	48	34	
44	36	1	23	5	43	8	38	27	30	39	28	47	50	28	18	46	29	13	11	12	47	17	34	14	17	34	24	43	31	2	34	48	15	4	40	19	11	25	44	32	3	20	35	42	4	45	20	25	9	
