35	8	10	33	36	36	46	50	23	45	22	4	21	2	49	44	11	7	39	42	30	23	29	23	40	48	44	34	48	24	15	29	9	24	1	16	8	47	15	28	37	36	31	8	38	28	3	43	33	41	
34	10	8	10	32	45	5	26	27	1	45	40	27	3	11	26	15	18	19	29	44	6	12	23	10	46	48	9	39	28	44	20	37	49	28	21	43	33	47	18	35	38	7	13	41	17	32	2	36	50	
27	26	2	38	46	12	34	43	18	20	21	9	39	5	7	14	23	50	46	15	17	25	50	24	31	36	37	12	35	19	11	11	42	10	49	37	22	30	28	40	49	47	44	35	1	49	4	23	48	42	
34	12	16	33	33	46	19	18	7	1	35	15	11	26	23	7	13	43	34	40	27	30	36	18	17	32	16	14	2	11	3	37	22	15	20	1	11	38	17	21	39	1	28	44	26	50	47	41	42	31	
23	14	10	5	32	22	35	47	30	36	6	31	21	27	44	37	26	2	18	42	15	50	42	39	42	16	38	36	49	25	16	21	37	24	24	19	45	8	13	25	43	20	3	12	46	44	48	17	45	28	
8	9	12	47	48	1	12	33	37	10	6	50	28	40	23	49	6	16	6	18	40	2	33	41	7	22	34	3	39	26	13	44	32	23	39	29	23	4	9	11	7	14	9	35	49	30	31	4	45	34	
19	31	28	1	21	33	22	2	31	7	25	42	50	7	14	38	33	34	35	39	43	39	3	49	21	47	27	49	4	21	32	18	1	8	17	19	40	37	20	23	44	43	9	40	5	21	26	36	6	10	
19	44	47	16	40	15	11	17	13	10	36	42	26	35	49	41	2	35	27	19	3	18	11	10	4	9	28	29	37	30	36	5	21	30	22	12	44	31	26	6	36	23	45	14	43	42	48	46	26	24	
10	26	34	21	33	37	27	8	14	15	34	47	16	4	26	34	17	19	10	38	20	45	46	13	2	35	4	49	26	29	18	35	50	1	5	30	36	30	39	47	48	20	43	8	22	17	40	35	33	3	
20	3	43	11	15	42	43	16	40	18	41	5	3	37	6	7	16	44	32	2	36	24	19	27	30	40	45	18	22	23	14	39	25	4	49	38	45	46	8	34	9	48	39	10	26	47	12	49	29	43	
39	13	15	6	39	43	45	29	7	16	1	20	3	24	23	50	10	17	38	10	49	45	48	35	49	21	25	8	8	2	49	46	14	13	4	50	5	42	26	8	7	27	30	6	9	48	11	7	18	40	
16	11	32	14	43	31	32	19	38	39	15	36	33	29	46	32	27	47	22	3	5	28	26	30	34	25	27	35	40	39	20	45	47	50	8	41	30	44	2	17	25	18	49	6	43	48	35	21	39	7	
17	41	31	42	18	11	14	44	41	43	31	10	37	25	9	45	12	36	28	13	49	1	27	47	5	19	39	40	35	32	45	49	15	25	46	29	33	2	21	23	50	1	34	28	23	38	20	35	24	48	
47	21	42	21	16	46	40	50	33	22	24	26	20	35	48	8	12	31	8	32	1	49	30	31	25	2	16	41	36	38	34	30	6	27	50	18	17	37	19	3	10	39	23	28	21	29	31	37	50	43	
11	49	33	40	27	7	41	42	45	24	29	25	3	32	46	1	50	11	36	14	8	41	2	31	14	20	3	44	48	47	28	9	45	12	47	22	14	39	11	10	9	37	29	15	19	24	13	15	34	46	
26	39	32	23	16	47	39	13	37	37	9	12	42	1	19	37	20	32	22	27	35	29	14	13	36	30	35	43	42	16	32	17	3	13	38	16	6	28	31	40	11	34	2	2	40	21	41	4	48	8	
27	30	35	38	44	17	18	25	6	9	38	37	24	40	50	10	6	3	40	31	40	46	15	42	45	46	7	30	47	1	36	21	33	13	11	20	29	25	48	39	31	32	19	2	19	16	10	26	21	49	
3	5	36	17	42	28	12	45	5	6	43	36	27	21	49	33	40	25	5	34	7	33	13	24	35	31	41	46	3	4	34	8	5	18	21	47	43	32	39	48	38	30	31	9	50	27	39	39	1	43	
20	6	24	32	27	8	13	13	48	13	16	29	17	20	45	35	14	35	12	50	30	47	29	11	2	26	36	40	15	34	31	33	39	4	18	13	10	25	27	5	34	40	37	50	21	28	38	22	10	44	
21	39	37	46	49	39	22	31	26	34	15	6	15	1	8	26	16	20	47	39	19	32	28	50	27	35	29	7	2	33	49	22	21	35	23	17	21	36	45	47	18	7	1	30	7	9	3	24	25	2	
4	37	27	30	36	2	15	8	8	13	40	3	32	9	35	46	21	6	29	16	50	45	22	47	23	28	3	24	43	21	25	47	10	44	24	42	48	35	49	1	5	36	50	26	45	35	33	13	38	47	
26	38	39	46	34	10	21	35	32	12	2	1	8	7	44	31	48	36	15	44	33	9	29	36	35	23	16	3	29	3	50	4	36	40	6	16	47	18	47	27	29	49	41	34	11	19	14	5	4	25	
41	34	33	18	14	15	36	26	15	12	26	12	13	10	1	10	24	45	26	20	20	4	16	46	37	19	17	47	18	21	21	7	48	1	25	8	15	6	32	29	19	5	41	27	14	39	37	38	30	12	
3	47	13	18	41	48	36	1	45	2	12	16	8	6	15	28	10	27	33	40	4	47	44	43	24	5	28	10	42	7	19	42	8	31	9	39	30	43	40	21	45	48	35	49	3	47	29	11	23	9	
50	25	3	43	16	26	47	41	34	34	45	1	29	45	30	32	33	8	24	21	28	15	16	12	11	15	4	36	23	24	42	27	46	43	13	9	18	7	50	2	40	44	49	16	37	31	43	19	33	14	
34	15	28	48	17	36	11	20	20	33	41	11	2	38	3	13	43	19	21	42	18	6	32	15	19	24	41	12	32	22	21	14	29	47	10	41	31	20	9	49	1	47	16	2	34	10	23	22	26	27	
13	42	38	44	5	46	9	43	1	40	14	20	4	39	14	11	30	46	26	36	42	27	31	2	25	12	8	35	32	35	16	42	23	40	34	25	34	41	17	34	28	29	6	33	18	15	37	45	7	7	
30	48	30	10	46	3	20	4	37	47	32	46	36	3	33	17	27	21	7	42	2	32	23	48	6	32	12	37	27	18	40	11	13	22	11	14	24	26	6	8	20	41	49	19	38	34	22	15	45	29	
1	42	6	17	38	9	49	47	44	23	12	32	24	28	1	36	29	20	8	33	24	31	17	20	39	4	49	50	14	43	26	14	34	31	35	20	37	27	16	30	2	25	10	22	48	10	5	24	40	11	
5	50	40	22	14	16	23	12	12	38	7	35	48	41	17	26	4	1	2	17	29	50	43	37	19	39	44	23	9	18	33	13	12	19	32	27	28	3	37	42	38	45	24	33	25	36	8	30	35	15	
42	10	7	32	47	25	17	39	46	23	4	26	34	16	39	15	41	16	20	28	4	3	16	26	33	40	9	45	16	44	47	10	5	1	37	46	27	1	35	19	24	36	48	8	1	32	17	50	49	36	
16	46	32	31	19	14	18	27	2	32	17	48	36	18	47	22	13	23	20	45	37	41	33	24	49	29	3	13	20	50	43	32	38	25	10	6	33	34	30	33	8	1	29	39	15	23	9	23	44	28	
15	22	18	43	45	13	24	44	25	33	37	12	14	23	33	27	28	26	46	4	45	5	50	21	37	11	42	45	31	27	29	48	47	37	36	40	49	2	33	16	34	14	32	46	35	7	17	12	20	19	
14	14	9	12	35	45	25	28	37	50	2	7	43	46	40	26	32	37	27	10	6	9	24	27	8	8	33	17	16	5	27	27	18	34	38	48	26	11	20	13	3	19	15	45	13	20	19	44	39	43	
3	40	1	24	12	4	29	45	19	44	46	43	21	11	25	6	4	48	9	22	8	13	40	28	3	50	22	21	43	8	14	2	46	14	15	7	14	45	5	31	37	10	21	17	49	45	16	3	41	18	
24	48	29	11	20	27	11	37	48	3	44	9	45	37	18	9	42	30	50	40	10	36	34	30	41	29	23	45	33	13	12	6	11	35	14	22	15	18	7	6	21	50	17	10	39	35	19	25	9	16	
18	16	49	45	43	38	26	15	29	48	25	39	47	33	21	7	3	29	23	7	35	40	4	1	50	41	24	19	10	29	30	22	44	28	14	37	12	35	49	43	31	22	27	25	1	46	31	6	32	3	
7	4	40	8	50	37	43	20	3	3	49	27	22	40	2	34	24	11	14	21	48	42	42	25	16	42	15	45	44	36	45	1	37	37	12	34	19	44	6	18	44	9	44	20	47	43	46	10	3	13	
30	1	50	19	18	18	11	32	7	4	11	1	44	47	33	43	31	1	37	30	16	27	25	7	40	10	49	38	19	6	41	46	2	40	21	15	3	22	43	9	20	3	5	12	8	40	4	27	35	39	
6	48	14	26	4	5	37	3	35	50	50	23	44	48	10	6	9	12	26	1	14	7	2	18	13	49	3	11	24	37	44	25	36	15	49	43	2	30	38	35	30	42	8	29	32	15	27	40	22	1	
40	35	43	39	2	46	38	2	50	8	39	41	30	21	43	25	4	42	3	41	26	33	37	31	9	7	46	27	44	12	25	31	44	17	19	43	11	5	1	14	6	31	47	32	49	44	7	13	30	20	
43	3	41	16	31	40	20	21	11	11	33	35	46	30	49	5	18	8	6	12	14	10	42	15	41	42	45	48	45	27	4	29	26	38	44	3	24	13	24	32	24	7	16	23	28	22	25	43	19	34	
2	33	30	41	42	19	28	36	12	17	8	13	45	31	4	36	34	22	47	5	1	20	6	16	29	31	26	42	23	45	10	22	27	36	24	16	1	37	50	11	14	11	21	44	44	18	28	23	37	24	
15	36	41	20	1	19	50	23	8	21	17	17	41	41	5	2	4	4	42	3	11	34	6	32	25	43	49	6	3	33	35	15	16	26	33	13	38	40	36	37	48	8	1	46	41	10	44	42	9	22	
44	12	48	50	41	23	36	38	22	32	18	45	44	34	7	24	46	34	4	35	20	8	39	20	42	27	21	17	11	20	32	3	29	29	50	26	49	43	10	25	15	28	13	5	2	17	30	47	50	32	
25	17	26	1	37	20	16	3	24	27	22	8	31	50	34	21	17	33	1	19	9	14	36	19	17	38	24	2	29	39	22	50	40	47	3	20	7	15	22	35	36	43	30	11	41	12	28	7	46	30	
23	43	40	9	42	6	43	14	50	19	34	19	18	18	16	15	37	18	30	11	43	12	1	22	20	44	31	4	46	18	23	24	7	21	26	45	18	17	3	16	32	33	36	46	10	47	15	39	12	35	
45	2	46	49	22	21	30	5	9	20	19	28	35	36	39	4	8	10	15	17	23	43	39	3	39	34	47	47	18	11	29	12	8	32	43	31	41	19	29	38	36	50	14	24	13	1	21	20	15	37	
26	23	28	13	22	24	45	22	8	11	22	38	14	42	6	12	3	39	25	31	31	8	35	34	26	38	40	1	5	35	37	29	17	4	41	26	16	48	42	33	46	11	18	1	4	12	6	37	50	25	
22	18	44	41	3	29	31	34	49	30	13	24	6	18	27	47	45	42	41	37	13	11	40	19	12	33	29	15	11	42	38	26	43	20	16	46	21	41	23	36	20	35	50	48	47	14	32	1	4	5	
