11	23	20	7	3	9	33	48	47	3	29	21	30	47	49	5	36	24	34	2	22	21	50	17	29	31	38	4	17	6	18	14	6	10	49	37	17	32	34	13	31	12	33	8	6	35	10	39	2	43	
38	22	12	36	38	40	16	25	41	32	28	6	43	31	14	41	17	30	17	50	42	45	9	22	2	12	1	10	3	50	4	37	21	11	23	8	48	35	33	39	15	7	44	13	34	5	46	18	47	19	
47	23	6	5	42	6	17	42	15	13	42	12	48	12	23	18	18	20	2	46	6	14	49	50	19	32	49	16	30	31	23	26	2	27	29	43	31	44	33	45	5	24	5	3	33	25	18	1	42	21	
41	47	30	37	41	46	19	39	7	48	18	27	21	17	3	49	8	33	43	38	24	45	10	26	44	39	50	11	37	42	28	25	36	3	12	26	1	28	13	3	29	28	31	45	45	32	2	50	14	34	
37	33	26	45	6	19	33	5	27	17	43	2	42	26	4	1	2	50	28	12	50	3	39	26	46	34	5	35	31	16	14	14	47	40	6	7	8	38	9	32	10	44	31	48	20	33	41	21	32	15	
29	29	14	15	4	4	46	8	36	23	21	48	35	16	36	40	18	39	26	14	20	27	7	1	16	24	32	4	38	11	18	17	39	33	28	41	35	25	48	19	44	17	22	28	30	49	17	42	37	41	
5	4	15	9	3	28	31	33	31	18	43	49	31	30	32	9	19	12	29	13	27	20	29	42	47	7	38	14	48	22	50	2	25	14	11	25	41	39	8	22	16	1	21	35	25	3	43	42	6	23	
4	32	37	31	21	32	38	6	43	34	27	40	33	49	3	44	24	41	32	30	10	36	25	27	20	49	22	11	39	26	28	42	6	12	22	28	43	7	30	35	39	8	22	23	5	22	13	29	11	41	
3	20	24	28	45	43	24	15	1	12	39	26	1	44	38	22	17	29	25	46	11	13	50	30	31	2	4	40	27	12	32	29	33	5	6	23	42	28	36	46	41	24	16	39	17	7	8	31	34	35	
25	36	42	22	16	20	23	15	10	49	24	37	27	2	36	31	26	27	8	9	16	44	29	31	32	43	29	38	21	5	17	45	38	7	14	3	24	34	15	31	33	39	18	11	38	1	35	12	27	46	
15	42	33	41	21	12	33	47	48	1	1	13	42	39	17	5	40	43	39	4	19	18	39	34	24	26	35	8	33	9	47	46	49	29	35	20	38	17	14	36	16	16	45	7	50	9	10	37	2	45	
38	15	13	26	48	34	50	31	40	32	36	34	28	34	11	9	49	48	27	12	33	39	21	25	45	21	37	1	5	30	46	42	44	8	16	39	43	14	17	28	47	2	10	18	33	20	26	32	17	3	
40	47	38	11	20	29	29	3	28	33	30	23	24	25	28	36	9	14	50	26	42	41	26	49	6	8	18	29	42	32	28	27	27	13	36	46	39	12	46	16	44	31	36	15	45	17	1	3	35	47	
27	16	36	2	13	39	9	28	17	45	8	44	19	34	5	2	29	42	14	22	6	5	46	40	18	40	3	20	42	23	11	21	38	46	24	48	34	26	25	50	30	31	43	34	15	45	37	41	34	49	
9	38	1	4	27	18	41	24	33	30	46	43	45	31	39	11	27	19	31	50	16	47	30	7	27	42	49	12	28	32	8	36	17	14	37	41	22	27	20	4	6	10	48	50	38	34	8	15	3	40	
13	13	31	40	17	6	28	16	15	3	45	20	36	12	24	22	2	46	46	14	49	1	22	43	48	8	23	3	25	18	39	32	30	16	21	44	26	47	7	37	48	4	3	33	11	27	5	10	21	50	
23	18	47	43	10	44	1	30	45	20	47	31	49	24	46	19	18	16	11	24	50	8	23	2	38	33	27	39	41	45	36	13	12	32	4	19	21	2	48	15	22	43	3	17	17	40	33	34	5	43	
3	2	48	26	1	33	6	25	21	44	19	4	7	29	33	8	45	1	9	41	16	28	34	8	43	48	46	23	27	49	15	29	50	12	5	47	43	10	20	14	1	37	14	12	13	44	11	7	16	18	
48	9	42	29	15	33	24	10	5	50	8	18	28	3	27	30	49	21	35	16	31	33	2	44	36	12	35	45	19	27	13	20	33	4	40	47	32	17	6	35	14	11	7	37	14	28	22	23	45	1	
25	24	29	25	15	14	36	47	8	2	23	16	15	6	16	4	3	47	16	7	29	26	16	31	10	27	9	23	34	50	19	9	22	47	32	35	10	18	31	17	18	5	31	38	12	44	34	11	40	47	
12	19	20	24	46	29	2	1	1	35	48	17	40	18	13	18	4	20	36	29	34	49	30	13	28	35	5	15	40	43	8	50	9	31	22	3	3	20	10	6	7	49	23	39	16	30	14	14	8	41	
41	30	39	20	40	13	2	43	23	40	35	28	37	42	2	6	44	4	25	45	5	26	47	22	12	9	1	17	18	48	7	7	26	38	24	14	50	25	11	23	19	41	48	49	30	8	15	24	1	27	
14	5	2	4	26	13	7	25	29	22	20	30	26	45	18	49	10	17	23	12	37	34	50	35	31	36	39	33	49	34	9	12	37	15	19	10	24	21	32	42	40	50	25	16	43	37	27	47	3	38	
8	40	16	10	22	45	35	4	24	33	34	30	44	20	35	7	30	50	32	11	42	15	12	13	26	49	49	36	46	1	18	3	37	31	9	17	22	42	9	47	23	43	23	14	10	18	17	38	19	40	
46	46	50	3	6	23	50	2	7	47	1	22	45	35	6	2	41	25	42	47	15	12	37	37	27	47	43	40	33	47	29	26	40	26	29	49	4	28	5	5	20	45	30	14	31	36	16	17	47	7	
13	11	16	48	47	39	42	35	26	24	29	3	50	18	28	27	13	24	1	8	28	21	2	4	31	30	25	44	44	20	49	5	28	16	2	21	6	43	5	23	14	32	25	19	48	9	36	9	29	37	
16	48	3	15	49	35	43	22	25	36	40	21	41	19	31	41	37	28	31	39	1	45	20	23	4	15	21	37	24	44	20	38	42	21	50	45	4	46	12	26	27	46	47	29	10	27	6	2	2	32	
31	49	24	50	20	27	12	40	13	32	32	33	15	21	50	10	6	3	4	12	29	23	5	22	35	13	48	34	7	47	16	35	45	39	32	15	14	41	2	25	20	30	5	36	49	11	42	3	9	44	
12	31	9	16	2	41	27	48	30	37	44	40	17	37	26	45	50	39	38	49	13	3	28	15	34	25	17	24	25	21	11	39	49	19	1	50	10	27	46	32	5	40	29	20	32	46	12	22	34	48	
19	45	46	45	9	27	18	23	50	42	43	8	26	41	25	26	39	32	50	33	13	4	19	36	20	44	28	29	13	8	22	31	1	15	27	6	41	37	29	38	28	21	46	2	10	24	24	48	49	30	
28	9	25	47	39	42	37	12	20	49	22	41	27	23	5	48	22	44	40	50	32	9	18	24	11	27	45	33	26	38	4	1	45	30	44	33	16	31	49	34	35	11	27	4	29	43	50	47	17	33	
46	46	39	14	17	48	38	7	29	10	43	32	8	37	9	50	20	22	29	15	2	5	18	27	6	45	47	6	38	12	35	34	3	23	49	19	19	33	25	1	39	17	28	45	4	31	42	16	50	24	
24	3	21	38	25	26	29	18	31	19	33	12	1	30	34	42	47	1	22	21	48	10	35	22	5	32	2	42	50	50	12	17	4	28	2	27	7	31	37	31	45	12	41	43	40	23	32	36	30	6	
4	17	8	37	36	8	20	35	49	13	37	7	27	32	31	28	49	34	6	40	13	50	47	3	41	38	21	19	22	45	18	23	7	24	10	42	30	27	26	29	35	9	29	21	35	10	39	34	43	40	
17	1	40	12	1	30	47	21	45	15	11	12	38	22	35	44	7	12	16	28	36	49	33	14	7	18	24	39	2	9	31	19	10	16	25	8	44	17	27	35	32	42	46	14	3	26	5	4	37	20	
30	19	17	12	32	21	27	50	9	22	10	38	32	26	50	2	23	45	18	47	23	46	32	16	7	31	40	13	35	24	27	11	42	42	22	22	10	48	19	20	16	28	3	1	42	4	49	14	41	12	
9	12	4	42	25	10	21	12	18	5	35	45	9	27	33	28	46	40	24	12	8	43	41	11	33	28	11	26	38	2	36	47	13	44	34	36	49	50	45	22	48	29	1	6	7	30	33	3	20	4	
6	25	40	44	33	20	22	45	45	7	41	30	2	50	19	32	31	13	30	23	22	29	50	28	37	1	8	8	43	18	20	45	46	1	36	23	27	1	16	13	4	4	49	2	9	9	34	29	21	10	
2	41	32	49	10	8	48	6	16	36	25	29	30	13	23	14	34	41	15	45	4	17	1	46	17	47	4	50	36	27	3	28	8	35	23	18	37	22	23	5	6	6	24	40	5	10	7	43	37	11	
31	39	24	27	34	40	25	36	35	46	3	32	18	11	10	41	25	48	10	1	43	13	38	14	49	40	12	39	29	42	47	2	31	20	26	11	9	46	42	38	50	44	19	7	2	29	4	27	22	5	
21	15	18	7	28	11	44	33	2	15	26	42	14	2	12	39	15	23	37	1	3	22	43	19	26	46	44	25	18	13	30	40	25	41	41	1	45	36	33	48	49	20	30	10	6	38	9	27	50	31	
18	50	5	6	13	25	46	9	45	11	17	19	47	43	6	37	41	49	19	24	36	16	26	13	22	29	7	21	40	46	48	2	2	45	3	4	20	46	28	14	8	24	32	1	14	34	38	3	31	4	
22	16	19	45	29	35	26	27	3	11	31	48	10	11	43	12	16	10	7	20	21	12	44	5	10	4	32	46	4	14	46	24	23	11	17	49	47	40	30	49	1	48	42	9	1	33	12	13	38	25	
30	10	27	23	7	36	23	37	30	25	46	34	47	28	34	13	17	31	47	37	26	40	26	9	42	24	41	1	44	25	21	13	35	43	32	39	28	5	25	8	29	19	31	24	38	14	45	1	46	28	
39	6	15	13	14	4	32	11	12	16	38	24	29	7	15	7	43	42	10	17	47	35	36	25	8	19	42	41	20	25	23	9	30	34	18	50	33	38	40	37	3	13	26	26	21	19	30	28	8	45	
23	7	23	4	30	28	34	10	19	34	42	29	39	10	7	43	1	37	27	44	23	31	48	29	50	14	45	32	21	3	17	41	5	38	45	25	13	11	35	27	46	15	4	22	24	12	8	20	18	36	
7	17	10	8	42	5	15	38	33	39	36	50	22	37	36	12	11	45	21	45	23	10	13	22	30	30	29	37	1	23	24	4	39	25	5	31	27	19	16	12	48	49	5	26	35	41	33	45	31	2	
42	8	6	46	23	36	30	48	22	21	47	38	25	9	16	24	38	35	39	3	44	37	47	48	2	41	32	31	23	10	28	15	11	36	7	27	17	22	29	34	43	40	20	9	49	27	40	28	12	18	
26	50	7	20	43	1	48	29	30	27	29	5	26	36	36	25	10	2	47	31	34	38	19	6	3	13	30	20	45	34	37	14	32	34	33	21	35	49	41	9	11	22	14	28	8	47	45	40	48	39	
43	28	22	17	31	10	39	13	32	6	49	14	20	15	44	48	33	26	41	23	35	19	41	45	38	48	10	30	4	31	25	7	8	37	41	34	42	9	31	21	10	18	29	27	24	29	23	46	40	16	
