16	38	47	17	43	2	12	50	46	16	9	47	11	24	27	46	32	24	48	5	19	2	18	14	46	31	28	34	15	8	18	25	40	20	7	16	21	19	13	15	33	21	10	43	42	33	36	21	6	30	
26	22	32	39	36	25	19	13	6	31	20	23	5	10	41	11	24	9	27	35	21	12	3	30	49	45	10	37	13	16	14	36	38	43	25	28	15	44	33	29	34	48	42	40	7	46	47	50	37	17	
9	8	17	12	35	15	4	44	46	16	7	7	2	42	47	24	9	10	14	37	29	35	36	17	11	37	45	42	13	31	50	20	36	18	30	18	26	30	19	19	46	16	25	43	7	21	16	22	27	32	
50	3	14	34	19	21	19	11	10	30	41	7	49	25	20	26	42	45	5	1	14	48	17	37	38	22	4	6	34	28	32	34	31	43	15	46	11	33	6	23	12	47	25	9	24	45	35	8	37	36	
9	50	32	25	34	17	45	36	20	27	11	49	10	41	41	22	36	1	5	42	18	14	36	43	20	2	34	3	9	20	35	19	21	15	39	49	30	32	37	47	8	43	46	17	31	33	38	16	40	40	
5	46	2	38	37	21	39	20	22	46	40	4	12	5	15	49	3	44	30	35	41	37	25	33	6	5	14	38	21	45	26	23	38	27	10	29	47	47	42	16	42	31	19	1	31	32	49	34	23	28	
16	11	14	40	43	14	44	6	50	12	48	25	33	36	1	41	8	47	35	49	13	26	24	29	26	4	10	27	37	32	50	2	42	14	43	32	28	34	36	30	45	33	3	23	16	48	15	21	46	5	
18	3	19	41	31	44	44	38	16	29	17	13	28	6	24	17	36	49	48	21	22	38	1	18	9	15	15	20	35	7	12	50	9	30	38	39	20	37	23	33	8	40	46	42	43	25	1	26	15	47	
46	37	32	45	4	40	9	16	7	41	21	16	42	27	42	28	12	12	8	35	43	15	22	35	47	12	2	47	38	16	44	31	3	23	24	5	13	29	17	16	20	36	32	8	11	23	39	21	33	40	
5	21	1	24	6	47	33	7	42	18	22	32	47	23	4	19	22	14	49	38	27	17	20	8	24	34	29	9	1	10	43	3	27	44	24	30	38	11	36	31	24	12	9	25	28	13	37	46	26	35	
32	50	48	1	5	18	29	30	22	28	34	14	27	8	5	50	38	43	4	21	20	25	26	25	42	50	35	27	46	5	9	27	6	2	31	6	22	4	39	41	36	16	7	5	33	7	10	9	47	5	
29	13	29	5	38	20	2	20	45	45	24	2	19	26	3	44	31	20	46	14	8	22	27	10	25	50	15	28	11	9	30	35	20	12	37	6	32	39	24	21	33	49	19	4	21	23	42	1	37	34	
12	45	4	39	2	27	36	14	3	42	20	30	26	37	36	10	40	11	47	13	29	28	8	45	29	28	16	15	27	1	49	36	43	2	22	44	28	6	5	28	48	23	9	20	17	40	31	46	50	24	
9	26	50	14	21	23	40	34	37	14	32	35	49	22	36	19	13	10	24	16	38	18	38	41	35	46	28	11	42	27	33	47	1	31	10	25	2	47	3	39	10	34	28	6	5	7	29	19	14	45	
33	48	12	19	36	46	11	13	4	50	37	37	44	37	16	1	7	17	47	9	2	4	40	22	8	42	24	31	7	35	23	38	32	35	6	15	28	18	27	32	13	14	16	10	48	29	6	3	45	20	
9	47	1	48	15	8	39	39	36	44	23	9	31	2	40	36	17	16	50	41	45	10	2	11	13	48	37	16	49	30	14	6	22	14	3	36	24	39	25	4	32	44	12	12	46	49	1	9	18	41	
48	6	49	49	13	10	46	49	23	41	28	36	46	50	50	47	35	18	33	6	24	12	2	31	24	39	29	16	48	41	5	45	46	3	41	9	11	38	7	31	25	32	15	17	30	12	14	20	29	42	
15	48	5	9	28	25	48	8	38	43	47	42	37	40	44	25	48	50	7	2	26	29	33	40	45	11	1	4	22	27	41	35	27	44	46	2	16	40	6	3	30	50	49	14	40	31	39	35	26	10	
37	1	18	19	39	9	29	40	8	49	10	48	31	34	39	21	41	2	11	39	3	40	38	44	2	26	23	40	12	46	30	4	47	50	13	31	4	42	14	11	35	24	6	15	19	44	43	38	5	44	
24	47	31	10	38	32	35	8	19	43	3	47	36	46	45	46	26	45	37	39	6	20	10	12	30	14	3	13	1	45	4	24	41	32	33	27	17	14	34	38	6	42	26	44	30	18	40	5	15	21	
40	15	34	49	23	11	12	24	23	10	18	26	32	6	7	13	32	19	26	17	46	30	48	19	20	25	36	3	28	43	21	22	5	1	16	25	12	31	48	35	37	13	8	16	27	10	33	48	38	2	
9	19	29	6	35	48	30	17	47	6	8	14	23	11	12	38	37	20	13	32	50	48	42	3	11	9	11	39	4	34	36	12	2	14	18	35	8	43	1	2	49	5	16	21	14	26	7	10	45	22	
27	44	13	17	45	23	23	5	7	32	38	43	38	39	3	3	20	10	1	17	12	40	20	25	10	32	49	13	26	41	28	7	33	41	15	34	14	37	31	17	13	18	7	50	4	9	49	24	19	41	
38	26	30	7	50	36	36	46	48	11	35	22	9	17	13	23	43	21	9	24	36	27	41	42	18	44	3	19	11	14	4	49	39	31	1	36	20	40	30	10	47	14	31	1	32	39	25	22	8	33	
42	40	47	31	29	14	21	27	27	33	38	28	25	25	8	24	10	21	9	43	30	49	50	5	48	27	41	18	2	47	45	37	35	46	17	13	2	36	44	26	14	34	1	38	1	11	12	15	26	19	
45	1	15	42	3	12	19	43	26	14	39	21	1	28	9	16	34	13	48	20	34	11	44	35	46	47	40	2	50	14	17	42	18	30	35	14	38	49	4	13	19	40	33	11	10	40	23	42	48	20	
11	29	28	3	13	19	47	1	21	43	12	37	32	30	14	15	34	4	16	35	17	21	31	45	31	32	31	5	21	33	21	34	6	48	32	18	15	23	15	36	16	26	17	46	44	35	8	27	39	25	
9	39	38	30	32	17	10	10	18	34	35	40	7	40	33	36	4	45	12	19	28	23	39	46	16	32	21	23	8	48	42	14	37	25	44	17	41	3	20	6	31	9	45	37	47	23	22	42	24	28	
7	44	3	46	35	13	27	9	33	33	1	20	46	35	42	39	42	31	41	10	36	21	12	27	5	6	50	24	41	17	50	48	7	47	42	40	6	19	42	37	1	43	3	49	23	44	35	14	23	26	
22	9	43	33	40	47	32	32	24	20	45	18	17	50	19	8	39	17	25	29	2	31	19	4	18	41	45	50	3	17	27	21	23	15	2	4	10	31	35	27	1	26	44	17	26	7	28	11	30	46	
37	23	17	4	22	33	41	18	31	38	30	3	9	1	15	9	1	24	38	34	5	36	7	47	2	31	48	22	39	19	15	24	44	29	26	8	25	14	28	40	6	10	43	11	49	16	15	12	26	50	
34	23	36	38	14	35	16	8	9	3	22	19	29	7	46	50	15	5	17	31	41	13	31	28	20	27	30	32	25	3	37	8	25	21	41	36	49	4	41	11	4	20	20	33	16	22	44	25	23	39	
6	2	7	35	29	22	9	10	49	33	13	29	36	38	43	27	17	41	25	8	42	29	16	9	12	29	20	31	5	36	17	11	34	17	38	14	32	46	18	30	39	26	21	12	15	47	36	23	37	10	
27	27	36	43	41	40	20	4	20	19	35	38	24	17	49	11	28	31	6	44	10	32	17	15	42	29	10	25	45	44	34	21	26	18	11	2	7	28	8	42	50	37	13	18	3	7	30	28	35	31	
19	44	9	35	7	50	7	15	25	1	14	5	21	29	20	30	27	26	4	28	48	48	13	5	17	16	11	38	39	44	18	10	35	24	37	41	21	45	2	44	42	8	47	9	34	20	46	6	42	40	
30	41	35	44	41	49	5	48	32	41	42	45	45	31	17	32	11	37	22	11	33	16	19	26	19	1	40	7	6	29	42	36	15	28	20	4	23	22	9	50	10	46	44	8	12	10	33	25	2	3	
30	24	13	47	44	31	42	34	34	45	10	27	20	25	48	37	28	22	8	26	15	17	21	6	19	24	13	49	42	11	1	19	28	11	12	19	40	5	50	21	43	10	2	10	35	39	3	7	3	4	
35	15	20	44	24	36	17	32	33	5	36	31	23	12	40	33	29	30	38	26	47	34	33	39	34	18	26	30	19	28	40	1	40	49	41	10	32	7	38	14	9	22	48	28	32	37	10	13	11	43	
36	5	16	15	42	1	25	17	27	43	43	4	39	32	50	27	44	30	28	30	43	33	45	35	14	24	15	17	31	26	6	12	29	22	34	19	18	49	38	40	40	24	4	26	2	41	9	38	21	28	
11	12	8	4	46	16	27	19	35	6	29	39	17	4	5	40	21	23	35	3	11	22	28	50	47	30	42	46	10	7	22	20	17	29	25	8	44	48	15	24	3	45	14	26	44	27	3	18	33	37	
13	40	10	36	40	3	6	26	48	15	32	16	34	46	2	3	5	36	18	17	9	50	7	17	21	49	27	22	10	12	1	24	46	7	4	33	8	10	11	3	23	37	20	4	37	10	19	38	1	14	
1	4	50	8	16	11	7	39	28	12	46	25	35	43	30	42	19	36	44	25	37	15	11	3	22	43	12	19	27	5	20	26	3	32	30	21	26	41	5	2	3	50	23	24	38	6	9	9	34	50	
22	18	21	32	20	28	22	29	44	47	31	12	22	33	26	49	49	49	34	2	1	19	46	23	41	35	16	48	26	50	46	5	14	8	36	32	37	2	10	27	45	38	38	16	20	15	13	16	9	6	
17	1	11	11	18	47	37	31	43	12	25	39	13	38	6	35	19	27	33	33	2	38	12	40	39	31	5	1	47	3	46	9	3	45	19	20	41	8	46	32	15	20	22	19	21	11	2	28	36	32	
49	36	7	11	22	45	37	21	43	35	19	33	40	44	22	5	46	12	10	47	4	17	6	9	37	7	19	41	29	2	16	26	48	22	38	9	27	19	26	6	17	1	34	39	13	8	39	30	14	9	
29	7	22	29	11	4	34	29	30	11	33	42	38	17	18	15	23	24	36	48	27	35	39	13	14	3	17	3	14	24	47	27	45	9	48	37	50	28	12	25	37	41	14	31	4	40	49	26	10	15	
23	21	42	9	30	6	7	37	11	2	10	8	21	45	6	17	15	3	43	26	31	29	14	40	50	17	18	29	43	13	42	15	29	33	27	5	36	26	41	43	28	48	5	43	39	47	16	44	49	49	
20	25	25	28	10	20	49	21	1	34	27	41	45	5	21	14	9	3	39	46	44	24	43	36	3	17	32	8	16	30	7	23	4	26	48	11	43	47	30	12	29	6	35	19	18	42	28	31	43	23	
7	34	26	48	25	29	13	47	39	21	26	44	40	48	5	43	34	6	26	15	35	47	23	8	24	23	7	37	36	37	2	41	20	26	40	36	1	47	32	28	14	11	6	3	30	14	45	17	12	16	
21	42	6	37	48	13	8	43	2	40	44	50	30	47	23	18	33	25	15	22	45	39	29	1	20	5	19	10	4	20	13	25	7	16	9	3	31	17	43	26	4	27	24	32	36	46	11	41	13	49	
