28	27	16	37	50	22	47	20	14	2	23	14	44	43	41	3	36	45	36	9	48	7	45	6	11	4	6	5	15	23	29	20	12	8	22	17	30	16	34	43	18	6	10	8	46	42	9	32	36	49	
38	33	49	32	37	9	33	42	11	48	14	36	15	23	44	36	39	21	50	19	11	16	24	12	21	17	3	27	47	40	22	35	19	20	18	5	27	1	2	41	43	8	25	6	30	12	45	26	31	46	
32	38	1	2	49	20	18	1	46	12	37	14	44	6	32	8	10	7	2	11	41	43	12	9	48	39	20	35	2	47	23	34	36	21	33	30	40	50	31	34	13	17	47	3	22	27	10	42	33	15	
33	21	1	44	30	47	31	48	31	32	44	1	13	25	22	46	5	9	43	33	42	2	49	37	5	19	14	12	50	43	24	28	13	23	22	40	17	2	35	3	31	29	4	44	6	17	38	2	26	34	
34	15	29	31	1	33	47	11	42	42	3	12	19	14	31	38	3	47	37	39	42	18	12	40	13	10	2	45	11	27	23	43	44	49	23	40	32	20	1	21	16	3	30	26	16	17	22	24	5	50	
1	44	15	11	29	23	20	31	17	30	5	38	22	46	36	42	34	15	8	34	35	17	37	12	41	48	22	4	14	26	2	12	19	16	22	49	38	43	28	5	21	32	42	39	24	27	33	7	39	40	
40	23	2	21	35	42	18	4	43	29	29	44	41	45	8	12	40	46	1	15	49	19	47	39	6	18	13	33	24	2	20	11	22	19	31	7	9	47	10	50	25	33	48	13	26	3	23	16	14	23	
30	38	41	22	26	44	39	36	27	10	38	44	20	9	12	48	11	19	42	17	16	15	47	7	27	23	4	47	37	45	19	14	31	13	35	4	1	21	40	27	32	24	28	49	32	29	46	40	50	43	
6	10	48	2	14	22	24	16	19	8	9	35	19	38	42	3	40	42	23	26	16	50	1	33	46	29	11	37	18	5	21	21	13	15	23	25	35	44	40	2	49	49	36	17	34	24	20	22	15	39	
46	28	36	45	10	29	21	20	15	39	22	33	9	33	47	30	8	31	22	48	32	18	43	12	34	24	35	48	44	48	37	40	25	17	38	41	49	1	3	8	42	23	40	50	4	1	24	11	13	2	
6	39	11	46	48	43	20	33	38	11	28	20	49	2	34	27	34	29	30	34	36	14	5	21	9	6	2	31	15	12	23	18	1	32	13	46	22	35	26	7	40	3	37	36	8	8	10	34	41	37	
17	15	50	19	33	4	25	34	33	40	46	4	6	44	33	16	41	4	45	18	10	33	15	34	20	17	39	26	49	21	11	15	32	5	34	14	8	8	47	39	48	38	40	1	29	22	12	23	25	7	
31	32	36	42	15	2	7	1	25	5	20	34	19	3	37	50	14	48	5	8	31	49	44	22	44	26	41	4	38	13	6	16	44	39	9	7	43	12	7	17	14	27	45	33	25	35	30	37	23	36	
43	1	32	34	18	24	6	6	26	41	18	28	5	10	17	9	14	4	19	18	20	32	42	8	12	17	37	44	3	7	25	43	11	5	27	23	26	30	29	48	22	46	25	31	13	41	35	21	45	46	
32	8	25	23	16	36	37	50	27	38	6	49	29	11	1	3	35	26	32	10	24	3	5	48	19	7	38	2	19	30	41	4	39	18	21	1	5	7	9	25	44	3	22	20	12	28	22	45	47	13	
2	18	48	6	13	14	9	48	12	28	28	50	27	13	15	47	11	11	2	16	33	43	10	4	12	21	25	32	17	19	30	14	37	25	20	46	39	26	44	49	1	22	45	29	31	5	23	41	16	24	
48	48	13	5	1	25	26	23	4	36	42	31	50	27	6	15	21	44	38	12	40	39	30	32	14	10	43	31	1	49	2	45	47	19	47	2	34	22	18	35	6	7	16	3	33	21	17	49	20	4	
10	49	40	39	31	1	46	13	32	41	12	31	33	6	43	30	50	22	49	20	6	4	21	19	6	2	37	23	48	48	26	8	44	11	44	23	14	40	36	39	30	45	17	15	50	7	40	3	25	37	
12	31	40	33	47	43	29	34	13	27	29	32	32	24	40	25	45	49	14	28	35	41	20	1	50	22	5	37	16	34	20	30	7	9	6	4	50	36	35	10	11	13	42	40	35	37	15	28	38	24	
3	11	12	23	17	10	41	14	44	4	39	13	30	43	20	36	44	18	20	29	26	28	40	14	21	23	45	34	50	22	49	2	26	24	22	33	16	15	46	9	16	31	20	47	21	38	29	19	6	48	
41	28	21	29	39	37	1	31	16	50	46	11	49	22	17	23	3	33	31	44	39	45	22	10	37	42	42	13	4	44	7	43	20	26	24	7	12	19	36	25	17	34	32	14	49	46	36	49	28	12	
42	16	6	11	20	40	1	12	3	3	4	8	45	21	35	13	26	41	31	14	15	46	38	43	7	36	44	39	33	10	50	22	22	25	33	47	43	31	1	45	34	3	2	27	22	32	37	48	24	17	
4	33	10	41	20	17	23	2	5	6	9	3	25	31	5	7	20	45	34	20	39	16	22	36	41	40	17	28	35	38	42	36	18	1	26	37	19	47	36	24	48	48	19	30	27	21	25	44	15	8	
11	2	21	30	36	11	19	50	37	1	40	27	35	3	28	8	38	42	3	23	8	5	17	26	22	39	46	43	30	9	48	41	8	29	17	44	27	34	45	12	33	39	47	16	28	13	24	14	3	25	
34	9	22	50	32	41	36	26	30	15	33	25	2	39	45	19	28	16	50	21	27	31	43	13	47	20	24	18	34	24	40	13	35	11	14	12	48	48	37	27	23	17	49	12	5	39	29	32	4	27	
49	29	6	38	40	50	6	15	17	35	35	4	47	14	16	7	25	10	5	9	37	13	26	33	24	28	21	2	11	31	26	6	3	33	42	40	36	45	1	44	29	41	48	32	48	12	28	20	19	30	
27	3	42	2	38	12	30	4	18	37	29	36	39	28	17	31	16	44	24	22	38	1	48	34	22	41	42	49	9	10	32	36	11	35	35	45	26	12	50	40	46	25	21	34	2	35	13	13	33	34	
28	14	32	24	46	2	15	35	49	22	42	21	5	4	38	38	43	8	47	40	44	41	11	12	23	7	48	33	20	25	14	50	33	44	19	24	45	32	8	42	50	1	11	5	3	2	41	6	7	9	
29	42	26	38	3	48	44	44	28	11	15	43	7	42	33	21	16	27	49	21	17	6	20	23	1	25	16	40	8	15	31	36	9	46	22	10	41	14	4	19	24	10	12	26	18	40	47	15	30	42	
35	26	39	3	48	38	17	18	23	24	26	45	7	32	39	28	37	29	36	33	45	8	46	2	33	43	39	29	3	50	15	42	25	4	35	21	38	5	32	11	22	9	1	34	35	40	50	25	16	41	
49	12	43	38	9	24	28	46	47	28	45	12	14	18	13	47	42	50	46	24	7	17	21	11	44	5	49	42	21	8	27	18	15	18	10	23	2	31	19	37	20	11	3	19	32	16	25	11	22	8	
25	12	27	47	19	15	47	9	6	16	17	37	31	30	48	39	50	36	18	16	22	21	28	18	38	49	25	50	9	32	7	33	41	34	29	8	44	23	14	46	34	35	26	12	4	24	48	2	10	11	
18	30	30	40	43	16	38	15	20	42	42	19	22	33	44	44	46	34	12	47	30	48	22	5	4	25	26	1	25	35	8	40	6	37	27	50	50	13	9	14	3	50	27	22	36	23	21	15	4	28	
9	31	17	30	41	20	3	10	18	26	43	26	16	43	11	40	36	12	2	44	19	2	45	45	25	27	15	36	35	18	12	44	45	28	30	28	46	23	38	10	50	33	33	13	13	47	49	48	1	48	
44	17	47	35	10	18	3	24	7	35	41	15	28	34	39	47	12	31	20	45	43	22	14	25	21	30	11	19	23	10	16	10	26	11	40	36	29	42	5	31	24	49	46	1	21	30	48	33	8	27	
21	47	22	36	22	45	8	28	9	31	35	20	37	9	30	24	44	6	14	43	34	37	32	25	39	50	7	28	27	11	37	46	5	10	28	20	47	33	45	4	12	30	23	41	38	14	12	29	5	26	
15	39	14	43	11	42	42	12	21	19	20	5	11	26	8	37	41	13	22	35	5	24	12	27	12	45	25	25	17	29	46	29	16	5	28	25	47	12	39	13	31	4	16	40	22	30	32	12	34	44	
45	34	12	4	4	26	49	29	46	13	7	42	43	17	46	11	47	38	20	25	1	46	27	16	32	45	36	6	5	11	44	48	40	2	50	39	28	3	15	18	8	17	9	46	37	1	14	30	38	22	
43	40	18	16	2	46	8	37	48	12	47	37	8	30	49	4	16	14	6	28	28	9	44	38	48	31	37	3	46	24	23	39	10	37	1	10	33	9	7	26	18	36	13	25	15	50	27	29	11	23	
7	36	25	1	20	27	32	4	22	17	25	46	3	35	28	5	48	5	9	34	30	27	19	39	49	33	38	24	10	41	45	15	25	31	14	42	37	39	43	8	2	16	47	4	47	24	6	40	28	12	
21	5	38	37	42	35	17	25	6	33	15	48	40	37	14	1	27	2	35	30	3	34	36	49	36	32	22	39	19	47	4	34	50	41	39	39	20	37	16	24	10	26	24	47	17	43	45	46	29	31	
5	31	9	48	29	49	16	3	29	32	44	26	15	40	11	33	28	28	17	39	2	26	18	19	27	24	50	14	9	36	38	13	8	44	4	43	36	24	33	15	43	30	34	7	11	44	39	39	21	4	
26	19	27	49	44	44	10	36	8	18	12	47	32	19	50	27	4	18	39	36	27	33	5	14	37	15	2	21	2	21	28	26	38	48	10	22	42	25	6	43	35	15	40	12	41	20	1	31	30	29	
14	6	3	16	21	39	28	17	7	34	36	28	4	20	23	18	49	15	27	40	5	10	7	32	26	33	47	3	13	28	26	24	27	30	41	42	11	15	8	15	45	40	42	42	6	19	2	42	32	33	
32	22	35	7	1	3	27	44	10	26	16	29	49	42	3	41	31	13	4	37	28	47	21	17	33	34	30	38	18	1	9	49	21	39	32	24	41	46	11	45	17	28	20	18	19	22	50	5	35	6	
36	10	44	48	27	18	22	2	50	43	50	2	34	19	3	9	1	30	50	46	21	20	23	39	28	32	9	28	26	41	33	48	4	12	45	23	25	14	24	20	5	22	29	31	39	8	39	35	37	38	
19	4	5	8	45	28	13	47	3	44	48	25	36	33	32	26	3	17	40	25	25	36	50	46	14	35	1	7	6	33	35	20	29	35	2	16	10	11	9	22	9	12	35	37	24	18	3	25	27	33	
49	43	18	9	34	29	33	30	31	24	8	16	40	41	44	45	2	1	46	13	11	40	2	47	15	24	10	9	7	27	3	44	23	6	34	18	34	17	32	11	28	36	35	19	20	13	4	27	13	5	
37	22	45	27	16	5	50	22	4	46	46	6	38	12	2	22	9	28	26	34	47	3	25	5	29	44	17	30	5	39	18	31	48	3	7	12	4	4	33	1	14	42	40	36	36	41	5	43	35	32	
39	46	33	42	4	6	25	19	24	45	49	36	10	36	38	14	7	35	14	27	38	11	2	28	42	31	8	46	22	15	25	47	8	40	35	9	3	16	20	19	37	6	5	43	44	48	18	34	23	21	
