12	5	29	23	15	29	43	14	16	2	16	30	50	44	29	42	28	12	22	15	13	38	39	43	17	48	9	43	31	48	40	49	46	37	42	36	13	34	47	28	33	12	4	33	3	30	24	28	41	43	
42	2	30	29	43	44	24	49	37	4	47	23	2	45	7	41	25	19	26	21	44	5	30	48	34	30	27	6	8	15	47	50	14	24	28	9	16	46	3	10	1	11	22	12	38	31	36	13	17	18	
28	37	9	7	31	42	34	5	47	38	19	41	32	30	15	2	36	30	46	36	29	43	35	48	39	20	24	21	28	17	26	3	3	33	9	40	23	40	44	17	25	1	8	7	45	22	8	14	1	4	
49	27	43	30	24	28	48	48	46	23	12	19	25	12	50	31	42	26	20	29	39	44	27	45	48	5	15	4	18	13	4	16	40	47	1	11	21	41	8	17	12	22	33	34	28	35	14	19	3	31	
45	39	23	20	33	18	24	47	21	40	8	23	5	46	16	50	4	35	37	9	49	49	25	31	30	2	11	42	21	14	22	13	2	43	32	32	10	4	28	28	44	33	48	45	27	14	1	34	6	29	
37	42	25	11	22	4	13	31	45	33	43	15	43	47	6	23	23	14	26	49	39	16	31	36	10	5	48	2	34	42	28	19	35	2	29	3	5	39	33	50	20	24	12	17	18	21	34	38	26	7	
33	14	22	12	47	29	16	44	30	48	33	7	15	14	8	41	17	9	31	44	6	46	18	15	11	28	27	40	13	2	44	43	13	19	4	10	43	20	5	21	15	34	25	29	49	31	23	9	39	43	
50	42	38	16	6	44	41	30	31	1	32	24	44	48	38	47	1	29	16	2	49	33	34	21	5	29	3	21	36	37	13	35	28	1	49	31	42	37	11	23	39	40	44	43	31	45	25	46	8	9	
32	4	16	13	24	20	42	23	40	25	9	1	7	35	2	5	14	40	41	22	12	25	10	6	3	39	33	27	18	43	14	47	41	30	10	15	48	49	36	35	24	43	37	28	26	33	31	37	29	19	
8	32	42	15	35	44	3	17	20	18	4	31	15	49	8	22	7	5	18	41	39	40	31	23	14	5	6	45	39	24	11	46	9	2	10	39	43	9	12	13	27	16	41	44	49	48	8	19	2	25	
42	38	12	22	10	25	24	13	17	10	36	28	6	38	27	12	26	18	21	30	31	45	32	15	32	29	11	39	30	11	11	23	48	22	40	7	47	14	17	16	21	50	41	24	35	19	37	9	33	2	
34	4	46	14	19	25	40	29	12	20	38	22	38	33	44	26	40	41	36	4	50	4	3	38	27	37	1	9	45	27	15	25	30	6	36	47	30	23	24	39	42	10	11	28	43	4	2	29	48	36	
30	40	38	31	25	14	15	22	23	8	46	31	33	26	36	15	21	13	35	43	2	27	50	10	50	41	11	1	16	3	33	45	38	20	34	11	32	39	37	2	47	26	39	29	49	17	33	18	25	24	
7	26	41	6	33	40	43	43	37	9	41	18	50	27	37	24	37	16	10	14	17	1	37	49	21	33	12	3	50	35	19	4	8	8	11	42	46	2	33	30	5	25	47	4	13	34	28	36	15	38	
45	15	32	32	11	50	12	21	1	9	5	20	13	10	25	20	2	18	17	33	48	21	4	44	22	1	26	47	32	23	28	27	35	9	5	43	6	17	14	6	28	13	24	37	23	46	4	29	11	30	
2	8	40	3	50	10	1	22	6	32	41	31	9	25	37	11	16	43	24	26	46	47	37	19	31	12	12	35	28	22	4	28	29	42	30	25	7	33	48	5	10	38	33	15	14	19	27	22	13	49	
46	5	44	32	21	23	38	33	5	13	1	6	38	28	45	16	2	47	44	48	47	2	30	27	14	36	49	36	9	2	31	7	6	22	32	26	41	17	5	3	29	8	50	17	34	4	35	37	37	39	
27	31	21	6	7	34	42	50	19	47	1	48	49	4	16	28	29	6	44	31	1	22	35	2	36	15	39	16	45	26	37	21	10	8	25	11	40	14	13	6	9	10	3	5	13	18	31	41	23	32	
17	18	43	1	12	27	14	1	41	8	24	26	26	29	31	48	37	17	9	46	22	16	5	22	19	13	37	49	2	5	20	21	22	11	16	32	37	28	33	25	32	6	48	7	36	28	3	18	43	11	
11	14	26	14	36	43	26	24	40	27	27	8	39	46	17	2	30	1	26	6	24	7	12	22	12	40	47	12	4	41	20	14	50	44	25	35	37	49	9	24	21	29	28	7	23	49	10	48	41	34	
2	16	39	10	33	48	49	32	9	3	15	26	12	14	18	35	47	2	33	49	23	1	27	50	7	46	42	13	42	34	45	44	44	36	5	26	30	1	4	37	48	17	9	8	28	26	41	22	31	21	
20	47	21	44	45	26	39	34	38	29	14	32	22	8	12	22	31	39	18	35	24	15	46	31	23	21	6	10	42	31	27	9	25	46	2	19	19	40	3	4	17	28	36	36	30	43	5	4	37	21	
34	1	33	27	29	49	48	35	5	37	13	32	46	37	26	3	6	44	33	8	46	50	21	30	34	45	22	36	45	4	6	28	49	38	2	31	34	49	15	38	40	22	17	32	8	39	25	11	31	10	
16	25	4	37	3	36	28	22	22	22	20	27	47	19	11	46	46	42	45	5	30	28	24	44	6	29	34	28	40	12	33	3	39	35	41	36	26	18	7	43	35	31	14	29	44	23	29	49	21	17	
38	41	44	9	33	47	37	15	24	26	23	3	27	6	37	17	39	4	29	43	42	11	15	5	40	7	25	14	38	36	30	31	27	21	31	12	15	16	19	36	43	41	44	18	44	28	28	32	25	8	
25	16	14	37	18	1	42	40	14	28	25	42	48	49	9	26	5	23	41	24	7	28	13	40	41	5	16	17	35	34	21	7	47	32	43	20	33	32	2	44	10	26	32	4	22	41	30	25	11	18	
47	17	45	8	5	34	11	14	49	43	48	14	49	42	46	44	1	23	23	50	16	28	26	3	30	4	33	7	16	6	24	12	6	15	16	13	47	25	23	2	16	18	9	12	10	20	19	21	22	27	
6	34	47	26	26	30	18	9	31	31	2	2	40	5	14	5	15	10	26	37	2	41	2	7	1	8	4	1	17	22	23	18	3	15	44	28	38	11	39	17	45	35	18	27	40	32	28	12	39	13	
36	38	48	38	44	39	43	45	42	5	13	9	23	15	22	14	41	10	25	24	26	4	7	41	28	44	19	8	46	10	3	30	43	40	15	33	28	12	27	18	10	37	20	31	50	41	47	40	49	10	
11	21	12	17	9	38	10	26	40	6	30	40	32	20	29	44	3	7	49	27	19	9	14	39	36	11	26	28	47	22	34	8	40	45	24	47	35	32	22	20	36	1	13	12	25	37	4	23	42	5	
48	6	8	7	40	44	17	14	25	13	35	3	18	22	48	43	18	28	21	39	47	3	38	3	12	9	37	14	26	27	13	20	31	21	33	21	14	40	29	32	2	13	33	19	32	30	7	50	3	36	
38	49	24	25	1	35	28	38	48	7	11	10	18	36	28	45	8	38	30	29	18	27	40	4	45	22	24	50	20	27	29	5	25	46	26	24	27	3	9	19	2	21	23	33	2	47	8	6	32	37	
31	48	13	18	46	5	44	19	2	5	45	23	8	18	20	32	39	38	34	47	5	35	13	24	50	14	21	6	22	1	40	6	49	50	12	41	5	4	10	4	3	49	26	7	15	38	39	2	25	19	
48	28	50	10	48	49	23	16	2	39	15	43	29	11	41	40	49	43	38	3	4	32	1	21	37	14	7	22	15	28	42	10	4	5	19	1	36	42	17	45	26	30	26	6	36	24	44	33	8	31	
35	1	3	34	19	41	46	24	10	11	6	47	18	2	34	36	50	20	25	15	3	48	41	26	1	27	41	43	7	49	12	40	44	14	22	16	1	19	35	8	24	39	5	42	37	34	32	34	4	23	
1	3	45	39	28	43	19	18	32	18	10	43	11	4	5	26	20	2	42	48	8	14	31	9	2	16	43	22	48	41	17	41	41	12	25	22	1	36	34	32	4	40	27	5	46	25	33	7	26	26	
3	31	34	30	38	33	43	27	4	41	18	21	28	7	30	1	22	31	39	10	8	36	42	28	43	32	2	15	35	25	35	37	5	17	20	43	49	7	23	6	46	44	16	26	38	50	15	24	19	11	
13	23	31	50	1	16	32	50	33	16	25	12	50	34	29	15	19	23	27	34	21	10	15	35	23	3	26	38	11	41	36	17	13	18	16	14	28	44	9	7	9	41	17	9	20	43	22	26	13	40	
9	32	49	23	16	14	25	39	1	34	29	34	1	39	47	12	50	21	5	7	24	13	41	38	18	46	28	33	21	40	17	32	22	7	50	34	20	22	26	18	6	48	2	48	42	3	7	35	14	9	
39	35	20	28	23	37	19	48	18	38	40	33	14	9	38	13	43	6	47	8	25	33	6	22	32	42	15	41	24	29	46	10	11	16	36	30	45	50	31	12	37	15	41	49	10	44	17	46	34	1	
3	7	25	5	25	2	47	39	36	17	14	29	25	21	39	7	9	33	6	19	43	42	25	32	36	34	8	44	29	38	33	48	41	5	35	16	11	27	4	40	49	16	18	16	1	3	20	45	34	28	
4	23	15	25	8	46	7	10	39	35	49	21	16	36	32	6	1	30	19	2	20	9	17	37	24	1	35	48	33	18	14	31	42	23	4	44	18	13	50	4	11	45	25	3	29	2	45	27	28	13	
29	43	27	41	27	45	39	11	29	19	27	39	2	17	10	3	12	25	12	13	29	6	49	1	4	26	50	46	2	28	9	33	14	31	18	38	15	5	46	42	24	23	30	23	40	35	34	40	16	35	
45	36	32	42	37	33	20	31	29	16	50	35	44	12	10	10	48	21	13	44	11	35	15	35	8	46	23	25	38	27	6	28	17	36	21	45	18	33	30	46	7	22	31	47	32	40	49	28	7	14	
18	14	1	29	49	3	26	20	22	10	42	25	35	3	13	2	11	32	34	23	21	34	40	8	21	19	37	24	45	44	25	15	6	27	38	1	17	21	16	32	22	7	7	50	7	14	50	2	45	32	
19	12	17	21	10	32	24	46	50	18	37	22	30	38	40	18	38	49	28	11	33	39	8	34	35	23	5	33	14	42	16	30	45	22	47	2	3	7	44	1	22	27	29	48	24	4	13	49	9	41	
50	29	17	19	13	50	21	2	30	30	35	44	9	31	12	49	27	15	47	20	11	17	46	28	14	10	31	23	6	30	5	11	5	24	8	11	22	24	18	48	12	46	36	14	21	1	50	3	9	45	
21	19	10	12	2	24	18	25	3	22	7	49	26	7	23	31	18	31	4	26	27	5	20	11	13	38	14	10	37	16	4	1	33	13	9	29	34	30	1	28	44	5	32	15	8	35	43	19	35	45	
42	44	49	24	2	9	50	7	17	36	20	34	28	3	33	37	28	12	11	28	38	8	27	13	15	34	45	18	50	19	1	42	46	48	2	49	4	47	6	20	30	23	40	2	31	16	46	5	27	43	
24	11	2	4	17	4	31	7	13	42	16	36	34	18	5	21	10	8	15	2	28	37	22	12	34	44	29	18	41	45	7	26	19	49	14	23	48	43	24	9	20	47	35	39	39	27	9	40	19	33	
