24	14	6	49	3	50	18	15	10	37	27	42	47	14	19	24	43	43	17	3	4	13	50	7	17	22	49	30	16	48	49	39	38	10	20	5	9	31	17	21	17	44	5	23	5	25	35	48	26	49	
48	17	11	47	22	25	19	20	4	32	15	1	20	50	10	36	5	16	14	21	29	31	12	33	42	18	6	24	10	23	26	7	34	30	1	8	5	27	28	9	49	37	13	35	38	13	2	39	40	41	
5	4	42	12	37	33	24	38	6	33	7	25	39	37	3	38	41	5	8	11	8	2	45	12	17	28	22	17	14	48	29	16	1	20	27	35	50	49	23	6	31	27	30	16	13	32	1	9	30	10	
10	36	1	4	47	17	29	18	31	40	15	7	3	14	24	28	48	23	26	18	27	4	43	2	19	5	27	20	6	8	19	13	42	17	15	36	34	41	1	12	28	16	16	32	27	39	9	22	21	33	
38	37	34	30	36	1	32	13	17	36	19	33	46	8	50	8	42	31	46	41	40	23	4	6	3	30	44	8	2	3	39	37	43	22	16	24	22	45	35	47	48	5	20	25	7	16	29	46	49	24	
37	35	44	40	38	45	18	32	2	15	34	38	1	21	9	14	42	28	10	26	13	36	25	29	7	30	46	33	27	39	4	11	22	47	49	9	41	14	42	41	43	20	28	31	40	48	37	50	11	3	
3	21	26	27	50	32	4	43	14	29	30	17	38	49	11	35	6	2	48	43	41	24	12	18	47	49	1	34	28	8	31	28	33	1	5	36	37	7	18	42	34	8	9	19	44	15	10	12	16	13	
37	3	20	46	17	16	45	14	49	20	21	22	47	1	20	48	23	49	2	40	39	35	34	41	2	26	6	4	21	19	48	8	20	18	3	37	31	45	50	27	12	18	5	6	16	24	1	38	15	2	
26	1	35	10	42	36	33	45	35	3	11	33	8	30	47	8	14	27	2	12	4	15	28	50	16	43	17	14	29	31	18	4	32	48	13	17	38	44	11	19	41	21	47	49	2	43	5	12	20	6	
22	21	12	49	18	25	40	32	38	15	9	2	18	34	47	25	50	27	13	10	42	4	30	35	49	28	27	3	39	44	3	14	14	15	7	31	37	46	11	23	9	17	24	24	1	19	47	5	41	9	
6	29	10	35	13	8	11	40	7	47	33	10	5	45	22	9	25	12	50	33	28	8	49	48	29	1	13	23	44	3	30	49	36	36	32	44	42	40	31	48	37	14	5	41	8	26	46	30	34	2	
11	5	1	9	2	28	5	16	50	46	15	26	43	46	12	22	37	1	11	18	48	47	29	50	34	36	23	27	13	2	24	25	6	31	30	7	49	32	17	3	27	33	21	20	35	30	40	10	30	4	
25	26	45	3	25	27	36	48	1	47	47	21	17	2	43	46	4	38	28	18	34	2	50	5	18	19	30	6	27	9	3	49	34	44	2	10	18	37	4	20	33	50	39	50	8	29	43	7	14	18	
16	45	19	11	46	34	28	24	39	2	30	43	50	12	35	1	18	1	36	20	15	17	16	3	13	12	25	4	9	37	21	24	29	37	33	22	23	10	44	9	14	26	48	8	31	30	7	46	32	42	
14	44	5	27	43	16	38	14	19	47	49	37	18	24	23	50	45	40	7	35	46	15	6	43	25	33	23	29	27	1	18	41	47	26	15	34	37	2	45	4	46	42	39	12	15	9	9	8	47	16	
42	42	30	44	33	2	24	3	28	50	2	45	38	41	15	2	22	49	1	16	2	48	7	38	6	18	47	14	25	43	32	14	31	7	8	10	10	28	12	34	29	12	26	15	4	38	17	23	37	14	
38	38	8	42	21	13	9	15	27	33	3	3	44	31	9	2	40	13	29	2	45	3	14	17	15	12	5	30	35	39	41	20	23	49	11	43	16	18	5	37	50	6	46	47	35	1	41	25	8	19	
27	1	16	34	16	30	45	21	7	28	8	48	47	29	46	5	18	4	22	23	43	20	25	31	11	7	21	1	29	32	15	50	27	33	33	40	8	26	9	12	2	14	10	46	41	3	6	13	12	24	
28	46	39	47	19	49	2	41	48	30	15	10	31	40	37	10	29	42	35	36	4	33	1	10	32	37	12	26	43	17	46	15	11	32	14	28	44	12	16	38	39	34	45	18	16	21	26	47	13	8	
29	14	40	26	23	18	12	34	41	3	48	34	16	5	16	24	30	46	33	44	21	22	20	8	37	35	23	13	28	36	25	5	49	9	31	17	27	42	50	15	45	46	47	6	50	11	28	30	4	10	
21	24	31	40	26	18	25	47	29	49	32	46	1	23	4	30	39	26	18	36	38	6	31	34	10	29	45	37	7	48	48	27	19	25	17	43	40	34	41	16	30	15	12	33	37	14	8	28	37	35	
9	25	29	37	6	38	13	47	24	18	42	18	41	9	44	3	1	32	36	39	46	16	5	5	45	40	16	2	10	4	22	16	26	7	1	30	38	14	24	11	34	16	27	19	28	14	20	22	43	12	
8	35	18	8	40	11	45	5	10	4	7	31	19	32	29	14	7	15	25	30	22	3	43	46	19	14	9	38	35	49	41	42	32	10	47	21	17	43	24	24	44	28	2	13	12	33	23	16	43	45	
41	12	41	33	7	9	44	17	47	28	10	35	17	39	40	13	8	4	3	31	27	42	11	27	46	14	14	10	26	45	50	18	15	40	48	10	1	38	20	43	14	29	25	28	15	16	39	24	19	49	
50	42	28	8	16	22	21	18	30	44	12	27	9	15	16	4	22	10	37	41	1	50	17	22	29	31	36	18	49	1	3	49	40	32	4	6	49	23	21	33	19	31	7	21	45	17	24	15	25	6	
5	27	6	20	46	31	47	29	44	43	27	49	39	16	25	42	17	20	15	38	50	28	18	1	45	10	13	14	24	40	19	30	8	22	46	2	3	40	32	44	35	4	37	21	22	12	11	33	28	23	
18	22	47	35	20	41	43	28	2	14	13	19	40	19	42	33	18	39	20	45	29	5	47	15	21	11	21	31	43	46	50	9	17	50	41	32	33	34	10	35	45	23	2	36	37	40	16	4	27	38	
47	5	33	41	17	3	1	35	32	42	30	28	50	46	21	40	26	5	23	33	36	15	2	36	48	36	24	8	37	49	43	32	4	20	22	18	20	21	6	48	10	32	29	9	24	44	46	49	42	14	
31	28	26	29	9	20	14	32	25	49	35	12	30	29	32	49	44	49	19	43	47	26	22	16	32	45	4	28	46	50	40	23	18	17	50	27	34	13	7	8	11	36	20	37	10	2	33	2	48	50	
45	40	25	16	3	7	11	6	32	5	1	20	21	18	32	19	42	17	28	47	23	35	31	40	22	36	38	9	38	33	48	32	21	24	43	26	28	1	29	6	3	26	34	21	42	7	39	35	30	27	
28	39	48	5	28	16	41	19	15	25	44	12	4	14	33	45	34	8	46	10	14	49	33	36	20	24	39	7	11	8	16	32	50	9	37	22	26	29	34	40	1	30	3	2	39	27	43	23	35	38	
30	44	32	12	27	42	34	15	40	38	20	3	19	17	9	6	37	33	26	19	14	25	46	10	22	37	39	14	4	18	49	31	9	28	40	41	17	24	48	6	13	17	8	28	36	12	44	14	39	5	
32	6	27	28	12	46	7	49	8	8	14	6	36	19	30	26	2	46	47	48	3	6	13	3	31	42	13	10	4	5	12	35	1	38	9	15	33	13	18	39	20	22	42	4	34	23	27	37	17	25	
28	15	25	38	14	6	28	25	13	31	23	24	13	22	7	20	31	41	32	35	26	50	48	19	3	34	35	36	12	48	1	35	10	23	21	21	29	3	42	44	26	18	11	38	33	13	27	13	2	37	
46	24	36	42	39	36	20	21	12	26	18	9	10	25	29	29	47	4	24	37	39	1	48	43	38	28	7	40	40	6	27	33	28	11	23	14	44	48	34	3	15	49	10	30	32	41	3	17	40	31	
1	30	21	48	19	5	23	26	43	10	27	18	41	3	27	13	15	19	2	46	20	15	42	26	39	16	13	41	31	50	7	27	35	27	24	44	32	44	22	25	3	45	38	43	40	11	4	1	28	3	
45	43	17	36	24	3	48	30	36	27	29	43	2	2	20	21	45	45	12	9	16	14	47	4	4	38	15	6	34	35	8	26	27	23	10	43	25	11	20	13	28	47	50	39	48	18	49	41	22	7	
49	26	22	42	25	19	25	36	21	8	18	29	33	44	48	42	35	20	46	4	28	27	50	28	50	46	41	39	36	2	42	32	24	6	23	47	21	1	30	42	5	3	18	33	43	15	26	20	38	18	
23	10	38	21	36	35	16	24	20	1	22	9	32	45	14	7	38	36	49	16	24	47	15	41	30	45	3	50	17	35	28	34	44	1	4	29	39	17	2	5	15	25	7	45	18	31	45	6	8	40	
18	31	35	25	15	13	17	12	11	30	50	23	12	38	23	16	19	3	30	22	2	44	36	9	38	4	20	30	5	21	19	24	41	8	42	50	14	28	12	26	39	6	49	45	46	17	13	8	18	37	
33	14	37	6	18	21	5	37	45	7	5	11	22	43	16	11	46	25	17	2	46	8	7	39	44	47	3	12	4	20	34	22	48	12	28	49	25	30	36	17	34	38	31	3	29	40	14	26	23	32	
34	7	26	31	44	18	26	46	18	24	16	1	48	44	13	23	40	35	4	24	5	30	8	26	33	36	19	43	15	20	20	28	25	45	50	14	11	22	8	29	47	19	32	40	11	36	8	1	17	9	
21	16	41	28	45	14	13	50	5	15	24	30	39	42	14	38	3	24	9	13	48	7	25	21	39	39	6	46	32	22	49	2	34	34	27	23	43	38	19	45	4	35	17	40	20	28	31	19	1	33	
35	45	43	2	15	23	37	18	16	17	37	13	15	20	45	42	38	44	29	5	30	30	33	47	24	3	21	44	22	15	36	44	12	10	1	24	46	39	40	48	40	27	3	7	43	49	43	29	31	26	
36	8	49	13	48	16	15	22	9	30	25	33	24	33	40	17	4	18	38	43	10	29	18	11	27	8	16	19	40	34	44	21	37	35	26	28	47	36	39	3	23	10	41	42	3	25	50	46	41	43	
38	48	10	7	8	37	10	13	3	45	43	38	7	26	28	32	49	17	20	34	17	30	44	2	14	41	25	15	28	16	45	19	12	4	15	25	38	33	30	46	18	24	27	22	40	47	50	36	11	17	
19	27	46	10	29	6	42	1	17	16	15	14	27	24	17	39	41	47	9	24	36	21	35	12	42	23	8	39	18	12	5	26	45	47	34	13	2	25	15	16	36	23	28	26	48	37	22	35	33	11	
2	13	50	39	23	24	6	26	22	12	38	5	37	27	1	18	36	7	40	46	19	20	21	36	35	11	26	28	45	47	33	46	14	16	28	42	19	4	5	30	8	41	25	29	13	34	44	48	22	44	
41	34	49	14	30	27	22	37	1	9	27	32	3	35	34	31	11	1	16	15	25	10	3	44	36	17	13	42	11	38	1	1	15	2	6	31	24	19	21	24	26	40	4	26	23	43	12	45	39	18	
44	9	13	46	49	43	8	4	23	18	37	15	20	49	18	27	29	34	39	40	6	9	32	5	40	48	42	35	30	23	45	22	46	6	19	16	47	21	25	10	38	2	33	50	5	27	36	26	24	50	
