35	24	20	8	15	1	29	21	13	15	30	16	21	6	19	26	19	27	26	2	10	22	25	8	33	8	23	16	4	2	3	32	3	31	12	
14	6	15	32	17	27	23	30	22	3	23	24	31	11	10	29	33	7	28	13	14	12	33	34	25	35	2	19	16	8	5	21	18	18	1	
1	19	25	6	16	26	26	35	31	12	20	22	5	24	13	15	35	21	22	3	7	29	2	23	2	17	26	32	25	18	34	35	11	27	4	
24	22	27	34	15	2	16	35	15	14	22	28	23	5	23	25	9	15	33	7	26	13	7	20	12	34	29	9	8	25	30	6	9	11	2	
33	9	27	7	34	3	26	22	23	5	19	8	24	8	16	28	31	4	9	27	24	6	17	7	21	10	30	25	29	35	35	1	20	24	2	
12	24	34	8	10	14	25	27	35	7	17	2	1	18	8	1	3	10	15	8	5	28	31	29	24	5	4	15	32	23	26	6	21	33	30	
5	8	22	30	5	28	21	16	25	1	21	35	13	5	12	18	7	14	24	9	12	3	19	24	31	4	22	34	34	17	32	2	33	16	6	
12	5	24	25	4	22	20	1	10	22	23	25	3	12	23	21	19	23	2	6	29	15	2	7	11	15	31	26	27	10	28	31	30	32	30	
26	20	12	24	27	8	21	28	8	29	13	30	10	10	2	13	1	31	12	14	12	4	6	31	22	15	31	33	34	19	17	35	34	3	5	
1	10	16	25	13	6	11	14	17	30	25	35	7	15	21	19	23	31	18	16	27	5	21	12	13	1	3	10	9	3	20	7	8	30	29	
31	33	14	9	21	7	6	18	9	17	14	23	2	7	15	28	8	28	11	29	3	21	30	22	4	6	1	10	24	5	11	19	35	25	33	
30	3	1	23	22	28	34	5	4	15	28	29	19	17	15	10	29	11	1	25	11	16	35	28	2	6	1	31	12	32	24	4	13	34	26	
29	24	32	8	25	10	33	29	26	25	18	33	28	25	9	16	34	34	27	23	35	25	1	24	11	5	21	24	11	17	31	3	15	17	8	
3	25	15	29	25	4	9	32	28	8	15	18	15	13	5	35	18	6	7	4	12	10	35	11	17	14	31	16	27	22	33	4	23	11	19	
8	22	26	14	12	30	26	4	7	11	7	17	27	20	20	31	10	2	2	15	16	14	9	7	18	4	5	21	22	22	23	13	7	19	16	
28	11	16	31	15	25	12	5	14	28	22	16	32	21	17	9	12	5	26	16	16	7	27	6	29	13	23	30	28	4	4	18	24	34	23	
1	16	30	3	28	33	34	6	27	31	21	11	3	32	11	34	12	13	18	17	1	4	10	35	29	23	14	22	15	7	8	19	19	33	9	
7	28	27	22	30	18	15	3	19	9	23	10	29	34	1	3	11	2	23	5	5	20	15	25	26	28	27	6	8	2	34	31	2	35	21	
29	17	35	6	9	17	27	27	8	34	3	20	4	14	5	22	17	23	30	3	21	24	5	1	3	2	10	25	13	7	25	15	32	17	31	
15	8	31	17	13	29	17	8	28	6	10	20	20	5	14	32	35	8	34	1	20	9	6	21	16	22	3	4	30	33	30	7	34	23	32	
10	12	23	15	14	31	35	33	9	13	17	1	11	2	7	19	17	16	34	34	4	18	3	2	27	25	6	2	5	26	19	20	22	21	24	
33	18	2	2	23	25	30	31	10	25	1	26	16	21	34	24	19	29	32	30	11	31	4	9	27	3	14	7	19	28	10	14	19	22	25	
16	8	17	10	27	19	18	15	6	2	23	31	30	22	22	23	20	16	35	4	5	27	13	20	8	16	28	31	33	11	18	9	29	9	32	
18	34	19	7	2	18	28	4	24	14	26	8	33	14	3	6	16	8	16	10	9	6	7	4	1	20	32	23	22	12	21	14	14	5	22	
18	21	21	19	3	32	5	20	1	28	29	25	6	30	29	14	32	33	31	6	8	17	8	2	1	16	19	13	35	18	7	11	9	1	10	
21	7	28	14	18	9	6	34	25	32	21	13	3	29	33	18	14	12	35	22	22	25	8	9	19	29	24	3	12	27	4	7	5	1	31	
17	4	34	11	26	4	7	1	16	7	8	9	15	29	6	33	25	28	10	32	20	12	18	3	34	19	11	24	28	5	12	22	6	29	13	
6	17	29	16	8	34	22	26	21	24	29	32	12	33	34	7	26	20	33	28	27	23	29	5	12	9	25	28	31	1	3	27	2	28	11	
8	35	1	33	17	23	34	7	9	10	16	24	34	9	31	12	2	17	19	18	6	21	32	27	13	4	8	11	4	14	29	9	3	24	14	
19	23	10	32	1	13	14	22	5	15	24	27	11	7	14	2	5	9	1	8	12	11	7	30	15	12	14	28	25	9	35	16	2	18	17	
35	27	14	20	5	26	10	9	11	16	27	6	35	32	18	30	21	15	1	9	13	19	22	23	23	27	33	26	26	24	7	4	25	18	34	
25	26	3	2	4	11	26	19	12	32	32	4	13	23	13	20	23	10	2	21	19	30	25	28	26	8	34	27	27	16	15	25	17	6	33	
11	11	33	27	20	21	1	22	29	18	9	10	14	16	22	32	6	9	25	35	15	1	34	8	28	23	19	12	2	6	13	5	14	10	3	
8	1	33	28	3	24	10	10	35	33	5	7	12	25	34	8	29	32	15	11	31	35	25	17	26	18	24	9	16	6	3	34	4	11	27	
4	32	7	26	6	1	24	11	18	19	5	33	17	27	20	7	5	3	8	30	2	14	16	10	35	21	15	29	1	25	9	12	17	13	28	
