12	1	34	25	10	9	20	9	2	2	3	16	20	33	8	8	35	8	5	17	1	4	30	8	11	12	31	19	18	35	32	9	21	2	6	
5	8	15	11	18	15	21	9	10	29	14	14	1	31	16	17	6	19	7	11	20	16	22	13	12	23	18	24	8	25	26	27	35	2	30	
16	12	25	22	18	28	10	6	26	16	31	15	19	8	31	5	1	22	18	23	29	7	4	17	11	32	27	30	33	35	22	20	9	21	2	
2	12	22	17	12	35	11	2	16	28	30	30	26	14	13	24	16	15	25	31	22	32	30	18	20	27	10	1	11	5	19	10	29	31	33	
1	28	32	12	19	34	4	11	23	28	33	21	18	7	20	11	3	12	16	26	6	5	10	16	13	13	8	32	2	31	31	14	34	9	20	
27	34	34	35	31	1	29	14	16	10	31	2	23	17	15	25	20	30	31	11	17	18	11	24	28	16	16	21	12	28	33	3	26	4	13	
17	2	14	5	28	33	10	4	30	24	29	16	20	19	21	26	10	1	11	31	3	25	23	14	15	11	22	22	32	27	30	31	33	18	2	
35	25	9	1	18	7	26	31	23	19	14	23	27	24	32	20	24	33	15	13	4	24	34	28	30	29	2	16	20	21	17	17	8	3	5	
22	3	15	27	23	32	15	21	33	1	16	27	34	20	4	21	24	25	13	19	18	2	8	8	31	2	35	10	6	28	11	26	29	29	26	
14	30	3	32	25	1	22	26	9	3	27	28	34	29	15	15	19	13	32	24	6	31	18	33	11	21	33	11	12	34	33	23	1	35	4	
34	8	26	22	27	3	24	17	11	13	6	35	7	17	29	4	32	35	31	31	8	14	3	16	23	33	25	21	9	19	28	3	2	12	22	
25	24	8	4	32	30	20	29	10	34	33	11	5	9	5	33	24	16	35	14	14	6	1	32	10	16	19	12	14	7	4	15	27	22	27	
33	26	9	28	34	5	32	19	20	1	35	14	34	25	22	11	2	35	8	6	7	33	24	23	21	30	1	32	27	20	29	21	31	28	3	
28	8	27	10	24	1	5	13	32	26	32	6	35	6	23	3	21	17	22	5	14	29	15	7	20	9	3	18	30	33	34	19	11	1	8	
32	31	4	19	25	6	25	4	3	29	24	14	12	15	11	26	26	6	9	30	23	10	7	1	14	33	13	26	20	2	1	16	29	5	6	
28	16	29	7	30	20	28	3	6	17	23	31	5	26	7	9	12	27	13	22	35	21	26	2	1	4	34	25	6	10	5	31	24	30	11	
24	12	2	2	15	29	22	18	8	11	35	17	32	24	1	16	33	31	19	31	9	16	5	27	31	12	28	24	10	20	34	7	6	13	14	
30	13	26	14	18	11	8	6	5	6	7	30	2	10	20	12	14	18	7	4	3	28	6	25	16	24	33	15	27	17	31	20	32	19	5	
8	4	23	13	6	25	26	10	23	33	27	27	10	35	9	23	5	33	26	34	11	12	14	31	14	22	24	31	28	17	1	29	18	17	15	
21	16	16	5	1	10	30	2	29	26	8	18	3	15	5	32	22	24	1	25	35	33	10	6	17	24	12	20	19	4	30	11	16	7	13	
26	27	4	3	16	5	9	4	4	20	4	32	13	2	7	34	11	12	21	13	25	16	35	6	29	14	10	5	1	25	15	24	28	26	31	
15	28	6	17	5	2	30	12	11	30	17	20	14	25	18	1	25	26	32	7	31	8	27	9	3	23	16	1	11	22	35	23	10	23	19	
7	14	10	16	34	4	6	20	12	5	2	6	28	27	12	8	29	26	30	32	3	13	21	1	33	34	3	17	13	11	28	35	21	31	20	
17	5	23	8	20	2	7	34	4	9	8	10	32	11	12	26	13	21	10	27	26	18	28	19	28	35	7	22	31	13	2	25	30	34	16	
6	34	19	14	13	22	32	16	31	2	25	29	21	15	14	7	3	28	24	17	27	34	33	13	26	20	15	20	8	23	32	30	29	32	10	
3	10	5	18	13	16	13	4	34	3	15	31	17	21	17	6	4	12	1	9	11	35	31	8	12	26	35	14	18	24	20	22	7	29	12	
17	7	32	30	2	32	19	8	9	35	21	12	29	8	24	12	28	32	17	8	1	6	20	6	22	3	4	13	23	22	6	33	3	26	25	
4	32	7	18	3	15	13	24	13	18	20	28	22	12	10	27	20	23	18	28	17	30	29	34	11	19	34	6	13	26	6	1	16	22	9	
28	35	14	26	14	7	23	16	7	27	33	3	10	17	19	8	34	10	2	34	21	21	9	34	8	26	17	29	16	12	13	18	18	30	20	
9	11	35	20	10	8	16	15	21	7	4	26	13	13	34	22	14	29	27	12	34	1	34	30	18	10	6	7	3	33	23	3	17	31	24	
26	33	10	15	17	14	9	22	1	28	9	19	30	35	25	12	31	5	9	35	24	16	11	21	9	18	17	23	22	13	17	28	20	27	32	
29	13	1	13	26	26	27	5	28	31	20	4	23	3	20	30	26	34	6	22	15	15	2	10	19	21	32	33	35	8	7	34	12	33	17	
31	6	11	9	35	12	3	12	27	35	32	16	4	34	17	21	23	2	30	29	10	15	15	20	22	13	11	26	18	18	1	5	14	8	5	
23	29	5	33	18	17	24	25	13	21	19	30	16	30	26	7	7	10	34	15	29	9	3	9	32	28	20	27	4	19	8	24	22	32	35	
14	9	17	19	33	13	12	23	24	5	22	5	5	28	35	29	18	11	3	2	16	16	19	14	34	12	7	28	15	6	21	8	25	10	1	
