13	30	30	8	6	3	25	11	25	22	29	22	34	34	18	1	8	14	22	28	25	19	4	34	16	5	8	23	24	7	7	15	34	26	28	
23	2	15	8	24	11	11	21	7	8	1	17	25	26	13	15	12	6	16	20	19	18	2	3	17	22	27	28	15	29	30	14	31	9	32	
16	16	3	11	33	20	22	12	7	21	35	31	30	3	23	24	32	2	24	9	16	5	6	18	29	19	33	15	13	15	25	2	34	32	10	
24	14	29	10	31	12	19	24	16	32	8	15	26	20	13	33	9	27	34	24	30	26	35	7	12	11	1	11	17	2	30	3	6	4	17	
11	8	34	33	34	28	15	23	28	31	33	35	2	22	6	35	26	30	5	7	16	12	5	24	32	32	29	27	13	25	19	21	7	1	3	
3	29	5	35	19	10	30	27	21	26	31	18	14	35	33	20	13	6	1	11	13	28	2	2	15	23	30	34	4	19	24	4	22	3	16	
15	10	5	5	29	5	33	21	28	30	16	20	5	32	15	25	7	8	23	18	31	20	24	26	21	16	22	34	1	34	9	13	11	27	15	
8	25	22	27	15	14	17	10	28	11	22	28	29	1	16	8	30	7	28	12	26	6	7	34	16	2	9	31	17	32	16	23	26	13	24	
15	1	3	22	4	23	7	28	13	5	15	30	6	20	32	16	20	12	33	16	27	32	31	27	24	32	17	7	21	27	29	9	3	5	8	
4	25	23	29	12	1	7	5	5	24	10	18	18	21	24	31	20	32	25	22	15	33	13	20	14	16	26	35	19	27	34	15	28	30	6	
33	17	22	12	19	8	20	11	35	13	32	29	7	25	28	2	3	21	11	31	8	22	15	13	34	13	10	10	5	2	26	30	16	10	4	
9	28	30	29	25	17	1	29	21	23	30	21	34	27	6	5	30	26	17	6	33	28	32	8	24	24	5	2	15	13	3	33	4	31	25	
2	22	23	28	18	20	32	12	29	20	17	30	12	3	24	27	10	12	26	12	11	13	27	35	4	6	14	32	16	4	31	19	1	16	15	
16	11	10	25	1	27	3	6	13	15	24	16	22	10	4	8	17	13	32	26	24	9	34	19	19	12	24	7	22	5	31	35	22	18	23	
20	4	35	23	27	24	21	4	8	29	4	25	20	28	20	22	25	3	28	19	32	2	5	35	1	17	30	33	6	9	7	19	26	2	18	
20	23	11	33	5	2	12	30	20	13	22	2	35	24	27	16	14	3	18	11	34	32	14	6	30	29	30	25	22	8	13	7	33	28	1	
30	33	9	20	15	19	16	26	17	34	27	7	11	28	22	32	1	28	8	3	32	10	12	21	31	12	5	32	14	1	35	5	2	13	13	
21	6	24	10	32	21	34	1	6	2	32	11	35	23	28	12	17	35	29	9	28	15	23	22	3	25	31	17	18	14	26	16	15	19	18	
10	7	27	9	22	25	15	31	34	34	21	21	28	18	26	8	23	14	30	15	14	25	3	28	17	23	16	23	2	26	4	8	32	5	29	
15	5	2	20	13	11	18	31	10	7	30	19	24	5	8	3	16	9	13	14	18	34	33	4	32	20	16	21	25	22	13	17	20	29	31	
31	33	8	1	5	13	26	32	11	29	12	10	19	14	32	23	29	28	20	30	35	12	9	10	2	3	33	22	30	21	15	22	27	32	34	
29	19	19	34	28	22	7	13	4	25	5	1	10	31	30	14	27	15	32	16	11	35	7	9	22	8	20	18	26	27	11	24	12	6	33	
32	24	31	17	2	10	23	35	29	27	3	6	26	15	35	13	35	4	19	5	25	26	35	10	18	24	28	3	29	30	25	1	10	16	14	
9	26	7	19	14	6	19	33	30	8	28	3	5	4	29	20	24	16	17	1	26	8	10	26	9	21	13	11	4	12	27	23	23	7	20	
12	10	32	15	1	4	5	13	18	17	15	13	4	29	24	19	28	1	10	29	6	27	16	23	5	26	16	30	20	21	33	25	35	34	13	
5	9	14	14	34	5	27	7	6	29	33	30	20	3	2	23	8	3	3	32	5	16	9	28	30	27	35	24	29	1	34	31	5	22	11	
1	25	12	6	7	34	7	2	28	9	11	14	21	30	15	17	35	5	32	4	3	33	27	1	25	10	9	29	8	16	18	14	13	15	19	
7	12	32	14	14	5	31	24	22	14	13	8	11	9	2	10	8	33	15	18	1	11	25	27	23	28	32	34	30	6	25	18	29	20	34	
2	31	28	1	16	16	8	30	24	33	30	9	13	1	34	24	6	35	12	25	20	13	29	29	19	31	18	26	32	32	22	8	5	12	7	
14	2	25	16	23	15	20	8	18	19	34	5	22	6	31	26	2	10	12	27	15	20	4	17	24	13	35	32	9	24	12	33	21	35	22	
18	13	26	21	21	29	28	3	19	28	23	12	27	32	25	13	11	13	31	34	2	14	1	30	33	32	4	34	22	3	5	2	7	5	35	
35	34	20	32	26	23	24	33	12	28	28	33	7	16	21	4	12	11	9	12	5	10	19	29	29	27	8	6	34	23	12	2	30	7	26	
16	27	17	23	35	7	26	34	7	4	25	20	31	28	1	35	5	34	28	29	2	21	8	5	6	28	15	11	23	19	2	11	20	25	9	
17	2	19	24	18	21	29	4	23	9	2	22	8	33	20	7	15	31	13	10	9	3	34	16	35	30	23	5	9	11	11	6	22	32	25	
6	32	33	34	8	16	8	9	32	14	18	2	19	12	12	28	27	24	35	16	4	1	11	33	10	31	7	13	27	15	17	5	19	3	13	
