18	2	29	25	2	31	28	16	16	5	2	11	3	18	19	11	34	13	7	33	8	11	26	13	4	12	8	35	16	27	30	15	32	9	25	
32	2	15	22	27	17	21	13	18	14	6	3	9	28	20	19	34	29	5	9	26	30	16	23	16	24	31	33	10	10	34	16	11	5	35	
11	31	30	21	23	5	24	23	25	26	4	3	22	28	17	6	29	6	32	27	19	20	14	22	28	21	12	18	4	33	27	13	34	35	7	
4	22	5	2	8	29	15	20	25	18	35	6	9	16	32	31	8	14	19	27	17	14	13	33	21	1	20	3	23	24	25	30	11	34	29	
28	1	6	11	24	21	20	26	4	32	33	10	2	9	3	4	35	15	14	5	5	23	34	16	14	13	7	18	18	5	12	9	8	24	29	
24	20	11	25	33	17	22	5	28	3	6	29	12	30	17	13	32	15	9	22	27	29	31	6	23	31	25	4	31	26	35	34	16	15	17	
12	29	11	26	20	11	29	23	20	33	15	8	4	4	14	24	27	17	15	7	1	21	5	2	25	28	7	19	3	19	9	24	13	16	12	
5	25	16	2	19	11	14	24	26	27	13	11	17	29	35	32	2	29	11	2	18	10	18	31	22	34	1	8	19	28	17	21	14	30	23	
7	16	9	29	3	34	4	23	24	5	20	31	5	11	4	17	1	12	33	30	30	6	8	12	26	29	27	4	19	32	2	22	10	18	24	
21	14	2	6	12	17	35	17	19	20	31	9	19	4	15	22	9	16	24	30	33	27	19	13	18	25	8	5	31	23	35	28	11	26	30	
33	26	28	12	7	10	5	25	3	19	1	23	6	25	21	29	4	11	23	8	26	13	24	2	15	22	12	9	14	21	32	2	17	34	27	
25	18	3	12	21	19	22	22	30	21	34	34	16	20	19	33	20	26	23	31	4	15	5	5	19	27	11	19	6	7	17	28	24	28	14	
3	11	10	28	15	6	25	11	20	7	27	26	35	15	8	29	30	31	31	9	12	29	17	14	13	19	19	16	3	18	35	23	31	21	6	
8	23	5	17	16	21	18	4	18	9	20	12	33	13	22	2	23	19	15	25	1	7	19	10	19	5	14	11	32	25	26	20	21	27	28	
23	10	21	2	4	26	19	21	22	30	2	32	27	25	20	28	24	24	20	8	5	20	15	12	29	12	34	3	31	35	28	17	20	33	16	
20	11	32	3	6	1	11	35	2	10	17	26	8	15	7	14	18	4	1	12	25	16	12	26	4	9	28	21	26	13	19	20	22	15	24	
25	27	6	35	25	13	14	14	19	28	29	30	19	5	5	20	28	18	31	15	15	12	21	7	1	28	16	18	24	25	22	26	33	17	20	
13	4	12	33	32	10	2	1	5	4	3	20	29	14	23	19	26	32	34	7	7	35	17	8	33	16	22	24	9	15	13	11	14	31	19	
8	15	18	18	17	20	18	9	23	29	6	4	29	1	11	34	19	10	25	26	16	16	12	9	24	21	20	2	9	30	27	26	3	9	6	
15	26	22	23	11	25	26	24	29	35	32	24	28	15	27	15	31	2	35	1	27	18	30	3	1	17	33	24	20	35	4	6	5	7	2	
9	24	25	29	13	34	1	11	23	15	9	14	16	21	10	26	9	27	17	8	2	8	34	28	34	32	1	6	29	3	2	12	29	4	5	
16	33	1	4	30	24	7	5	6	24	14	25	31	13	18	12	11	22	9	10	19	17	19	31	20	14	32	27	6	29	5	19	2	15	21	
28	3	33	31	13	22	18	12	27	6	26	9	13	17	27	35	4	5	16	32	34	35	25	21	15	29	35	1	28	13	23	18	30	2	21	
34	22	4	8	22	3	9	26	31	28	16	33	29	32	24	35	23	14	35	18	26	25	28	32	27	6	29	13	35	1	31	5	16	10	15	
35	19	30	34	17	23	10	27	12	13	35	22	11	23	25	3	28	20	28	2	6	5	32	15	2	26	15	7	17	21	18	12	14	10	31	
25	5	26	9	28	14	18	10	21	16	25	21	7	3	23	8	12	25	1	20	25	2	32	29	17	25	23	1	33	28	24	19	15	22	2	
30	28	30	5	24	8	3	7	7	17	28	13	24	27	26	6	14	21	12	6	29	34	33	4	29	31	18	22	30	2	34	35	35	32	1	
21	32	13	26	14	22	29	19	33	17	5	23	10	27	12	9	18	6	7	21	9	11	12	30	35	7	25	31	8	16	15	35	18	24	23	
27	20	31	20	5	18	17	35	32	21	7	15	11	12	19	30	33	23	22	20	24	31	29	23	10	6	2	7	25	34	5	14	17	1	3	
17	21	19	14	12	35	19	28	19	4	5	27	30	26	33	25	18	32	18	16	3	22	1	20	17	23	24	29	2	18	31	7	6	19	8	
20	30	32	7	9	10	12	29	15	31	8	2	24	23	17	4	3	13	26	6	28	10	20	27	32	35	27	14	7	10	13	24	11	19	33	
29	27	14	31	10	16	28	15	2	22	6	17	18	17	13	21	7	33	15	34	16	24	32	25	28	3	19	27	26	28	1	15	31	2	20	
31	17	20	10	27	33	13	14	14	1	24	8	15	19	32	11	32	25	6	35	21	26	18	9	16	18	3	12	22	4	28	27	7	29	32	
25	6	13	13	18	12	35	30	26	23	35	16	22	22	28	14	9	4	4	16	20	19	25	32	2	8	13	15	32	17	3	31	15	14	6	
1	35	17	4	26	28	6	31	13	13	18	5	20	24	14	10	15	8	2	14	7	9	27	29	11	14	21	23	30	29	33	2	29	12	4	
