34	27	20	17	13	13	3	19	1	25	1	28	5	6	9	24	30	7	20	21	19	35	9	8	11	20	2	8	12	7	4	1	16	11	15	
13	34	27	29	32	15	4	22	29	7	5	15	11	10	9	6	26	18	12	8	28	30	19	9	14	23	20	16	17	31	24	25	33	21	35	
30	3	27	14	6	9	29	18	31	1	2	32	24	17	7	29	19	10	10	4	21	30	20	8	22	20	33	3	23	17	26	10	25	28	34	
20	11	25	13	2	23	24	9	21	3	12	13	19	31	32	18	27	1	10	32	15	28	35	29	20	16	16	30	6	22	1	4	26	35	33	
2	20	9	8	15	21	30	2	3	35	31	29	24	7	14	30	22	16	5	10	33	29	34	35	12	13	1	7	18	7	6	13	4	23	30	
14	6	22	13	17	20	19	21	18	22	32	23	15	10	25	33	5	16	28	15	24	16	22	4	3	27	5	13	25	26	29	1	5	2	30	
19	19	5	2	12	24	8	32	2	15	19	33	30	9	34	7	28	25	26	29	25	27	10	12	16	8	31	35	11	27	13	3	20	13	17	
29	12	20	35	23	10	16	29	2	22	25	6	25	24	6	28	11	31	34	32	20	16	26	7	1	30	16	3	17	4	25	21	12	8	18	
9	14	32	35	25	28	23	5	15	21	9	7	29	14	16	23	8	28	19	12	25	4	2	35	31	15	22	17	1	6	30	10	27	35	11	
15	26	2	18	15	22	35	18	23	23	30	9	28	32	3	16	19	17	26	31	10	3	25	20	2	4	23	19	28	21	21	24	21	33	8	
33	15	18	26	1	3	18	20	6	24	18	30	5	34	18	8	2	32	31	31	35	5	29	23	4	25	7	12	9	1	19	14	28	10	2	
1	10	29	17	26	15	9	17	30	3	33	35	14	26	5	20	30	11	11	15	6	32	30	28	13	6	21	24	29	27	1	31	34	4	19	
34	17	24	15	21	1	20	30	25	23	33	8	24	11	27	13	9	21	6	11	12	9	28	29	18	19	4	13	26	7	31	22	32	26	10	
16	25	27	19	24	21	14	5	8	29	34	18	13	24	33	21	29	4	15	35	25	26	11	1	14	17	25	10	20	26	22	9	25	27	25	
11	1	14	13	18	5	16	12	15	2	6	11	7	8	20	11	10	20	21	5	9	7	4	16	24	27	13	30	15	23	18	34	35	29	22	
13	8	34	21	33	10	25	6	12	7	23	1	23	18	14	26	24	19	4	14	5	7	18	10	29	15	27	28	10	30	9	32	10	11	28	
5	25	28	8	34	8	5	29	28	20	18	28	6	34	30	16	13	31	9	20	22	21	23	22	7	21	32	34	31	7	25	31	1	25	14	
3	30	16	6	21	33	21	11	13	29	4	5	8	12	10	22	4	9	4	23	6	34	13	15	25	29	13	20	24	1	7	26	31	32	2	
23	28	20	9	3	23	22	15	25	26	34	24	25	35	35	10	16	33	32	5	19	29	17	12	18	31	18	1	16	11	12	13	35	30	19	
35	14	1	13	14	25	21	33	20	18	7	4	8	2	6	10	17	31	23	2	11	10	27	22	5	35	34	11	32	34	8	7	24	1	29	
33	32	12	5	26	27	10	28	10	19	35	17	9	28	15	11	14	34	33	1	31	7	30	16	2	3	29	6	21	8	16	7	13	18	20	
22	19	24	12	27	5	26	18	11	12	29	29	23	25	25	30	31	6	30	24	5	33	13	21	19	5	26	32	11	9	21	35	23	20	17	
23	21	3	3	7	26	30	34	22	30	32	12	22	1	8	6	4	5	29	33	23	28	24	14	15	2	35	5	10	26	20	19	11	29	32	
17	14	26	10	8	27	18	17	24	14	1	11	27	34	29	23	29	35	17	6	6	19	13	13	24	7	2	21	22	5	11	12	28	9	28	
4	35	5	25	20	16	27	23	16	28	24	35	31	19	26	33	21	16	22	2	3	1	14	16	17	16	30	18	6	32	10	2	5	21	6	
33	13	17	28	25	18	14	24	9	28	10	16	22	35	35	25	34	2	9	26	12	23	23	5	27	20	21	4	30	5	32	29	14	15	31	
6	27	7	31	10	7	15	23	27	12	30	25	20	30	29	9	16	14	35	18	16	18	3	13	19	16	11	11	28	33	1	1	2	15	13	
7	22	19	27	21	6	31	25	23	32	21	27	2	9	28	17	20	9	30	7	29	8	33	18	9	24	26	23	17	3	20	5	31	13	21	
14	16	15	6	4	35	24	2	14	31	27	3	13	33	28	32	1	12	18	13	25	1	5	16	20	33	10	10	29	24	28	17	6	19	21	
10	15	4	11	35	31	12	35	19	5	3	11	16	21	1	25	23	2	24	33	26	2	5	33	28	32	1	7	31	15	30	18	4	34	19	
8	2	3	16	29	5	28	3	29	6	2	19	23	13	34	31	2	15	33	9	26	11	21	27	1	33	23	14	25	24	12	21	22	7	1	
25	20	21	24	11	32	35	26	28	23	8	22	33	3	31	5	29	20	27	30	34	28	15	5	35	1	8	2	32	10	23	6	5	12	17	
18	5	27	20	31	12	11	26	32	16	16	10	8	14	6	27	3	31	17	5	7	15	22	34	22	8	6	3	13	5	33	31	21	24	9	
25	29	23	13	5	11	26	27	16	33	22	18	10	26	2	12	29	21	31	3	5	13	30	19	30	10	24	25	4	14	15	28	5	1	1	
12	9	6	30	16	8	13	31	16	34	20	2	1	16	11	13	32	22	7	17	14	24	8	31	26	10	32	15	8	35	23	33	18	3	23	
