4	5	26	5	7	6	33	5	1	32	35	6	10	27	9	27	2	35	29	26	8	11	8	19	26	3	25	10	17	11	23	33	28	35	24	
2	3	19	4	1	25	13	16	33	15	35	22	12	32	25	14	17	34	18	5	33	28	27	6	20	12	7	21	35	8	9	10	23	29	26	
22	16	35	35	11	24	32	7	10	3	29	19	24	1	12	26	32	13	15	34	6	24	2	18	33	8	27	6	20	18	28	1	9	2	4	
16	23	5	20	30	18	11	23	4	21	8	5	15	30	17	24	34	16	32	26	11	3	27	27	17	7	17	28	12	19	1	2	1	22	19	
5	7	4	2	9	23	20	24	12	12	3	33	21	15	28	8	1	6	33	25	31	14	10	21	11	29	19	12	13	32	6	18	16	26	17	
19	16	34	4	26	21	16	21	15	5	23	21	3	25	28	27	19	17	4	14	26	29	31	1	30	2	4	10	12	20	6	6	11	10	22	
34	6	32	29	18	12	15	1	12	2	3	13	30	28	14	7	19	4	12	27	9	11	5	28	35	34	8	3	10	11	29	16	14	17	30	
29	9	7	4	19	18	17	28	23	6	14	27	32	15	1	21	33	21	24	35	15	20	1	25	24	22	28	26	32	30	31	3	34	10	13	
25	25	3	15	10	7	3	11	13	16	21	32	23	4	29	32	30	12	30	28	10	17	18	9	22	5	35	29	14	7	8	33	6	5	27	
26	21	23	34	32	13	18	3	10	31	29	4	34	5	31	25	22	18	16	28	12	19	25	7	4	6	18	35	9	33	31	1	16	28	6	
22	4	33	22	10	26	25	23	24	2	28	21	27	9	35	11	18	29	10	31	29	13	12	3	32	6	34	3	1	22	7	15	2	5	14	
20	2	33	5	22	10	30	17	28	13	14	3	6	4	21	34	8	32	8	9	4	23	2	11	16	35	12	29	31	18	13	24	16	25	26	
12	27	31	27	33	18	3	29	21	17	13	30	34	18	12	4	18	35	19	19	10	12	1	12	23	14	22	3	5	16	11	14	20	32	6	
10	24	16	13	8	9	22	35	3	15	11	4	7	15	30	35	23	15	32	32	29	21	28	12	23	17	8	14	20	25	12	27	35	2	2	
17	6	1	26	18	27	9	31	27	22	23	2	5	35	32	10	4	26	34	8	23	2	25	32	3	13	6	24	28	17	33	7	21	5	11	
12	25	9	5	27	4	25	26	7	23	31	14	24	20	23	6	5	22	5	11	27	15	14	28	34	5	17	10	2	35	10	8	19	30	12	
21	29	33	8	10	30	1	34	28	33	19	8	11	15	10	18	4	23	7	24	32	9	15	15	6	12	22	25	1	26	31	20	16	4	23	
35	31	2	32	34	3	24	4	22	1	24	5	15	21	19	1	13	2	25	3	17	30	34	8	29	21	33	23	11	9	20	8	15	27	7	
11	27	6	24	12	34	10	24	25	28	17	35	16	16	20	15	31	26	12	13	27	30	14	11	4	21	27	22	32	16	2	5	17	33	3	
26	8	11	24	23	1	3	18	13	19	11	6	22	33	12	5	22	16	14	30	28	31	32	10	2	21	20	16	3	7	17	1	12	25	25	
3	35	35	16	22	28	26	22	11	30	9	23	14	21	34	18	12	5	23	33	16	6	9	31	4	25	10	15	5	13	10	4	7	8	29	
24	30	27	21	14	19	26	2	31	10	8	25	30	11	13	35	23	18	20	27	26	5	33	1	7	15	21	32	22	25	12	16	29	35	34	
29	17	34	3	22	20	8	7	26	27	15	20	25	35	2	26	24	15	21	1	20	12	16	4	25	18	23	15	30	22	29	34	34	31	11	
18	12	28	35	2	17	10	15	15	20	25	7	4	3	5	13	21	8	1	31	11	13	19	19	24	33	16	27	7	10	34	34	22	6	9	
14	15	16	6	4	32	27	5	16	25	13	31	18	29	5	23	32	19	1	2	13	10	16	33	25	24	27	34	7	25	21	30	2	35	29	
3	26	29	17	8	16	4	12	8	30	18	29	2	28	27	24	10	10	3	3	33	35	6	5	9	26	11	5	15	34	9	14	30	1	19	
13	13	8	21	31	12	34	21	11	35	24	1	7	30	11	19	3	7	33	16	17	32	19	20	31	26	4	2	16	5	14	2	25	4	23	
15	13	27	33	21	29	30	27	5	34	33	24	35	13	16	23	6	9	4	3	14	26	4	7	17	31	4	18	19	17	22	28	4	7	33	
22	20	25	23	34	22	31	29	29	6	26	15	20	2	28	16	12	30	12	28	21	5	34	35	29	27	5	18	24	14	13	17	8	18	10	
6	9	10	29	35	11	9	25	6	7	15	20	28	19	31	22	9	8	23	4	35	8	9	15	26	19	2	16	23	24	14	12	30	21	26	
7	10	9	27	8	14	19	6	17	4	30	7	29	33	26	19	11	20	2	31	25	33	8	13	27	32	25	31	21	18	24	23	35	30	28	
2	18	12	1	29	29	2	34	19	9	34	16	13	6	23	17	35	16	11	15	5	14	20	4	10	28	26	30	20	21	28	31	32	3	8	
1	17	13	9	10	31	5	19	35	4	4	15	17	29	3	21	14	24	28	10	30	16	32	34	10	11	24	6	33	12	15	29	4	23	12	
23	11	14	27	17	27	6	7	9	8	16	34	3	7	1	28	29	26	22	2	35	3	24	21	12	32	15	11	18	10	25	18	26	8	20	
7	33	15	11	13	35	7	20	5	12	15	8	9	10	18	3	10	27	5	19	34	22	29	16	14	23	1	4	6	17	26	32	31	24	21	
