11	13	16	33	26	29	17	7	35	19	21	9	9	22	35	4	31	10	20	27	11	14	24	8	34	21	18	1	18	15	7	32	24	6	23	
3	9	2	8	7	18	3	13	25	21	11	3	26	30	33	16	16	12	2	22	19	32	11	17	25	23	21	20	24	1	4	27	10	14	1	
11	30	13	34	29	9	7	6	32	11	1	10	24	20	21	7	35	28	15	13	16	10	31	7	3	8	19	32	12	30	14	19	22	18	27	
25	24	8	29	30	17	4	15	3	21	33	8	18	35	32	31	12	17	34	28	29	5	9	23	11	2	28	6	33	20	6	1	18	13	24	
10	25	2	22	26	21	30	8	13	27	14	4	14	5	13	6	32	26	11	29	12	22	19	23	31	13	28	24	33	35	23	15	34	1	9	
22	5	1	4	15	3	16	29	14	18	16	27	25	3	12	16	23	31	9	7	23	20	31	21	24	6	6	10	1	26	16	28	4	30	34	
16	26	12	19	14	5	32	4	3	9	13	16	28	7	35	10	4	17	3	22	15	18	2	20	15	24	11	10	25	33	8	16	23	28	1	
33	7	4	34	8	10	22	21	15	3	18	20	4	9	32	35	34	11	35	14	35	1	33	24	2	28	24	12	12	27	17	23	31	19	28	
1	3	12	31	25	12	12	9	25	30	13	23	27	33	34	12	7	4	8	24	35	10	11	19	19	5	13	14	28	26	6	2	3	15	32	
2	23	17	6	10	9	28	7	7	23	15	29	28	16	10	26	23	18	34	19	11	7	25	21	8	25	22	7	3	34	11	4	30	25	20	
14	31	8	20	12	6	8	3	9	32	11	33	16	2	4	7	10	20	29	29	25	17	13	11	28	21	15	30	12	18	19	24	19	22	17	
28	16	20	6	33	25	26	27	3	29	30	19	33	11	10	24	10	35	12	31	26	34	15	16	17	26	1	13	7	8	4	9	2	3	14	
29	21	12	30	33	35	21	14	8	6	33	5	31	30	13	25	33	16	2	20	7	2	17	18	18	22	18	3	29	19	11	32	32	33	26	
4	7	21	15	11	35	10	13	22	14	35	22	7	26	21	27	29	33	14	23	13	2	11	12	1	25	34	29	30	5	16	31	9	8	18	
17	32	25	4	27	2	13	11	18	1	6	7	27	14	28	21	1	34	30	10	30	26	20	22	28	31	12	33	2	9	12	29	12	16	29	
13	11	5	35	3	15	2	16	17	24	6	1	22	1	26	7	30	26	33	25	18	27	34	11	29	16	32	17	4	6	20	13	28	22	10	
26	35	20	5	26	19	8	23	3	20	24	7	9	12	2	8	27	29	5	11	27	30	5	6	32	33	35	18	9	3	1	10	7	21	25	
29	10	6	14	13	21	34	14	5	8	26	11	8	15	12	17	15	7	31	30	9	14	28	24	33	22	23	4	27	14	2	16	22	12	27	
30	1	35	18	3	7	6	22	23	29	32	2	8	11	31	34	3	18	4	16	12	21	5	26	19	12	25	32	9	10	33	34	15	8	28	
15	23	29	34	9	33	5	7	2	25	11	12	17	27	9	11	13	3	4	18	20	25	14	26	30	14	35	7	3	4	27	19	24	31	6	
29	27	3	11	2	26	31	10	17	33	28	21	19	5	22	29	22	23	5	22	30	35	18	32	27	34	29	17	20	22	7	21	25	3	8	
21	3	34	4	17	5	9	12	24	8	10	12	4	28	25	23	1	14	16	32	15	11	21	29	5	18	6	31	13	22	35	33	19	7	9	
12	14	12	21	28	20	26	17	18	31	2	16	19	25	6	11	4	24	6	33	22	32	10	15	7	25	26	35	19	28	9	27	1	28	29	
25	8	22	14	35	12	14	25	6	35	29	25	12	26	30	15	11	22	21	35	26	9	21	1	2	13	16	26	10	7	21	17	22	5	19	
31	27	7	23	6	16	20	29	26	10	31	3	29	17	32	28	16	15	13	34	14	17	4	2	22	19	33	5	3	12	21	35	8	35	24	
18	15	7	9	35	27	1	19	16	26	7	16	20	18	23	5	2	14	6	6	34	22	13	35	34	29	29	8	11	26	28	12	14	10	17	
23	30	28	32	20	28	12	33	7	4	30	13	10	8	24	24	15	21	34	26	29	19	16	31	18	15	27	24	34	25	16	30	29	35	18	
19	12	4	24	25	8	11	31	27	27	34	9	5	24	7	30	15	22	14	9	34	4	26	32	6	32	10	25	17	25	13	3	16	18	21	
30	33	9	35	18	29	15	24	30	28	27	31	3	10	6	12	19	7	17	13	21	33	32	34	24	35	11	26	14	11	5	18	4	20	16	
20	10	30	1	16	22	23	6	29	7	22	14	35	3	5	22	9	27	16	15	13	24	35	4	10	35	17	25	8	30	18	21	14	11	15	
5	34	12	7	23	16	3	18	13	12	4	32	21	5	27	33	28	7	10	2	17	25	22	2	26	20	14	9	6	29	26	8	35	35	30	
21	28	23	5	1	24	7	20	19	9	5	12	11	21	29	10	6	25	33	12	4	13	33	16	28	26	16	32	22	25	30	5	17	27	15	
24	19	24	2	33	11	33	19	20	15	10	25	22	29	18	9	5	5	1	30	31	35	21	2	23	7	4	34	18	28	22	6	5	17	7	
35	7	14	17	32	35	18	26	31	3	12	34	23	12	11	21	20	19	7	1	13	8	6	10	23	30	23	2	15	35	24	17	21	26	33	
27	29	10	1	31	23	19	25	33	34	9	16	30	32	17	1	1	2	27	21	24	29	35	17	12	3	5	25	16	13	15	14	6	4	22	
