21	9	11	35	8	22	2	10	3	4	32	9	14	31	27	20	12	31	13	27	19	18	5	35	33	14	28	35	23	15	26	22	30	1	17	
11	20	29	18	32	30	13	4	7	6	5	24	28	10	33	17	27	25	19	1	33	8	2	9	23	14	31	21	19	34	33	35	23	26	19	
18	17	29	31	21	10	33	19	12	18	26	26	20	25	20	22	20	24	17	27	23	5	30	2	33	34	10	28	29	32	4	11	35	7	15	
17	26	23	33	35	3	21	1	19	9	18	34	3	16	24	2	13	27	29	11	22	1	31	19	20	1	32	1	25	13	28	35	4	11	7	
11	11	3	9	4	21	1	34	33	15	33	35	24	22	1	10	18	35	2	34	26	6	5	5	29	16	25	7	27	8	8	12	17	20	19	
19	3	29	27	10	6	22	5	4	18	7	23	33	13	34	7	1	8	9	35	34	24	11	12	23	28	29	33	20	11	14	11	25	17	35	
30	33	31	33	34	11	11	32	19	35	27	23	1	9	6	4	18	3	34	28	24	1	18	18	2	26	6	5	23	21	12	15	28	8	22	
24	26	7	30	7	2	31	4	8	3	7	9	18	19	17	19	5	27	34	32	18	35	13	33	31	10	4	11	1	6	5	14	29	9	12	
33	21	29	11	25	6	28	8	33	10	35	14	23	24	22	30	17	18	5	9	12	22	15	28	19	13	7	22	26	14	20	24	16	27	33	
31	26	24	14	21	7	11	32	27	32	16	19	11	8	33	29	28	17	1	30	8	12	35	34	26	23	9	13	6	33	21	18	17	4	25	
35	22	30	6	9	2	32	2	22	13	32	15	16	23	12	8	28	33	17	17	34	14	1	20	17	27	1	25	19	15	24	28	3	26	4	
15	25	25	16	22	1	20	10	13	5	31	30	7	27	21	21	34	32	31	17	11	33	15	14	18	4	35	16	2	19	10	22	23	12	33	
14	20	27	21	30	29	14	35	10	3	19	5	12	25	1	25	10	6	15	18	29	16	22	7	22	17	15	20	30	23	13	8	4	24	2	
8	18	12	17	24	25	10	27	34	33	23	21	16	26	10	9	29	34	28	33	31	17	14	11	22	6	1	30	32	10	35	25	2	9	16	
11	31	23	1	4	32	32	22	8	34	6	14	25	3	16	19	31	35	3	20	14	7	12	13	35	21	9	2	19	27	13	4	24	10	14	
22	2	8	18	19	15	34	7	35	33	20	28	3	25	9	29	14	23	4	1	21	32	7	16	13	9	26	15	30	1	27	22	10	8	18	
25	20	9	29	30	17	24	32	30	11	35	20	34	21	21	32	1	15	14	16	3	20	19	15	27	12	18	4	16	22	15	23	26	35	8	
7	13	5	13	6	25	12	23	22	27	8	16	2	29	4	14	30	21	1	19	4	9	10	17	33	3	7	24	15	11	18	30	20	5	26	
14	28	13	10	12	16	24	3	14	28	4	2	31	22	35	12	6	17	30	15	25	27	19	18	5	19	11	30	7	12	17	29	2	32	9	
23	9	35	22	33	25	25	32	20	21	6	6	29	28	30	7	7	26	34	31	20	34	32	25	1	18	32	3	17	4	10	16	11	7	5	
5	30	31	12	11	26	14	25	16	9	17	32	26	34	28	13	31	19	7	28	27	22	34	21	13	35	33	1	6	9	15	20	34	18	29	
19	1	17	6	26	35	20	20	23	29	23	3	32	3	15	22	2	12	18	33	34	19	27	4	21	30	4	14	5	15	16	31	28	29	34	
13	3	32	8	24	33	29	32	26	5	9	10	1	30	25	3	4	13	6	34	5	30	16	15	8	1	27	1	24	31	10	17	30	2	20	
28	7	5	23	31	7	6	14	18	12	1	29	11	11	32	7	15	34	28	3	4	26	27	8	16	31	10	19	35	19	9	26	5	11	24	
27	27	25	3	19	34	13	11	6	34	2	23	10	33	13	23	11	14	12	11	28	16	29	15	15	24	21	13	22	7	1	26	8	5	35	
26	27	10	32	13	8	9	5	25	16	15	11	24	35	29	9	23	7	13	12	29	17	20	19	4	10	14	31	27	18	20	21	8	6	19	
25	8	1	27	7	14	16	12	13	17	3	19	4	19	10	24	22	13	31	2	15	12	23	12	6	5	6	18	21	7	11	7	27	3	28	
29	26	21	2	1	35	15	30	11	5	33	12	5	32	34	16	10	8	35	19	20	13	23	27	3	4	6	19	28	14	25	34	31	19	23	
6	29	9	34	2	24	27	20	28	22	16	33	29	1	3	23	16	30	20	21	21	23	25	2	31	32	5	8	26	17	5	7	8	11	22	
19	10	26	2	29	20	27	6	11	23	11	31	35	20	2	15	15	9	7	4	7	4	24	22	27	8	10	32	33	31	30	14	14	22	13	
9	4	14	5	13	12	17	18	15	31	6	1	21	2	2	11	24	3	32	7	4	10	14	30	8	19	34	14	3	13	6	19	22	16	27	
25	23	35	19	28	29	26	23	24	18	22	31	6	34	31	9	35	10	32	5	8	29	33	19	32	7	30	9	17	20	25	25	1	22	3	
32	25	28	11	14	18	7	16	20	19	10	4	12	11	20	26	24	22	21	18	2	20	17	3	11	25	2	27	34	34	31	22	33	29	8	
10	12	33	20	3	2	35	15	29	14	22	13	8	28	26	27	7	19	11	6	28	1	17	28	30	13	2	25	9	24	19	32	6	31	21	
6	32	13	24	25	27	18	33	34	20	21	23	19	14	32	34	8	4	25	5	6	2	3	10	5	22	12	29	31	34	23	1	7	18	30	
