20	4	2	35	27	13	15	35	16	15	1	5	9	5	3	26	24	8	6	34	24	7	31	34	11	31	10	2	12	5	32	35	14	28	27	
6	3	4	15	27	16	24	29	35	26	4	23	24	9	3	21	31	19	26	5	27	19	18	28	22	25	32	33	30	34	20	7	22	1	17	
11	11	3	2	8	3	4	5	24	22	6	19	15	21	9	16	23	1	10	11	20	26	5	13	25	1	7	26	27	25	12	28	17	16	14	
28	29	17	31	27	1	10	8	13	29	25	3	14	24	21	34	18	9	14	6	8	12	11	32	30	15	11	35	18	2	34	16	27	19	20	
16	24	21	33	12	24	34	24	1	31	7	8	11	26	31	27	31	6	35	25	10	6	13	4	33	9	14	15	17	3	28	23	22	9	30	
31	30	25	18	4	32	22	9	4	10	3	4	5	18	35	3	26	15	23	3	24	29	25	1	13	23	27	10	8	6	2	13	33	7	28	
11	31	25	17	7	9	29	9	22	21	18	35	20	8	23	24	27	23	11	26	33	6	25	5	11	28	4	34	31	15	24	10	7	30	31	
12	29	34	29	26	18	10	23	12	15	5	7	16	25	13	15	20	28	10	22	13	9	35	8	2	13	6	16	19	26	10	3	30	17	31	
18	9	13	15	19	2	17	24	27	16	10	4	33	35	12	29	10	20	26	28	30	1	31	7	27	21	25	5	31	22	7	32	23	17	34	
4	28	7	3	17	20	21	31	27	32	17	18	3	33	18	30	35	17	34	17	19	16	5	19	14	18	23	27	16	24	22	29	16	2	28	
31	27	24	1	16	17	15	10	18	21	23	20	19	14	28	32	30	21	11	29	29	3	9	22	26	33	9	25	11	4	10	31	34	35	15	
19	10	26	23	2	9	8	31	3	20	21	8	24	1	28	9	4	28	27	31	22	22	6	1	7	15	28	20	18	26	33	32	11	31	29	
21	14	34	16	12	28	9	30	26	19	19	33	20	10	22	13	3	18	24	1	22	2	30	17	27	20	29	4	26	23	25	11	2	34	33	
12	35	16	15	24	10	32	19	27	4	15	17	18	31	13	28	27	25	18	7	13	34	26	9	34	14	7	20	21	2	27	33	1	22	11	
22	22	5	14	23	18	26	35	31	31	24	19	21	9	34	24	19	7	25	2	15	32	19	10	8	18	30	2	28	9	10	27	24	29	33	
10	5	34	19	32	27	4	25	22	23	34	21	16	15	6	17	28	34	31	32	16	24	1	27	29	14	35	11	12	33	7	31	2	13	13	
6	6	27	28	34	11	25	17	29	2	19	13	4	27	20	10	17	22	6	8	4	30	14	12	4	16	26	9	7	1	31	21	13	23	18	
13	5	10	1	3	9	30	25	23	18	6	29	9	20	9	12	22	2	28	9	14	7	32	20	24	6	14	7	16	8	14	35	25	33	33	
23	7	24	21	35	19	25	26	23	24	32	10	17	11	8	20	30	12	24	13	32	27	1	14	18	18	22	27	2	29	1	33	9	21	16	
4	12	15	27	10	32	35	18	21	15	22	15	8	8	2	30	14	3	5	23	25	20	19	8	31	11	17	26	15	13	16	24	22	32	1	
7	35	28	20	18	4	16	8	25	33	7	14	10	12	27	31	35	11	11	17	14	19	31	2	9	5	27	23	1	18	3	4	29	27	35	
24	8	23	25	23	21	6	11	26	12	35	18	22	17	3	14	5	32	3	4	7	18	10	35	16	21	13	30	22	19	25	9	15	20	26	
12	11	29	31	28	14	27	19	7	18	20	15	20	30	16	33	2	7	1	11	34	31	21	25	27	8	24	29	35	10	4	7	12	33	3	
14	9	6	30	25	30	23	2	28	27	27	32	26	31	7	28	8	35	23	33	1	29	24	27	34	30	19	29	15	26	5	4	9	16	9	
32	19	8	31	5	25	32	34	19	28	4	10	3	13	30	35	11	21	29	12	19	33	28	23	6	31	22	2	34	14	24	28	7	6	10	
30	6	31	4	22	26	5	6	32	25	34	27	33	29	11	8	23	10	10	14	17	13	28	27	33	35	34	34	3	6	9	1	16	18	2	
28	20	7	9	7	29	17	32	25	8	16	11	6	26	14	9	17	24	12	5	31	7	4	27	17	7	19	10	13	18	11	19	27	15	22	
9	13	1	1	6	18	14	9	30	15	33	4	28	19	11	2	12	15	8	3	30	15	30	16	35	17	20	25	22	9	11	23	18	19	4	
27	12	22	34	30	35	7	33	2	29	17	28	8	32	1	7	6	23	11	19	18	4	15	5	20	19	31	12	9	5	8	13	26	3	2	
30	34	5	24	20	1	3	22	6	6	30	23	23	12	10	7	4	13	18	19	32	11	17	15	26	1	21	30	25	9	35	12	6	9	19	
35	21	30	20	29	3	12	19	14	34	25	31	13	28	22	1	25	31	7	10	31	5	17	24	32	1	33	6	16	11	11	15	4	31	8	
23	32	28	5	19	6	27	27	10	29	8	12	24	16	29	21	7	4	12	30	35	10	33	30	23	2	15	11	26	17	18	24	13	21	26	
29	16	18	32	1	18	33	9	5	30	34	24	25	33	4	3	24	17	2	28	6	28	7	26	27	12	12	13	34	27	1	8	17	31	21	
14	15	20	20	21	5	28	7	33	23	11	31	27	2	20	18	16	9	17	35	11	8	7	29	1	31	3	31	22	32	23	34	19	14	27	
33	25	17	7	31	3	1	25	34	35	9	16	15	27	24	11	10	26	15	29	28	21	2	18	5	13	12	13	14	30	2	17	11	4	23	
