9	28	7	28	1	7	2	16	7	29	10	29	34	11	20	14	33	9	17	28	35	23	32	21	3	9	22	2	24	9	31	15	5	13	24	
23	29	24	13	10	26	20	1	22	6	30	11	13	2	2	16	32	25	12	28	35	31	12	34	23	33	4	35	9	27	34	3	18	32	17	
26	20	11	1	16	14	29	24	25	4	23	3	12	19	22	13	16	15	34	25	32	26	27	7	33	27	5	1	8	9	17	31	26	28	30	
4	35	32	2	34	11	22	34	19	16	18	6	6	5	2	28	12	25	29	27	20	21	27	31	35	10	8	30	33	6	1	11	7	3	11	
12	11	7	9	4	32	1	19	1	3	18	26	23	18	17	12	13	10	13	5	7	20	24	14	27	26	16	35	6	21	20	22	2	25	28	
15	19	30	32	17	30	24	18	27	4	9	1	14	28	11	20	33	5	2	17	29	2	31	4	3	21	21	16	19	8	33	9	3	24	22	
28	28	1	20	18	3	27	28	26	30	14	4	24	16	15	15	21	14	7	22	14	25	4	29	19	23	31	2	34	29	13	35	32	12	18	
24	25	19	14	12	10	2	26	9	28	2	21	10	27	3	29	15	4	6	14	30	5	7	28	32	11	3	31	5	33	22	26	13	15	16	
31	22	14	19	5	4	30	24	23	30	24	25	6	23	28	17	26	28	33	16	34	6	29	3	20	15	27	8	35	34	32	7	31	9	21	
33	21	26	31	6	18	17	28	33	14	30	24	3	32	19	28	7	35	19	8	29	9	3	1	18	12	29	20	4	11	4	13	30	4	5	
9	31	32	11	26	20	3	12	32	10	5	23	13	14	16	18	6	22	28	3	2	4	8	20	15	26	33	24	17	11	7	35	9	34	19	
27	15	20	13	22	27	16	19	2	27	32	28	30	17	18	7	28	29	22	23	7	10	29	33	1	3	6	10	5	4	19	8	26	32	14	
10	34	4	26	10	28	32	35	32	11	28	13	14	20	32	33	1	16	3	6	27	2	9	33	14	5	22	29	5	30	4	12	24	7	12	
32	7	6	6	13	27	31	23	15	25	29	22	26	19	21	22	19	32	30	26	8	5	10	35	7	1	11	28	2	24	3	28	12	17	33	
15	18	2	12	7	24	3	27	20	31	10	5	12	4	6	35	21	8	19	29	11	17	12	9	25	34	12	15	1	3	20	26	31	21	35	
35	17	13	24	35	6	9	14	28	22	16	2	18	20	23	8	29	10	20	3	32	26	25	9	4	24	7	24	19	32	34	21	11	8	15	
20	24	19	33	14	4	10	13	19	5	29	7	28	15	27	5	8	30	26	25	31	13	34	23	4	22	18	32	5	1	4	23	29	35	2	
33	33	23	20	27	25	24	2	29	34	26	5	4	15	30	3	14	16	31	34	17	22	14	20	24	24	21	20	10	15	33	16	23	32	33	
11	28	21	22	28	27	12	30	5	34	33	8	10	13	6	19	3	1	6	20	21	29	15	15	34	27	14	17	24	16	18	23	6	11	31	
30	1	13	34	3	9	30	20	28	15	21	20	27	19	24	21	16	13	35	26	22	35	11	6	21	25	21	33	28	29	31	32	3	8	4	
3	24	29	30	26	7	14	8	31	7	34	15	19	21	25	22	34	20	27	2	3	12	32	5	11	23	35	2	13	14	26	1	4	16	6	
25	32	17	30	29	21	33	15	14	23	34	31	32	22	20	34	28	7	3	9	16	35	18	15	2	30	19	10	25	5	12	23	1	3	27	
34	21	35	15	33	20	19	3	14	32	1	19	2	1	26	4	14	31	5	26	24	17	14	8	16	15	17	2	11	16	6	9	12	10	27	
19	30	9	19	8	15	13	33	24	12	27	10	35	23	27	25	4	7	11	21	20	28	34	32	9	26	9	14	3	6	15	17	16	1	34	
11	10	18	21	31	27	7	30	30	22	20	21	1	1	8	19	34	27	15	24	33	14	35	20	12	13	32	34	29	4	5	1	17	20	23	
17	21	33	22	20	19	4	21	15	18	19	9	6	8	34	5	15	11	31	32	17	15	4	25	5	6	27	22	26	10	14	24	27	2	2	
13	27	15	35	17	29	15	22	33	20	17	32	5	24	1	3	18	26	16	2	6	19	28	30	21	9	34	34	7	8	2	17	8	10	25	
11	2	2	8	9	31	23	7	2	21	5	12	9	6	16	24	8	14	21	35	26	28	13	22	1	16	30	27	18	17	15	4	10	19	11	
14	8	5	25	7	23	27	29	6	7	35	24	31	16	9	21	10	10	4	1	8	11	28	2	13	4	24	4	12	33	27	29	15	25	18	
19	23	18	3	2	22	8	24	10	21	6	14	7	25	2	11	30	24	12	4	28	13	20	1	35	29	20	26	4	19	4	27	15	31	30	
16	15	12	13	32	8	16	9	17	13	8	27	7	7	33	5	23	20	22	33	18	11	30	19	24	14	20	11	15	25	21	28	31	24	26	
5	3	16	17	17	30	28	3	34	29	11	29	32	4	31	23	20	12	13	33	33	1	22	14	26	6	25	11	27	17	8	28	19	14	13	
8	11	22	8	35	18	34	31	6	33	27	16	21	1	11	26	30	17	22	18	19	2	3	27	28	32	28	23	21	20	2	29	25	26	9	
23	6	34	27	11	1	13	10	35	24	31	19	27	9	4	7	2	2	21	20	3	16	10	26	29	24	28	18	25	12	20	9	22	15	7	
1	9	29	18	12	13	11	32	2	26	6	20	22	17	35	15	17	19	23	7	11	24	2	26	6	28	35	25	13	14	29	30	21	19	3	
