11	15	13	14	13	13	16	14	3	8	19	16	12	2	18	11	17	6	1	14	
19	4	5	8	11	18	12	13	17	3	16	6	2	10	15	20	14	18	7	9	
4	18	19	13	9	15	1	3	18	12	6	6	5	7	11	13	16	20	3	2	
12	16	14	3	15	6	19	7	1	18	10	2	13	19	5	4	11	3	17	6	
12	14	1	14	10	9	5	13	18	17	11	18	15	3	19	15	20	7	12	8	
2	19	7	4	7	10	20	15	1	1	10	11	11	8	14	12	6	8	3	12	
3	20	8	3	12	16	15	5	2	4	13	14	17	6	12	18	4	1	20	7	
18	7	2	19	4	6	6	7	11	14	16	3	4	13	8	12	9	10	15	16	
1	14	3	10	17	4	15	18	2	5	9	9	8	1	6	11	4	19	5	12	
2	10	13	3	1	5	14	16	12	16	15	8	7	4	7	17	3	11	20	14	
13	7	4	9	5	2	7	18	10	11	19	12	9	14	16	7	8	18	12	15	
14	11	9	8	16	5	2	1	14	19	12	15	18	10	3	6	10	18	4	13	
17	18	15	5	16	1	19	19	8	8	18	9	16	20	15	14	18	3	12	4	
8	1	14	11	14	7	13	8	20	6	14	16	11	9	10	4	18	2	19	3	
20	18	6	5	18	4	17	8	16	5	5	1	19	8	9	2	10	12	18	10	
12	9	10	20	4	8	13	17	18	2	8	7	8	5	9	16	19	2	13	11	
16	14	11	8	19	12	3	18	7	15	8	16	14	17	13	14	2	4	1	18	
6	8	16	12	20	19	5	2	10	7	15	17	17	15	12	5	17	9	14	1	
12	12	6	2	3	8	18	14	13	16	20	19	6	11	17	15	1	10	8	17	
15	2	12	19	6	11	4	16	9	2	7	17	20	10	1	19	13	14	10	5	
