14	6	10	11	20	7	18	9	8	16	2	13	16	3	6	4	10	5	3	17	
16	9	16	15	5	6	10	10	17	18	14	2	1	12	3	7	4	11	8	13	
3	6	19	9	17	14	2	4	14	15	9	8	1	5	20	15	6	19	16	10	
6	5	9	17	7	1	15	7	20	20	4	12	16	20	18	10	3	13	3	19	
1	10	12	11	11	1	3	5	13	6	12	14	8	15	19	4	9	12	20	18	
1	2	7	5	19	3	12	20	9	5	6	19	13	13	8	1	3	4	1	11	
2	2	13	20	10	9	1	8	10	19	3	11	18	14	11	6	5	12	15	18	
15	16	15	3	18	19	11	11	10	1	18	7	1	20	17	20	8	15	2	14	
3	18	14	10	15	20	5	12	1	18	8	13	3	12	6	11	20	7	19	5	
4	14	2	14	12	15	4	10	19	20	1	3	17	8	18	9	18	1	11	16	
8	5	18	12	14	20	9	12	15	4	6	17	8	6	1	9	10	2	14	7	
9	3	15	13	20	10	17	14	20	2	19	5	20	14	4	8	4	16	12	8	
10	13	2	7	8	12	13	15	2	16	18	9	15	11	19	14	16	5	17	20	
16	4	1	10	16	13	8	9	3	14	14	18	19	7	2	1	11	6	4	9	
17	19	4	14	18	16	11	18	14	3	13	20	17	9	19	2	14	8	10	2	
8	12	17	1	9	8	13	11	14	13	7	3	2	8	5	15	19	1	3	4	
18	5	11	9	6	6	14	16	20	7	15	10	4	1	15	12	6	9	19	5	
19	15	16	18	19	17	18	1	4	10	16	6	12	15	11	20	13	14	5	7	
11	5	3	15	4	18	6	19	15	12	20	18	5	10	19	13	18	15	6	1	
14	11	5	4	3	2	8	13	12	17	7	15	6	18	7	16	14	1	9	8	
