5	13	3	8	5	15	13	1	10	4	16	5	6	3	9	18	17	13	7	11	
5	14	20	11	1	2	6	8	1	3	4	17	5	16	9	7	16	19	16	9	
12	1	6	14	2	12	3	8	4	4	17	16	6	13	5	8	7	20	9	15	
12	15	18	14	7	17	9	13	5	2	6	15	20	9	19	11	10	16	16	1	
17	1	7	12	4	9	5	3	18	3	8	10	11	20	10	6	6	1	13	9	
15	16	1	5	15	18	5	14	9	11	5	19	9	10	4	10	8	6	3	2	
18	17	18	15	14	6	16	10	11	5	19	16	12	14	20	1	19	13	6	3	
20	20	2	7	6	2	14	2	17	6	1	4	3	9	16	4	12	8	11	12	
2	4	5	10	7	20	14	6	10	18	9	19	7	7	3	12	18	11	10	13	
10	1	13	20	8	19	1	9	3	9	18	5	2	4	2	14	11	14	6	12	
1	5	5	6	8	3	5	4	1	7	4	2	3	8	18	19	2	17	16	2	
14	2	15	13	11	14	17	10	19	12	7	7	4	1	1	9	16	4	5	6	
18	3	16	18	5	4	7	11	8	11	20	1	2	12	2	11	13	14	10	16	
16	14	4	15	13	19	15	18	12	14	13	7	8	7	17	5	7	9	18	19	
9	6	1	16	8	1	8	7	3	15	2	15	19	11	19	10	18	2	17	20	
2	7	8	2	10	6	18	7	6	3	11	12	4	14	1	1	4	3	17	5	
6	15	9	2	15	5	8	2	13	16	19	8	17	11	7	20	7	12	1	10	
4	18	16	9	2	7	19	4	14	10	3	14	15	17	13	18	2	10	20	8	
20	19	14	17	16	1	20	5	2	8	4	3	3	15	18	4	1	10	7	7	
19	8	19	1	9	10	2	7	15	13	12	18	14	3	6	6	5	7	4	16	
