15	10	8	10	13	6	20	19	1	6	5	9	2	13	14	17	19	3	4	17	
20	14	6	11	3	14	2	16	17	18	1	9	12	13	18	4	5	15	9	19	
10	4	14	9	14	5	3	11	14	17	17	12	20	20	13	12	6	2	6	15	
8	4	16	16	6	3	6	20	7	13	9	15	14	17	18	5	9	10	11	12	
20	19	12	10	9	20	11	1	19	14	8	5	6	13	15	2	13	14	3	17	
4	1	9	7	6	12	1	13	15	4	2	4	16	14	2	10	1	11	9	18	
12	14	4	7	16	11	6	6	2	3	12	17	13	11	19	17	20	18	1	14	
11	12	13	14	11	15	20	10	10	19	17	19	9	16	4	18	18	7	17	20	
19	18	2	2	7	11	8	3	20	4	12	6	3	15	15	13	16	4	5	9	
19	5	19	17	12	13	8	2	9	14	6	17	10	18	16	13	1	4	14	13	
14	3	16	15	7	1	4	19	5	12	19	18	6	8	13	7	9	10	6	16	
2	19	10	9	8	15	19	4	14	10	11	17	3	16	9	7	7	5	15	4	
11	13	15	16	10	14	18	15	3	11	20	1	7	9	6	12	19	15	2	4	
16	8	17	14	14	15	10	15	15	5	9	3	4	18	7	10	2	19	14	1	
2	11	9	18	15	16	17	4	19	14	3	8	11	1	11	6	14	19	7	6	
13	12	18	12	19	2	11	17	16	6	13	7	11	20	1	15	1	8	10	3	
7	2	11	15	20	20	9	2	8	9	10	16	10	19	17	6	4	5	12	15	
4	6	10	4	11	8	1	5	10	2	4	19	15	13	3	9	12	16	20	7	
3	15	20	1	5	18	4	6	12	13	13	5	8	2	7	14	3	17	2	10	
12	7	18	2	6	17	5	17	11	9	14	20	1	14	8	16	10	11	19	6	
