3	3	19	13	15	14	2	13	1	10	11	19	17	2	5	1	6	15	4	6	
4	11	12	14	10	13	16	7	19	2	4	8	18	15	17	20	1	3	5	9	
10	1	5	16	20	7	14	3	11	6	18	11	15	7	19	14	9	8	18	12	
19	11	10	14	14	19	1	2	19	11	8	20	10	3	12	7	18	16	6	7	
19	15	15	3	12	19	6	18	16	13	13	14	1	13	4	13	2	2	7	10	
11	2	6	18	12	8	14	9	12	3	4	9	16	10	1	17	4	5	12	19	
15	15	8	6	5	1	9	3	20	9	10	2	19	5	7	8	11	12	13	19	
11	5	17	16	11	8	10	12	2	14	18	6	4	7	9	8	1	15	18	13	
12	18	8	20	20	5	5	19	13	7	9	1	9	2	7	10	3	14	16	18	
3	12	2	17	4	9	11	15	12	8	15	13	14	12	16	11	19	5	10	5	
9	13	15	7	4	20	12	1	3	18	16	3	2	8	10	14	5	17	4	6	
13	16	16	4	6	16	15	9	14	9	3	10	11	15	18	13	7	15	8	2	
2	8	14	18	13	3	20	10	14	1	10	4	7	16	5	5	9	6	20	11	
13	20	15	15	4	18	15	4	5	15	6	2	13	15	11	3	8	7	9	15	
17	6	9	19	18	2	4	16	6	5	7	11	19	20	18	1	2	10	14	3	
15	7	14	5	12	4	17	13	18	13	12	3	20	6	14	12	10	7	11	6	
6	17	3	15	1	10	5	20	10	16	20	15	1	11	9	12	4	9	19	18	
6	19	7	1	16	18	3	8	4	15	5	18	6	3	13	19	12	4	17	10	
18	6	4	8	6	11	7	4	6	16	13	5	1	12	15	9	20	19	11	14	
8	14	11	7	3	12	3	5	9	17	9	16	10	1	12	15	18	13	20	4	
