19	10	14	12	12	8	2	4	15	4	9	16	8	3	1	16	5	6	11	8	
12	8	18	4	6	6	1	4	11	10	9	13	14	2	20	3	13	19	2	5	
20	19	3	17	18	1	2	9	16	11	6	5	16	4	19	12	7	10	13	8	
16	18	5	7	9	3	17	12	19	8	7	10	4	7	6	11	17	13	9	14	
3	13	4	16	11	12	16	5	18	17	19	3	6	1	8	11	2	2	20	18	
8	16	16	1	12	8	10	6	8	18	5	9	6	19	13	7	20	11	14	17	
1	5	16	3	3	13	3	2	6	13	10	2	7	14	20	17	19	19	12	5	
13	6	2	8	3	5	12	11	8	19	4	18	12	10	14	5	15	7	4	16	
13	2	13	8	14	3	15	9	20	2	3	9	17	15	7	16	17	18	4	6	
4	18	10	5	17	9	7	8	12	13	10	19	20	6	5	14	1	15	8	18	
6	9	15	20	20	19	5	14	5	1	7	6	8	5	10	12	11	5	16	18	
2	2	6	19	13	20	17	1	14	2	15	8	9	5	18	4	16	12	3	10	
8	4	5	6	18	7	13	6	5	20	13	11	16	17	20	18	14	15	19	16	
7	20	17	3	10	9	18	15	18	16	2	16	11	5	9	16	6	1	11	12	
12	3	8	18	15	2	12	19	4	17	11	6	6	16	12	13	14	14	5	9	
18	4	19	16	7	20	9	20	15	2	4	17	10	2	11	13	3	11	6	8	
17	7	10	2	19	6	3	8	8	5	12	2	18	11	15	20	9	16	11	13	
20	11	20	5	4	15	16	10	16	3	15	12	8	18	20	2	9	5	1	19	
14	14	1	10	13	17	13	13	2	4	16	20	15	2	19	16	18	4	7	8	
9	12	7	13	16	10	14	17	2	6	7	15	4	20	2	19	4	3	8	1	
