7	17	4	8	4	3	14	12	15	20	10	14	9	20	1	9	5	11	2	16	
11	3	9	18	12	16	16	2	6	19	7	8	4	17	14	10	12	5	16	20	
2	15	20	1	12	18	7	13	18	3	18	19	19	4	13	5	17	7	6	12	
15	3	17	16	9	8	13	11	3	6	4	2	19	1	12	20	8	18	10	15	
4	18	10	12	18	1	8	4	17	16	14	9	17	20	14	15	19	4	3	2	
20	5	9	9	15	19	5	1	4	5	13	5	2	1	16	7	11	12	20	6	
5	11	3	11	1	14	4	16	16	7	11	6	8	18	10	11	13	4	9	15	
6	11	11	15	1	13	19	9	2	17	3	4	17	5	13	16	7	14	20	12	
7	20	14	3	16	13	11	17	14	9	1	10	18	19	2	16	12	10	15	4	
16	7	2	1	8	4	5	3	9	2	12	11	19	15	3	6	5	13	9	17	
17	19	16	4	15	7	17	14	6	8	11	10	12	2	9	13	3	6	1	19	
15	12	20	5	17	20	3	18	1	1	6	15	17	7	16	2	13	4	13	19	
1	1	5	1	13	1	20	13	7	18	2	14	3	19	15	10	16	7	17	14	
8	1	19	20	4	5	11	15	16	1	9	13	11	3	17	12	18	2	4	7	
15	4	8	2	11	12	9	16	18	5	20	18	13	16	7	5	10	15	19	3	
9	13	4	14	2	5	6	10	2	1	4	7	9	8	5	17	2	3	11	15	
16	8	6	5	14	2	7	19	5	12	15	16	17	4	11	5	9	3	18	10	
18	13	1	6	3	2	10	3	8	18	16	16	15	9	10	11	20	7	14	17	
19	14	20	7	15	6	2	20	19	11	13	17	13	12	8	5	4	14	5	9	
1	2	12	17	10	7	15	4	11	13	18	20	5	14	12	8	1	9	16	11	
