4	9	4	3	10	10	19	2	1	3	5	10	7	14	3	8	8	6	14	11	
6	19	13	8	20	7	4	10	11	16	1	3	1	15	17	5	9	14	18	2	
5	7	18	2	18	10	7	3	13	11	14	16	8	16	15	4	20	15	6	8	
9	20	9	19	12	15	14	10	18	19	7	20	3	2	19	11	10	4	3	13	
12	14	19	8	7	1	2	17	5	3	2	11	20	20	4	10	13	3	8	9	
19	13	17	12	13	6	12	14	7	12	15	8	16	9	5	12	11	10	6	18	
16	18	9	14	8	18	13	9	19	20	6	7	10	1	8	12	4	17	15	3	
18	3	17	11	1	12	5	4	13	17	2	6	11	7	9	16	16	19	2	8	
16	1	8	15	16	5	4	9	12	6	18	6	11	12	19	4	2	5	20	2	
20	17	18	1	7	16	6	1	14	15	14	18	12	11	2	3	19	5	4	7	
18	16	20	1	5	8	15	18	2	10	9	18	17	13	14	1	7	15	11	9	
7	2	4	16	2	17	7	12	7	8	2	5	11	18	20	6	13	13	18	14	
11	13	1	5	4	2	16	8	6	3	17	12	14	7	18	13	3	15	19	20	
6	5	14	15	17	3	18	7	5	9	9	13	15	6	7	19	5	20	13	10	
13	16	10	17	20	14	16	11	15	19	20	16	1	3	6	16	5	15	12	6	
10	11	8	4	13	13	7	7	3	10	8	2	3	5	13	14	6	1	16	15	
15	8	2	14	3	18	20	1	1	4	16	7	9	10	7	10	12	3	14	14	
2	7	15	6	6	19	4	20	16	12	9	17	9	4	19	7	3	18	1	5	
13	10	17	13	2	5	17	14	20	8	11	19	4	8	16	9	1	17	3	2	
1	15	11	7	6	4	8	5	9	13	12	19	2	17	6	18	14	16	10	19	
