26	30	30	8	38	12	53	5	26	45	15	45	39	44	25	50	27	55	38	9	1	31	45	36	47	32	47	20	52	39	10	36	6	53	28	25	49	22	14	4	51	26	48	19	55	2	11	24	53	54	16	38	7	3	17	
38	19	48	42	13	29	35	33	20	31	44	30	9	50	41	11	30	51	55	47	48	53	1	1	36	31	2	15	35	43	32	16	4	21	3	5	33	34	32	52	47	6	21	54	7	46	7	26	40	46	17	37	28	54	18	
5	28	14	17	5	42	31	5	43	34	44	29	9	6	4	43	50	7	49	33	44	37	24	12	19	13	11	34	38	50	35	26	20	32	40	9	16	55	53	44	36	39	15	38	45	16	18	21	7	2	51	36	23	8	45	
40	13	41	3	34	20	34	2	37	8	26	30	22	24	13	9	40	49	20	7	20	21	15	25	12	1	18	45	23	19	20	4	16	45	46	34	10	22	27	28	27	44	42	33	52	53	38	34	47	43	25	48	48	39	29	
44	36	18	19	42	22	23	30	35	10	18	54	1	37	16	26	49	44	11	24	38	5	47	1	33	19	25	10	9	46	27	37	12	28	53	51	45	20	23	13	14	39	6	10	21	19	29	15	5	17	31	32	4	7	13	
34	23	21	41	16	51	49	37	5	17	33	40	4	35	5	10	32	28	55	39	44	18	44	38	5	2	39	30	2	45	28	20	50	33	47	50	27	36	31	29	37	48	11	42	24	55	33	53	26	17	22	54	30	9	25	
19	48	2	34	47	29	4	9	22	34	51	1	3	17	28	16	51	18	12	19	26	9	36	21	32	50	27	29	24	32	33	38	22	31	14	53	3	5	4	10	23	40	49	8	54	20	25	47	30	35	8	44	37	28	52	
39	20	19	51	26	36	26	49	42	54	47	38	41	47	27	34	10	8	26	15	46	30	21	36	48	36	28	35	43	55	27	25	17	30	18	27	9	41	22	48	29	7	28	50	51	40	14	45	44	24	52	32	53	1	52	
28	28	10	47	14	6	3	36	6	32	38	17	36	9	32	13	18	37	25	10	30	6	8	5	34	16	47	11	51	39	45	22	52	53	11	50	42	12	29	33	27	50	54	5	1	21	3	19	55	25	15	20	28	4	7	
4	17	35	52	10	16	26	29	53	20	25	44	46	21	1	20	45	49	51	34	34	15	21	37	54	44	43	53	14	30	54	3	44	33	39	52	32	7	10	27	24	19	13	12	37	5	22	11	44	18	30	8	9	48	40	
47	34	12	43	33	39	26	20	26	55	1	7	16	5	14	40	13	31	36	9	52	32	9	48	5	3	21	10	9	53	37	54	18	43	27	35	25	49	50	35	46	35	41	4	28	50	30	21	11	6	29	47	22	20	38	
12	21	41	6	27	35	38	10	35	23	33	11	32	25	44	9	55	21	45	2	42	25	28	5	37	17	16	8	26	21	43	33	39	13	23	52	45	3	3	9	11	20	17	40	42	4	47	41	9	34	26	36	1	46	38	
18	38	39	23	4	1	50	21	24	4	42	17	33	29	4	41	37	22	41	20	48	28	9	30	34	40	40	12	26	25	34	28	54	14	49	43	55	27	6	8	31	32	9	46	5	10	15	25	16	53	44	6	26	48	35	
55	18	2	53	28	18	27	53	14	26	43	2	10	55	45	15	13	6	22	1	7	16	17	31	29	51	3	32	4	34	49	5	49	35	50	19	50	8	14	54	30	41	32	37	38	6	52	48	10	9	34	11	14	33	20	
27	25	15	2	27	45	35	13	23	13	48	26	47	51	24	38	28	7	1	2	31	3	36	7	10	20	25	9	31	54	21	43	11	19	42	20	6	6	30	13	4	6	36	48	55	8	15	12	49	14	50	16	5	14	22	
7	31	22	13	48	5	19	32	11	35	3	28	26	6	42	36	49	46	15	27	30	1	38	34	47	37	29	39	33	36	40	23	10	55	21	41	2	43	16	53	1	17	12	14	5	50	45	51	25	44	6	52	29	47	30	
6	6	38	42	22	16	20	42	10	4	47	48	46	13	47	41	12	4	35	7	49	27	36	29	50	22	33	30	36	5	1	39	7	23	23	14	36	28	39	31	32	29	8	4	40	53	34	35	41	7	43	19	18	18	46	
10	26	21	24	3	9	22	39	55	29	46	10	50	16	33	23	30	4	15	31	28	52	45	47	23	49	16	40	9	20	14	3	41	19	25	28	34	31	51	22	5	27	17	53	32	48	2	54	48	15	14	6	51	11	1	
16	34	50	39	41	11	51	28	36	12	37	49	22	14	41	42	53	52	2	32	21	44	31	17	22	29	15	13	25	1	3	24	32	38	48	4	46	40	33	26	35	49	18	54	6	40	27	39	34	10	19	52	54	28	55	
55	42	53	8	49	51	52	13	12	30	1	13	18	24	26	26	43	15	25	28	2	8	49	27	26	55	36	8	34	48	45	31	32	40	24	23	20	16	20	35	43	5	26	45	26	37	14	14	46	36	25	33	29	17	3	
41	52	33	44	28	10	18	45	40	43	11	47	5	12	9	19	51	11	29	25	21	6	37	16	38	2	39	14	14	35	7	50	28	24	23	40	36	39	13	1	26	8	46	15	17	42	20	8	48	49	30	9	34	51	21	
11	37	42	18	50	18	10	28	30	31	49	12	47	19	23	32	24	27	19	35	39	54	36	33	29	8	46	22	40	26	29	46	5	55	51	38	15	1	7	29	16	40	43	48	53	46	28	20	2	26	41	31	9	6	41	
36	9	16	42	45	40	55	22	28	53	53	8	52	38	12	24	52	50	5	29	32	35	48	36	39	3	17	2	10	18	41	44	11	54	14	1	23	12	3	49	7	4	40	6	34	51	22	25	28	11	41	46	43	19	26	
7	22	23	7	26	38	31	53	47	15	9	29	35	5	29	12	11	12	50	50	43	29	2	55	41	52	25	28	24	40	47	30	1	16	19	24	35	48	19	14	46	13	25	23	18	51	33	9	51	20	3	32	39	41	27	
21	35	38	46	2	21	24	14	19	20	30	31	52	7	31	48	50	41	15	3	41	50	20	47	40	29	32	1	11	15	16	14	36	37	45	34	4	10	47	4	17	18	16	51	9	44	42	5	15	39	1	53	19	12	42	
1	31	3	41	24	15	40	36	48	21	10	10	6	18	53	5	16	2	7	8	50	47	32	46	4	14	32	54	29	34	25	17	50	26	53	11	24	23	36	12	39	30	19	41	31	45	30	43	33	37	49	22	13	27	51	
10	24	11	48	46	29	2	44	21	24	27	22	32	47	42	30	27	16	23	52	30	10	12	16	25	29	49	40	35	13	19	29	31	27	20	3	54	18	45	4	28	13	26	42	43	50	17	13	50	35	53	21	32	45	33	
50	16	11	20	35	21	36	48	33	6	51	23	2	11	49	3	22	47	11	10	34	45	5	32	23	24	26	41	50	8	5	37	9	15	47	28	18	25	19	38	15	12	52	1	8	54	44	13	20	55	3	51	26	14	21	
46	13	26	16	48	18	5	20	25	3	52	37	18	8	53	39	18	9	19	16	54	4	2	10	21	38	10	55	6	55	20	36	52	29	1	42	43	52	48	52	40	39	31	41	44	13	20	47	7	41	2	12	24	45	11	
30	27	2	28	15	41	29	50	36	1	40	20	42	22	51	20	3	32	48	43	3	7	46	31	49	24	31	45	37	17	37	6	25	23	16	37	8	44	28	45	33	52	44	55	3	38	12	46	54	43	18	41	35	47	19	
20	14	43	7	31	44	28	33	54	48	46	33	52	23	45	21	39	26	50	16	15	29	24	45	12	53	4	51	25	47	8	42	45	36	33	18	8	6	35	3	35	10	22	17	11	49	22	34	5	19	48	24	28	2	44	
37	50	31	21	17	20	25	43	50	41	5	52	48	47	18	34	26	24	38	39	33	17	3	51	20	2	42	19	27	40	6	48	22	34	8	29	39	14	6	16	53	9	53	28	53	12	46	7	20	23	32	40	30	35	36	
31	17	17	47	29	43	36	18	1	53	12	18	34	26	8	33	4	1	28	19	39	24	47	44	41	5	16	16	15	32	36	45	32	39	19	2	15	52	9	54	47	12	3	8	20	6	25	22	10	37	21	41	3	50	13	
29	51	26	35	49	46	54	34	15	33	37	3	29	31	3	25	7	12	23	55	27	14	22	39	16	4	37	41	44	26	52	15	8	7	36	52	47	29	17	48	2	50	45	30	10	43	40	2	42	5	54	1	19	5	9	
14	46	40	45	36	8	33	32	52	24	13	50	53	34	48	40	20	25	16	33	35	40	18	18	9	55	19	3	12	21	8	10	15	41	54	22	26	11	52	23	17	47	49	27	7	39	37	28	4	34	55	20	17	5	36	
9	49	34	8	51	35	1	40	25	16	16	45	37	22	30	52	23	11	43	36	16	22	53	26	10	31	9	17	30	50	48	36	38	11	29	24	44	25	54	11	41	6	39	4	25	7	54	32	2	42	8	2	46	2	24	
40	15	17	54	42	4	42	21	38	38	50	46	24	1	36	32	25	26	13	25	37	4	23	9	5	44	12	3	19	53	17	2	11	27	51	55	21	26	8	51	3	31	28	29	29	47	41	36	14	37	7	45	39	10	53	
32	37	47	14	53	30	23	52	39	36	46	18	46	15	2	27	11	33	47	21	3	23	43	21	24	22	22	5	45	16	40	1	48	17	13	31	43	35	25	23	54	13	29	39	8	24	6	4	9	38	6	42	55	46	10	
2	11	5	4	40	4	30	39	49	42	53	22	27	11	32	35	6	29	44	28	36	52	33	22	45	53	34	10	54	1	50	50	13	51	39	37	52	51	15	39	35	55	37	47	3	14	11	46	24	39	20	43	33	16	8	
7	40	18	15	20	17	6	55	10	39	23	41	21	27	53	49	36	43	14	12	28	9	7	16	30	45	22	18	5	3	11	13	27	25	10	32	36	50	16	44	34	37	33	36	42	8	16	1	35	26	52	28	31	1	47	
45	28	20	45	30	6	7	23	17	2	27	51	35	28	46	8	36	13	31	14	47	24	25	35	1	33	25	48	48	10	49	27	37	52	9	50	3	53	18	2	42	40	32	21	49	22	24	9	29	40	26	3	6	34	39	
48	5	44	36	50	47	26	15	25	9	7	18	8	47	19	46	31	55	21	35	29	39	43	40	52	12	41	53	2	12	26	46	23	8	30	10	39	33	6	11	38	14	9	32	42	24	16	16	8	45	34	25	2	13	54	
52	16	36	47	5	48	8	46	45	49	53	39	30	32	39	22	51	34	27	11	18	35	26	17	28	40	38	46	41	42	44	21	40	9	51	47	51	37	20	25	28	15	4	43	23	27	50	17	3	5	24	5	2	26	31	
7	53	45	55	32	21	34	36	46	27	31	28	7	9	35	16	29	35	17	49	55	41	39	1	28	42	18	33	8	29	38	54	21	15	37	37	22	54	16	15	10	30	23	2	23	52	15	44	10	30	33	9	3	18	5	
24	40	8	51	52	23	14	47	39	28	18	19	43	2	20	37	54	48	41	50	53	16	10	38	26	21	55	28	17	4	18	32	37	11	22	12	28	30	38	51	44	42	54	13	39	15	49	31	45	16	27	41	33	15	34	
49	29	5	9	21	44	11	44	13	3	6	18	28	20	40	8	46	22	8	55	45	12	30	14	34	43	12	4	1	11	51	47	19	53	38	34	31	31	23	34	31	16	50	43	33	18	36	15	37	38	54	10	26	26	54	
2	12	9	45	11	7	38	41	18	22	8	53	44	36	52	20	52	5	53	26	17	55	2	42	23	25	30	28	48	37	25	34	43	45	31	39	13	46	5	19	49	10	40	24	31	35	27	27	36	21	33	50	10	28	14	
25	41	17	49	31	50	9	50	27	5	1	55	9	42	43	13	21	53	52	41	11	26	13	20	46	16	40	31	19	2	30	40	44	31	32	53	24	6	1	27	8	45	10	14	15	50	35	23	6	4	3	38	14	52	12	
2	10	37	25	18	18	39	38	53	11	41	49	17	42	31	43	48	51	40	46	50	33	55	12	2	6	12	36	13	6	22	53	55	1	19	15	12	4	32	50	49	21	28	9	14	3	33	29	28	10	23	20	42	20	29	
22	55	25	51	54	19	13	47	16	49	2	6	49	39	34	25	33	44	50	18	40	27	41	52	40	46	10	44	7	9	16	28	51	30	4	43	38	1	21	34	48	12	47	23	31	17	53	41	1	27	5	26	35	36	15	
17	7	10	5	53	24	4	19	50	13	20	34	48	10	51	28	50	54	47	2	22	11	44	49	43	52	44	52	30	7	9	44	53	1	33	6	1	21	52	55	37	2	24	25	4	4	31	3	36	6	38	40	8	24	32	
34	32	1	26	37	47	16	19	44	1	35	21	55	53	15	45	34	13	54	38	13	42	49	48	27	7	28	6	40	36	18	19	38	12	26	17	44	29	24	16	25	48	51	22	30	33	51	40	43	46	14	47	41	52	18	
51	35	46	34	6	13	32	7	43	44	28	53	15	39	54	28	8	35	46	30	3	25	18	41	48	48	45	17	21	12	32	52	33	4	17	33	11	45	37	2	18	49	32	31	29	15	43	32	53	28	42	30	36	43	16	
13	39	23	27	39	25	54	24	51	55	34	10	49	30	30	44	20	21	3	45	41	14	14	53	42	39	35	7	1	11	54	8	38	6	29	16	17	15	23	5	52	53	55	43	2	23	26	33	39	12	48	4	11	22	28	
49	33	27	37	25	31	41	30	2	38	44	4	13	54	10	53	47	4	46	32	5	17	42	7	35	39	53	34	49	54	23	25	24	43	6	48	50	19	11	32	20	51	21	36	29	26	24	30	12	9	40	55	15	29	5	
