52	29	13	35	25	53	9	40	2	6	53	19	35	44	24	37	5	51	11	9	28	19	20	38	10	22	4	49	15	53	14	45	9	42	54	34	37	47	3	36	37	41	52	16	14	7	35	17	53	43	10	12	46	27	45	
41	33	33	19	46	16	30	33	22	1	17	40	35	47	28	55	26	11	36	24	23	38	1	25	20	28	18	27	17	29	2	42	4	19	3	47	32	17	9	39	21	10	8	48	53	34	49	31	37	12	43	48	50	27	5	
51	53	2	8	54	28	7	25	30	10	25	6	40	39	55	8	41	48	13	30	44	31	5	49	1	14	21	33	45	32	18	25	27	17	34	11	43	22	32	3	28	42	47	52	23	31	4	46	22	9	5	50	29	12	15	
13	47	46	44	33	21	4	55	32	5	14	27	32	34	43	18	3	27	8	52	34	36	39	22	55	23	25	47	35	16	18	48	5	49	31	23	53	19	7	15	9	19	40	38	48	24	54	35	50	46	17	11	24	1	31	
9	5	53	40	37	53	42	24	43	33	40	8	15	43	54	27	49	16	50	17	48	4	13	25	36	43	39	45	9	21	19	2	23	55	27	3	37	11	11	22	28	51	14	41	34	53	52	12	10	46	26	42	47	23	18	
11	8	33	53	1	39	13	43	4	52	12	46	32	20	41	38	46	31	37	16	48	34	10	44	26	40	12	14	17	19	5	23	11	35	6	15	18	3	50	5	54	46	36	13	9	21	36	42	33	22	51	24	45	47	55	
54	14	48	7	13	10	9	20	18	29	22	12	42	22	46	31	17	34	8	15	27	23	47	7	40	4	43	48	32	18	44	29	16	32	21	26	26	28	43	30	53	8	25	24	14	19	55	15	33	45	27	1	11	3	48	
35	5	20	25	21	35	51	34	48	13	52	4	36	8	44	49	45	36	17	53	35	15	35	47	31	23	16	30	18	22	7	50	6	24	18	12	46	53	32	33	8	26	21	29	19	50	23	54	15	37	40	47	38	18	39	
7	25	37	21	40	38	25	32	28	33	34	37	18	30	9	35	35	17	54	6	19	46	11	46	45	29	15	35	5	17	1	9	39	35	14	21	16	36	51	28	55	14	10	13	41	2	45	8	20	41	12	22	16	4	3	
4	31	16	23	33	30	21	26	12	40	37	32	53	2	10	24	52	22	15	7	47	13	36	50	11	7	44	17	7	45	11	51	18	14	19	35	39	20	3	48	3	25	7	42	10	5	1	46	8	6	50	54	9	16	33	
53	20	5	6	24	34	2	17	50	10	16	14	46	34	3	23	34	25	15	18	31	1	7	19	6	52	54	42	39	55	21	34	22	5	26	24	37	24	38	16	32	39	27	7	15	26	28	33	34	29	35	49	24	30	10	
14	18	48	54	41	44	54	19	44	2	27	11	36	48	33	36	8	1	5	54	13	29	11	30	6	21	6	38	30	28	32	43	30	23	24	16	51	25	15	26	7	39	20	31	17	37	5	9	40	7	10	33	22	55	6	
9	19	9	44	34	20	22	16	47	26	38	45	6	43	2	28	47	39	32	3	52	12	8	3	46	9	48	20	14	45	10	20	49	3	50	23	21	10	24	52	25	46	41	23	18	39	36	49	27	11	49	4	19	51	44	
6	44	21	11	55	50	18	5	41	19	38	48	24	32	14	18	51	44	1	1	4	23	34	52	27	42	45	12	46	23	53	36	8	3	44	47	51	49	36	35	49	7	11	15	32	10	20	25	51	2	22	40	26	40	37	
46	24	3	55	12	8	38	45	55	39	18	45	31	48	11	50	40	13	3	41	40	10	54	48	45	53	54	28	17	36	44	47	45	32	49	41	42	14	16	34	35	30	9	51	20	2	43	44	15	28	27	35	23	22	17	
10	18	8	21	19	28	11	9	15	35	38	53	1	36	10	32	10	24	25	2	29	23	41	15	18	53	26	50	20	45	4	25	47	51	43	52	21	37	1	38	54	23	16	52	54	27	26	7	32	34	48	3	55	18	6	
15	16	25	49	29	54	37	38	30	30	10	23	35	31	8	53	27	29	12	20	25	21	31	17	50	7	7	39	46	24	40	3	20	46	49	48	33	28	13	2	42	8	11	22	34	18	19	4	41	11	28	50	32	35	9	
7	39	55	41	28	6	7	15	24	37	49	54	9	19	10	51	46	18	2	8	33	14	12	33	42	16	38	32	29	14	25	32	40	9	17	7	12	10	7	43	41	53	30	34	1	24	27	44	23	31	36	5	25	44	15	
8	41	49	36	11	5	45	41	27	51	40	31	47	44	22	23	14	17	38	45	16	45	2	3	52	26	23	34	48	6	50	39	32	43	17	42	28	46	25	52	29	47	12	16	21	20	23	35	33	44	5	53	33	4	54	
25	14	54	43	47	43	32	28	16	55	30	52	12	18	4	48	42	49	2	1	52	19	20	26	36	6	14	11	21	16	41	30	15	23	20	3	50	45	29	8	31	2	45	39	3	33	34	51	13	14	37	4	17	46	22	
50	34	24	3	51	25	29	10	36	36	23	23	30	52	49	34	28	34	9	4	35	39	15	19	47	26	46	46	40	17	1	19	46	26	22	27	31	33	21	9	11	41	32	37	22	8	1	43	40	7	38	18	42	41	20	
29	51	47	5	34	7	3	37	35	11	54	49	26	16	8	33	25	36	46	46	53	39	44	23	8	38	36	22	19	6	27	32	42	16	39	18	5	24	39	28	16	40	11	43	45	4	2	3	34	31	41	16	12	7	30	
17	39	44	23	2	47	34	17	31	47	35	33	36	54	15	2	13	35	10	36	55	11	34	43	30	8	19	30	4	25	37	6	5	27	26	45	1	2	12	16	38	24	39	11	22	32	10	18	51	14	37	48	55	20	33	
14	6	49	42	7	2	8	52	4	28	20	32	13	7	21	25	24	40	55	33	43	16	27	2	9	16	36	54	14	34	30	25	26	8	51	27	10	1	8	50	26	29	12	23	16	31	45	38	11	29	3	14	44	15	41	
48	26	4	31	36	33	45	46	53	51	39	9	43	23	1	22	34	23	35	54	24	2	41	51	52	55	43	37	38	38	12	15	5	11	44	25	28	32	14	10	13	35	3	40	5	1	6	32	16	30	28	17	15	7	5	
9	49	32	39	16	12	35	28	3	31	55	24	43	15	21	40	23	54	38	5	39	25	43	1	17	2	27	30	6	7	19	8	41	48	31	53	45	50	23	37	22	9	52	7	26	11	29	47	41	51	30	22	18	10	13	
18	54	15	31	39	19	35	31	1	12	4	38	55	38	45	27	6	49	14	49	11	51	20	36	34	13	5	40	14	44	43	15	28	55	30	9	3	7	37	43	17	26	23	20	6	16	25	48	2	18	29	52	53	31	32	
29	30	19	1	27	6	25	39	30	9	11	23	51	17	5	41	17	14	43	14	18	50	37	49	35	38	20	29	33	33	3	46	4	21	28	28	8	37	10	23	43	6	43	36	7	30	12	19	42	47	30	44	20	52	18	
55	18	34	11	38	9	10	24	11	12	41	25	17	16	29	36	44	18	16	22	20	35	8	24	4	46	51	42	12	47	2	49	7	20	1	37	13	48	46	14	2	15	28	3	25	42	24	19	1	18	21	6	52	23	26	
1	55	19	22	46	48	8	21	37	25	18	2	35	9	32	26	50	41	51	37	54	21	3	46	6	5	6	10	50	4	33	29	38	36	48	28	13	40	34	46	8	47	32	27	39	12	53	20	35	29	7	25	49	40	14	
51	42	6	45	20	2	12	47	37	27	24	47	37	6	23	12	53	52	41	9	21	32	53	39	49	12	22	16	43	43	15	36	29	3	10	31	2	13	7	25	37	17	54	3	8	5	14	54	55	38	3	7	54	40	38	
45	36	40	46	22	26	2	42	38	2	50	10	44	5	13	8	26	12	47	27	14	49	23	52	32	3	39	35	55	30	1	31	55	39	17	6	48	17	52	29	4	37	19	53	26	25	36	41	25	28	9	43	7	33	34	
33	13	11	51	52	16	49	24	55	16	38	3	6	40	46	17	43	12	34	26	22	45	4	2	12	14	7	32	23	13	46	35	24	41	25	5	55	6	26	42	16	48	40	8	30	15	21	14	28	36	22	47	24	18	27	
20	21	27	50	20	24	39	48	32	14	2	34	49	1	47	29	1	35	53	5	6	10	9	2	19	43	8	46	50	18	15	13	21	28	5	38	36	27	17	9	23	2	31	10	55	13	37	41	32	19	33	22	15	23	25	
29	7	14	4	3	27	3	53	45	13	42	13	45	55	13	39	15	12	18	23	51	5	43	21	33	47	48	52	8	20	6	16	9	13	29	44	24	26	40	54	30	11	51	2	2	17	38	22	2	32	25	37	31	48	1	
49	37	33	47	37	31	28	51	33	32	52	7	48	54	30	43	11	38	36	10	32	26	45	31	13	17	40	47	34	26	35	22	48	50	48	14	22	5	49	52	28	36	55	18	27	12	46	35	44	24	42	17	39	17	53	
44	18	10	20	48	20	50	53	52	40	31	9	54	33	42	41	4	15	26	18	30	35	6	5	7	13	32	21	45	35	50	18	34	45	36	9	9	13	8	43	37	31	38	26	11	22	52	13	20	16	7	46	26	53	31	
30	9	45	35	42	18	14	54	48	3	15	55	46	12	42	34	47	2	9	11	5	17	38	49	21	44	40	4	13	37	20	25	26	6	3	46	22	16	27	53	1	28	35	49	36	6	7	23	19	50	24	51	48	8	29	
7	22	9	52	13	29	9	36	39	11	25	13	16	21	37	51	18	47	28	43	25	33	29	34	20	9	30	10	53	6	23	44	10	14	35	19	38	41	39	5	36	46	2	48	12	26	41	11	12	54	51	42	13	10	4	
31	15	12	24	53	2	43	38	8	54	19	16	21	40	34	10	18	9	9	13	17	29	33	27	38	28	4	2	25	1	40	52	10	4	6	49	36	51	30	28	36	27	26	46	9	55	40	25	5	46	32	4	20	50	12	
39	18	1	26	28	51	15	22	44	41	12	35	19	3	45	42	12	14	52	42	25	37	24	42	23	12	2	12	16	47	28	36	50	5	4	19	54	9	26	27	40	38	1	55	29	30	12	21	43	8	6	10	37	31	45	
44	17	29	53	14	5	16	47	40	18	48	42	54	45	12	9	19	30	49	55	33	22	8	53	4	54	31	5	32	33	34	7	47	44	1	2	46	4	35	27	6	24	13	42	50	5	51	11	21	39	49	8	3	55	23	
3	50	36	48	15	11	20	13	55	7	53	42	38	52	17	6	40	26	1	25	8	45	14	12	16	38	9	38	27	43	45	25	30	29	18	32	34	19	28	19	10	31	42	44	4	46	35	37	11	33	49	13	21	54	9	
11	23	52	46	43	24	36	47	46	54	47	15	20	7	27	29	1	47	3	42	35	41	19	5	37	39	49	48	42	26	40	53	29	22	38	51	43	2	40	31	40	32	28	54	19	6	10	17	29	8	4	55	46	5	50	
26	39	17	2	10	32	26	3	49	34	25	36	17	24	5	30	48	19	43	44	37	37	40	41	50	45	22	43	22	27	29	28	51	32	12	55	4	35	42	31	14	9	53	10	16	53	39	6	18	23	32	33	54	10	11	
36	38	16	9	37	35	23	5	14	49	21	54	39	33	25	52	26	32	45	34	31	27	1	21	41	8	50	54	51	3	48	15	31	7	4	4	27	29	46	40	5	12	15	26	24	43	14	53	46	55	20	19	12	28	38	
47	23	30	30	4	17	20	1	24	15	1	18	22	6	54	45	54	41	7	6	3	11	16	55	2	48	10	19	54	8	37	33	15	52	9	1	5	7	53	20	2	43	27	21	29	13	11	16	49	43	23	49	51	14	35	
2	52	26	10	45	18	17	18	34	8	5	16	3	51	53	6	55	37	18	14	49	28	5	6	16	50	9	7	30	14	31	20	11	36	46	36	12	15	37	13	47	26	29	32	25	20	41	16	39	1	10	35	5	19	19	
18	1	25	12	22	37	20	23	27	53	50	5	34	34	26	44	22	49	4	51	11	3	17	8	25	9	24	51	54	31	54	9	8	30	8	20	42	18	33	11	7	13	55	28	43	29	53	49	14	48	45	15	35	2	7	
5	49	7	36	49	22	33	31	17	50	36	14	41	35	31	30	29	42	27	46	12	34	48	3	39	19	34	44	50	14	26	37	13	25	15	35	30	29	11	29	16	45	43	27	2	13	3	23	38	11	53	46	1	37	40	
12	2	18	29	32	3	39	11	6	5	7	26	19	37	18	46	38	44	28	50	30	40	46	42	18	49	33	49	24	12	13	16	52	55	41	30	14	21	18	47	12	22	14	35	38	36	5	27	3	53	51	31	52	43	10	
54	11	40	13	22	36	41	35	15	38	6	37	45	13	39	25	9	2	23	21	40	52	22	54	43	35	42	15	31	2	4	26	10	33	55	16	7	38	44	24	12	27	46	47	28	21	48	28	17	19	34	16	4	49	51	
27	16	28	21	30	26	24	39	20	47	36	39	38	4	16	54	5	21	23	29	38	41	18	50	48	25	26	23	6	9	36	17	12	48	37	40	4	55	15	32	45	35	39	33	22	41	8	15	50	42	24	34	53	6	23	
28	40	35	14	31	41	49	44	29	26	26	48	27	7	6	33	2	33	19	3	32	42	50	45	10	20	11	25	3	31	38	26	17	8	9	43	47	52	18	42	15	33	34	22	37	21	9	15	46	50	5	17	16	13	48	
5	3	45	15	52	13	44	27	5	36	28	29	50	41	38	47	7	54	48	19	26	10	49	32	51	42	35	52	37	10	22	30	46	52	40	54	54	12	45	55	43	52	17	25	31	53	16	2	1	4	14	9	34	4	21	
