21	2	50	40	22	7	35	23	34	44	47	34	31	51	50	52	25	25	26	44	14	45	49	23	18	30	6	50	53	4	14	54	24	29	28	12	34	5	20	10	34	9	28	55	45	8	41	12	32	50	42	41	27	19	48	
39	46	52	18	24	40	16	17	48	30	30	3	48	19	7	42	50	55	54	28	42	4	12	41	31	4	21	1	26	24	47	49	54	32	52	22	10	10	23	55	37	36	43	14	53	46	2	33	44	51	5	15	51	13	51	
11	13	2	51	23	10	27	15	7	52	9	12	46	3	18	44	25	53	15	36	47	46	32	21	19	14	21	31	46	17	12	55	16	53	34	35	5	4	37	54	53	40	47	29	28	20	15	50	44	22	15	33	45	38	39	
5	39	44	21	27	3	30	10	2	12	42	35	14	43	11	50	26	36	40	51	6	46	50	45	30	49	52	47	37	28	15	38	49	48	43	7	30	8	13	30	16	39	9	9	17	2	1	21	22	38	4	12	18	36	53	
26	27	31	2	46	41	1	13	32	41	53	35	15	52	33	41	47	1	45	54	10	31	55	28	51	19	13	5	15	48	39	25	3	12	24	46	50	23	1	11	6	4	44	17	34	7	42	29	8	16	20	14	45	9	30	
25	4	21	27	3	9	50	25	10	5	46	39	38	53	37	47	2	18	20	3	36	11	30	1	11	43	7	7	17	43	14	39	31	32	51	32	26	43	54	19	45	42	55	12	24	21	44	10	28	47	13	2	6	25	49	
8	10	43	12	25	15	10	48	44	40	41	17	8	27	13	24	1	39	8	52	5	26	38	13	34	27	9	33	28	30	4	16	24	45	12	36	44	19	24	31	43	7	44	49	18	42	1	3	22	50	53	20	11	21	22	
35	44	14	53	52	41	54	52	49	28	6	25	16	10	46	41	50	37	15	41	40	53	26	42	4	17	22	13	18	39	19	37	20	30	32	7	21	29	45	5	55	47	23	10	1	2	36	48	24	46	27	5	31	27	33	
30	41	49	40	43	18	2	11	28	16	39	19	27	52	5	16	35	50	27	29	33	13	6	9	20	37	23	10	7	35	24	34	18	15	4	46	30	45	53	42	3	21	4	22	16	12	14	35	40	25	7	8	35	52	9	
40	31	17	47	23	49	13	54	51	12	43	26	27	29	8	11	17	27	55	28	28	45	41	4	14	7	50	14	30	45	8	52	5	22	40	25	1	37	9	35	33	48	6	44	10	9	46	21	20	36	34	53	12	15	38	
22	7	25	33	18	12	38	11	3	45	35	24	28	1	30	6	31	8	49	19	54	55	55	17	5	20	34	46	28	47	9	47	39	31	10	53	27	32	48	26	5	29	35	36	10	50	21	38	2	12	40	37	51	24	52	
53	29	28	29	54	4	34	30	26	7	36	8	19	52	55	42	3	7	6	28	15	53	33	36	37	42	19	16	35	27	51	18	53	21	44	36	9	20	8	22	12	29	24	28	11	6	5	10	52	45	19	13	40	49	29	
18	33	32	31	53	1	12	13	39	17	41	20	24	45	10	27	54	23	49	11	30	52	50	22	47	37	38	39	6	17	13	21	34	26	37	29	25	46	28	48	5	14	7	15	55	16	38	35	21	19	44	49	52	36	40	
28	44	35	52	47	49	46	53	26	15	31	52	25	6	8	14	51	14	18	48	50	17	15	29	35	32	1	19	10	21	23	35	7	43	16	38	34	5	33	2	17	8	39	38	54	44	37	31	42	51	22	35	55	34	5	
17	47	45	27	41	8	35	18	54	20	19	34	38	21	9	38	22	1	6	44	34	35	23	7	6	15	26	37	52	45	27	11	21	13	22	4	5	42	6	43	10	22	12	39	27	14	6	46	49	53	32	25	16	51	17	
16	51	40	38	32	14	48	40	33	46	46	36	49	30	24	21	17	43	25	40	13	20	30	2	12	23	18	21	34	53	35	35	47	5	15	20	19	6	44	33	50	37	50	26	52	16	45	6	54	52	55	54	22	16	41	
11	24	41	16	42	37	49	19	12	38	32	30	38	22	3	13	53	20	48	21	9	6	51	55	47	31	28	34	43	28	54	39	49	40	51	44	3	47	37	14	9	11	27	45	16	29	4	15	45	33	30	52	36	8	35	
12	36	5	27	8	31	10	43	22	31	37	40	32	8	20	42	15	15	11	2	28	23	41	24	9	16	37	45	36	44	22	33	13	12	1	14	41	17	55	46	25	20	18	53	26	20	27	25	34	21	28	44	38	49	19	
32	49	31	19	14	16	25	44	21	34	29	19	17	23	3	48	43	22	5	38	45	22	4	52	38	8	10	24	42	54	18	16	30	33	19	47	45	50	15	51	5	41	12	6	5	55	53	1	17	2	12	46	16	3	39	
51	4	42	4	31	22	5	44	50	35	6	21	9	32	34	44	36	3	41	37	6	38	16	35	52	10	32	25	10	29	6	45	18	31	33	46	53	23	19	30	43	23	48	48	39	10	40	2	11	5	24	13	44	46	47	
20	32	7	42	39	20	45	14	35	18	44	10	53	9	27	25	35	33	15	26	1	22	44	3	17	33	24	27	15	41	44	36	15	49	19	40	54	48	48	21	47	21	28	43	16	37	10	51	11	11	2	12	16	29	48	
30	5	53	42	17	36	28	33	35	6	46	15	43	20	48	2	9	11	12	49	10	44	45	53	54	51	39	50	51	10	25	11	55	19	50	1	52	7	30	30	4	13	29	37	22	19	24	31	16	32	7	23	21	14	18	
1	28	40	32	8	34	52	16	30	13	50	27	50	42	41	22	36	31	48	3	37	52	24	48	9	40	52	29	2	29	33	43	54	11	17	5	42	51	5	4	7	40	14	41	25	53	47	44	9	37	45	42	19	52	36	
24	35	27	49	20	54	8	4	37	16	3	26	44	38	16	41	42	53	39	12	19	30	1	5	25	23	36	8	40	31	38	6	47	50	38	52	33	43	41	12	46	45	23	18	20	47	54	53	18	34	48	51	49	55	23	
15	7	54	7	29	12	43	31	43	22	54	37	52	26	19	49	12	44	55	25	48	20	9	37	35	27	11	14	5	48	32	4	40	15	13	11	24	36	26	16	55	28	33	38	41	48	17	29	39	11	46	23	30	45	44	
6	1	51	1	4	28	17	47	11	19	54	18	38	24	41	32	2	48	7	35	23	39	46	49	55	41	30	21	11	5	49	2	45	31	42	33	42	44	22	50	8	5	52	25	20	34	3	9	12	10	43	36	24	16	13	
22	52	24	28	48	13	5	34	55	19	17	30	3	45	36	36	44	25	29	11	31	47	8	34	1	36	15	16	45	14	26	51	50	32	7	27	42	51	4	39	12	5	53	54	46	18	19	33	41	45	49	13	35	33	44	
23	54	43	34	41	42	55	34	36	29	25	4	1	18	45	26	15	47	4	13	22	19	28	53	44	2	23	41	21	40	27	46	36	3	14	19	38	52	37	6	9	46	49	47	7	31	11	20	20	12	14	27	28	30	24	
2	26	29	40	33	11	52	55	31	36	52	35	18	46	14	2	39	45	43	28	49	16	36	10	21	32	8	45	44	32	50	43	42	21	27	3	16	22	1	44	53	51	8	4	35	7	48	3	5	24	15	40	25	48	34	
30	22	39	17	51	55	53	36	39	1	46	41	14	50	34	43	32	11	52	30	43	54	2	31	43	5	44	12	14	21	45	42	27	25	42	20	23	35	54	47	34	29	15	32	29	33	4	4	40	37	8	13	24	6	41	
4	4	13	55	15	31	41	40	1	50	24	22	2	1	6	31	19	28	42	36	51	17	37	27	3	3	33	51	20	34	34	7	20	46	5	19	18	42	8	3	21	25	10	23	7	48	49	11	17	33	47	54	34	12	26	
19	11	47	11	28	17	42	31	25	16	33	28	20	4	26	6	23	32	9	39	38	53	17	44	53	48	17	43	10	35	46	24	36	20	40	2	12	10	31	27	4	49	46	21	50	14	29	12	45	18	35	16	13	49	37	
50	25	51	22	32	19	8	41	48	14	15	38	21	3	49	39	5	37	27	9	13	28	31	9	53	33	42	2	29	20	36	20	43	17	39	6	32	31	46	10	40	55	30	45	44	23	26	45	40	47	51	50	4	10	2	
40	40	30	29	10	45	47	27	17	6	51	19	23	25	3	33	49	42	55	41	32	3	47	13	40	26	48	20	15	1	19	53	24	34	21	18	18	11	30	24	1	31	36	28	44	38	48	37	14	33	6	35	33	50	43	
3	13	20	20	12	5	23	7	26	51	12	42	53	8	15	15	6	34	35	24	7	14	10	30	11	19	25	35	36	12	16	37	9	10	53	19	13	18	17	38	54	6	21	49	27	18	50	1	43	26	9	28	29	8	55	
27	12	5	46	45	1	36	23	52	47	7	11	54	8	17	18	4	50	10	37	53	11	29	43	44	38	50	3	8	42	36	14	51	39	2	25	28	36	49	16	22	50	11	5	48	13	9	55	48	15	21	35	23	32	25	
50	14	55	48	54	26	14	1	6	50	2	28	3	17	3	19	36	35	25	27	18	24	16	46	13	21	49	45	32	24	52	12	20	36	44	8	45	3	53	37	34	38	11	35	51	48	54	15	15	3	39	29	10	37	4	
29	47	48	50	9	2	31	18	18	49	46	5	35	44	43	12	20	21	3	39	11	34	17	23	44	22	44	4	13	24	54	30	14	44	25	6	46	35	26	45	27	9	37	47	37	19	55	42	36	40	23	1	17	39	52	
45	42	38	43	36	4	39	8	1	21	1	4	40	21	12	13	46	2	44	17	37	5	55	25	26	37	29	11	38	50	7	25	19	28	18	54	29	34	45	15	31	52	2	13	9	50	22	34	51	50	3	15	41	35	6	
6	15	46	15	49	38	4	2	5	29	10	50	42	28	37	40	55	10	47	10	3	31	18	33	10	52	10	22	39	40	41	44	36	35	35	13	51	53	11	47	1	5	26	34	29	54	17	14	6	43	23	7	1	24	16	
9	14	10	14	44	34	51	22	12	8	54	13	1	31	4	32	11	6	1	32	20	46	47	31	30	18	37	13	12	43	13	3	53	21	23	26	39	50	34	49	48	15	42	41	33	45	7	40	34	55	12	2	46	40	17	
46	50	44	1	46	27	53	49	9	23	45	32	55	38	21	30	23	19	1	53	34	42	47	6	5	35	54	40	46	36	48	33	15	24	18	10	32	13	34	28	13	22	55	51	43	46	12	50	3	7	41	11	33	17	14	
35	34	8	4	21	29	3	39	27	54	41	14	16	40	45	45	48	9	23	26	41	53	35	32	33	37	53	39	55	12	35	19	29	42	20	35	2	1	16	7	51	41	22	50	21	6	31	5	54	52	21	38	34	43	45	
7	17	41	44	55	37	21	16	13	44	22	41	26	33	42	28	51	24	44	45	29	36	4	34	17	53	31	35	17	9	30	23	10	4	49	11	38	54	8	32	28	27	14	52	40	39	7	25	47	48	14	18	15	8	46	
25	48	11	55	5	20	18	24	12	9	4	23	29	53	22	2	27	46	2	15	15	37	19	35	28	51	32	42	47	30	12	13	5	6	52	7	7	55	14	16	17	16	31	29	3	37	25	16	21	14	26	11	49	34	44	
31	53	8	45	41	23	52	51	14	55	33	16	4	34	14	20	17	12	32	31	7	53	44	18	7	1	17	16	33	37	42	34	28	34	22	15	41	21	47	52	53	10	7	46	23	5	43	26	13	27	53	19	55	40	17	
5	16	18	5	40	48	32	15	8	7	20	2	45	17	35	29	13	27	28	55	52	21	36	14	27	38	51	26	23	19	27	15	33	44	14	50	22	29	3	10	38	12	54	9	30	27	34	22	53	41	7	31	1	22	42	
13	45	32	23	10	39	33	20	4	10	17	43	23	47	17	17	5	14	11	1	21	35	25	40	15	50	26	44	32	46	8	28	20	37	48	27	16	9	30	3	12	53	26	19	16	41	33	6	49	42	55	55	5	22	27	
4	55	1	28	30	22	37	39	40	53	16	8	10	35	23	54	33	51	21	34	8	48	9	11	23	36	12	19	24	12	43	13	49	17	38	9	36	2	42	18	52	55	13	3	6	32	39	22	25	44	17	15	47	45	15	
38	9	2	3	34	53	24	28	45	38	55	44	17	48	19	23	38	4	26	31	6	40	52	11	49	35	5	6	50	51	53	32	1	54	15	16	35	36	39	21	18	19	40	20	7	10	34	43	44	46	51	41	27	42	43	
16	6	3	4	50	23	44	13	15	37	12	18	11	46	47	17	52	2	4	7	16	40	27	36	29	13	13	48	22	39	31	35	42	20	26	11	30	14	22	33	25	18	32	21	8	15	38	50	1	18	54	5	43	23	9	
54	4	19	6	23	21	15	45	25	24	8	29	30	55	39	1	28	5	30	33	45	32	3	25	36	6	2	4	38	7	9	31	44	11	9	17	49	12	40	13	20	42	25	42	37	46	35	34	48	4	54	22	14	41	24	
33	37	17	30	6	2	20	32	43	15	34	36	7	26	25	48	29	41	13	51	12	52	21	38	9	9	19	23	3	2	40	26	30	47	38	39	43	49	50	28	11	24	48	48	32	15	36	54	43	1	35	35	28	53	8	
31	43	15	36	29	24	8	52	29	39	19	6	21	5	39	34	43	7	11	40	25	18	8	8	41	36	35	18	46	17	17	5	48	16	30	14	14	18	10	44	52	20	38	2	13	10	23	53	55	28	25	21	25	26	14	
10	38	33	11	13	47	14	2	19	22	26	31	34	36	28	3	24	40	30	8	41	41	15	23	16	39	46	27	5	49	29	1	15	55	6	37	43	25	32	46	23	35	18	7	4	51	52	12	53	54	18	42	9	20	45	
