44	1	44	9	7	32	55	31	41	32	12	9	13	33	7	42	25	18	24	29	26	52	46	25	5	21	44	27	52	43	46	54	41	45	39	2	3	36	17	41	11	26	35	21	47	26	6	53	41	14	24	10	50	12	19	
52	30	6	9	11	31	39	8	14	23	32	1	23	9	2	49	17	13	13	24	41	36	25	37	19	23	3	15	16	12	18	51	26	7	2	20	22	39	27	21	46	53	28	54	48	29	45	6	33	55	34	53	35	38	40	
36	1	30	34	55	25	35	48	34	39	48	52	3	16	6	21	4	44	26	55	33	27	29	36	40	13	47	35	31	12	8	51	10	23	14	7	45	46	52	22	14	32	3	15	29	9	20	18	47	41	2	24	52	37	43	
34	26	32	11	41	41	16	34	35	36	33	26	12	20	7	17	18	21	17	19	47	20	37	8	10	4	7	22	53	23	1	24	43	30	24	27	55	25	44	19	45	18	42	53	28	34	13	37	52	13	38	41	31	13	39	
25	1	37	38	39	41	37	52	13	51	6	40	36	28	10	52	2	26	27	53	32	55	49	54	49	47	34	19	20	31	49	42	30	15	9	53	1	43	34	3	24	44	33	4	50	35	38	5	48	7	45	11	46	12	8	
21	53	36	38	2	9	17	28	23	16	35	18	53	7	37	46	28	19	5	14	8	27	50	41	3	38	14	10	24	7	11	29	3	31	9	44	38	12	15	45	23	47	48	18	51	27	22	22	40	9	33	32	33	13	2	
34	48	13	27	1	5	36	14	47	51	21	33	31	15	45	19	35	34	9	50	28	20	41	34	2	35	51	19	10	6	18	30	38	16	40	23	18	18	37	7	53	39	24	29	51	12	30	17	43	25	50	55	42	33	22	
26	10	12	42	5	2	45	17	24	3	54	31	5	1	49	51	52	31	18	8	11	26	35	25	54	43	4	38	11	33	41	34	28	37	6	17	23	48	18	44	35	15	4	39	55	50	30	49	13	31	46	6	47	7	27	
25	44	14	5	52	31	30	16	1	9	19	2	29	9	18	2	28	17	3	7	14	51	21	48	45	49	31	48	33	34	4	55	7	20	45	46	44	22	6	29	12	5	23	37	11	31	38	24	45	26	27	43	4	47	33	
47	23	49	37	54	12	26	38	16	38	13	2	11	14	43	39	22	45	38	44	40	11	24	5	40	31	29	25	32	3	43	21	27	34	46	8	30	53	42	48	33	41	30	35	50	15	51	14	4	31	55	40	52	6	50	
8	21	1	17	50	2	2	1	10	20	28	14	47	23	40	20	41	21	48	11	13	4	46	12	46	19	50	16	42	40	43	47	3	41	7	50	27	48	35	34	53	5	32	29	15	15	33	51	36	22	49	31	11	39	39	
41	50	18	54	22	55	39	11	55	10	2	35	34	35	1	53	17	46	27	30	53	39	6	32	2	12	7	30	21	38	3	47	17	14	42	36	53	13	32	40	19	18	4	43	37	5	31	51	44	43	24	22	15	27	51	
10	23	55	24	41	22	20	18	25	18	1	2	14	8	18	35	11	23	34	44	2	17	4	36	53	31	5	21	40	13	53	48	33	37	15	3	6	19	16	23	37	7	9	30	48	26	50	12	30	27	29	28	40	31	47	
23	46	33	24	28	43	19	4	6	54	2	48	53	17	50	5	34	47	11	49	24	20	42	9	34	51	35	46	22	37	36	41	12	13	7	25	38	11	26	29	7	25	20	44	39	10	33	3	45	28	52	7	55	19	14	
9	12	33	52	30	54	17	13	8	25	5	29	47	18	52	20	4	6	21	32	42	15	7	29	55	32	22	44	7	36	42	1	33	19	50	5	14	51	3	7	10	11	33	53	2	14	4	3	17	16	19	45	27	23	24	
9	39	20	37	31	53	22	29	15	24	8	18	35	2	19	26	5	7	2	38	6	55	32	49	16	44	9	43	55	16	10	6	40	4	28	54	42	47	25	1	13	18	14	32	17	21	3	11	20	45	41	23	39	30	13	
38	44	7	23	41	19	8	32	43	51	3	39	35	34	49	33	43	9	30	17	10	44	2	12	6	41	37	14	10	40	24	35	23	28	40	48	31	32	22	16	25	8	45	5	38	36	19	26	42	46	25	47	49	11	52	
37	38	7	47	44	41	1	18	48	12	55	38	28	29	3	28	39	50	10	39	31	38	5	40	4	43	49	32	6	1	2	25	35	6	16	8	33	54	23	21	51	8	43	20	21	30	34	2	24	40	26	51	22	22	36	
9	51	21	38	53	6	37	19	38	27	17	43	55	54	50	7	46	42	46	52	6	18	25	47	38	50	15	18	1	22	47	4	55	2	41	39	55	8	39	23	31	40	49	15	24	28	18	9	13	48	3	5	50	10	47	
18	47	46	33	42	52	9	44	49	45	13	15	29	19	51	48	44	22	28	2	43	53	8	38	7	36	14	11	15	16	39	31	50	27	48	29	10	41	1	54	29	12	53	55	11	34	35	4	3	43	40	36	37	32	5	
28	47	15	19	4	11	55	33	52	11	9	9	16	47	7	54	6	2	50	45	10	13	7	51	7	48	15	29	27	26	14	39	15	32	1	17	35	40	33	18	49	26	22	3	20	26	36	18	12	10	53	21	20	55	51	
11	40	50	35	51	19	47	33	31	2	34	32	21	55	52	34	45	17	53	22	17	8	38	19	18	45	10	34	49	1	14	3	25	6	22	24	9	53	54	25	4	13	54	16	6	33	35	36	34	30	41	37	39	20	7	
50	7	43	13	41	28	11	41	51	15	47	12	21	44	3	45	38	52	27	39	54	44	16	18	20	30	1	53	8	18	33	42	14	19	55	48	32	49	19	24	5	7	34	17	3	22	40	21	23	7	37	51	36	36	25	
53	8	51	35	3	12	52	27	6	55	9	38	30	54	54	50	2	48	29	52	21	31	32	20	41	24	40	21	2	19	32	43	11	10	17	1	19	4	20	9	49	26	44	7	9	37	55	13	55	12	47	18	37	22	21	
7	40	4	26	38	8	40	19	2	47	18	37	51	3	54	6	48	9	31	54	16	41	34	8	39	41	50	42	8	53	46	54	36	47	22	2	43	46	5	37	23	8	17	16	9	55	10	47	49	17	28	49	1	14	44	
23	29	33	48	21	15	36	20	47	13	24	34	47	12	36	13	19	41	14	19	30	54	6	22	45	23	30	26	5	18	6	16	31	25	3	49	37	38	50	17	32	27	44	28	26	39	18	33	51	35	1	40	13	52	23	
42	11	38	7	1	40	53	12	17	18	53	46	39	31	38	52	47	52	35	10	7	43	13	33	21	26	23	22	36	54	43	20	50	22	11	50	47	6	43	2	21	45	51	48	1	14	37	42	8	54	44	52	25	49	28	
40	14	33	6	34	30	32	52	22	39	48	54	15	50	39	14	1	20	43	42	18	52	9	53	43	3	31	37	25	5	49	50	16	25	52	35	41	13	21	45	36	5	46	48	4	22	47	38	25	31	23	44	12	26	18	
39	14	34	6	36	35	52	30	36	6	9	13	42	6	26	29	39	15	54	29	52	5	4	43	27	32	41	47	29	49	7	53	8	38	55	40	2	50	51	37	55	46	32	25	48	1	38	19	9	35	31	49	44	32	23	
7	49	5	51	6	51	43	1	53	11	40	21	8	32	2	27	15	31	1	25	8	42	10	22	37	36	38	28	3	53	48	49	44	37	29	34	17	14	19	55	8	2	7	13	18	46	39	17	19	36	38	26	9	41	33	
43	5	10	10	8	7	42	38	32	8	11	8	22	21	12	6	13	10	15	23	25	51	45	39	54	14	6	20	14	44	35	52	31	29	45	26	18	16	55	48	27	7	40	28	19	49	18	28	1	23	30	10	3	17	33	
41	13	36	46	23	20	23	3	36	50	45	53	10	45	55	43	51	49	25	22	1	6	37	2	43	52	28	50	34	29	12	16	39	47	4	3	54	11	45	27	8	19	10	9	7	45	41	55	30	5	14	15	46	33	16	
31	15	22	10	31	47	21	44	27	48	32	16	40	41	44	51	42	6	4	36	10	45	3	49	8	46	53	9	35	23	17	50	22	33	45	51	21	52	24	32	39	53	37	8	23	18	1	49	21	54	14	19	20	14	55	
19	3	30	25	35	37	24	15	1	53	4	36	3	38	2	22	15	39	48	9	5	8	47	52	13	33	7	30	36	20	15	2	6	40	8	41	11	27	36	10	9	23	50	12	53	31	26	52	14	3	7	52	16	45	46	
18	9	39	27	43	40	27	35	44	53	25	10	5	50	46	55	3	8	36	50	45	47	18	38	51	5	42	33	11	24	20	12	16	41	23	54	26	46	28	8	29	40	15	18	22	43	14	30	50	32	13	34	19	12	1	
54	14	35	29	8	44	34	4	3	17	24	41	38	4	54	30	25	24	43	40	40	28	36	42	4	9	49	23	25	7	8	22	1	40	48	6	12	26	8	52	43	16	39	49	13	19	20	25	23	47	45	14	17	46	44	
6	31	22	12	9	9	18	5	7	41	49	52	50	3	47	44	14	55	8	3	15	19	20	27	42	10	16	29	13	22	21	1	51	24	53	45	16	1	46	20	38	24	2	17	25	42	48	21	28	49	22	33	54	29	4	
22	33	42	35	29	10	35	34	41	43	22	28	55	24	3	4	40	11	3	55	20	30	30	26	54	8	31	17	7	2	44	9	16	18	42	47	13	6	52	46	45	3	14	31	6	16	32	45	15	19	27	25	32	48	36	
15	47	9	28	34	48	3	41	50	14	16	19	17	5	4	46	32	55	44	3	7	43	22	30	38	21	43	48	51	25	26	50	18	20	20	33	51	10	16	41	21	24	47	18	12	39	8	40	36	49	35	23	23	43	42	
54	52	22	44	45	31	54	21	30	3	37	5	52	27	18	23	41	14	7	46	22	32	47	50	51	25	17	18	41	44	38	40	42	48	10	5	19	9	29	45	15	1	47	47	13	51	7	55	6	53	24	12	13	2	3	
12	22	2	6	48	45	42	23	20	28	22	24	32	13	41	18	21	26	6	45	36	39	51	17	29	32	39	37	43	42	21	33	1	26	35	37	47	6	49	11	32	9	30	8	5	53	7	20	25	51	50	42	34	40	1	
3	1	40	30	27	2	44	1	42	47	22	17	36	25	3	31	53	51	41	43	40	37	45	4	41	39	48	34	55	21	13	1	5	31	11	28	30	45	13	14	26	31	16	45	54	2	16	35	37	1	19	20	19	50	6	
3	32	39	14	13	42	23	53	41	49	5	55	20	38	5	18	50	24	33	35	9	16	39	39	52	32	44	13	37	33	19	36	46	54	45	1	40	2	4	6	39	43	1	51	21	3	11	7	10	4	48	6	18	51	29	
13	16	17	21	45	33	21	10	19	22	53	4	35	35	8	38	13	25	24	41	42	2	15	24	44	18	52	36	39	32	6	26	42	5	44	30	32	55	37	42	9	19	54	27	49	19	12	44	46	20	43	29	28	34	37	
2	26	16	34	10	43	25	10	18	26	52	41	43	31	9	20	36	12	42	47	44	44	40	15	13	53	26	24	10	39	45	51	4	36	19	55	21	35	7	20	45	33	3	30	8	54	34	27	1	17	14	41	45	51	38	
1	45	6	8	40	39	41	22	28	19	30	20	25	10	11	47	37	35	29	12	37	7	40	46	9	41	13	28	29	51	9	14	32	55	17	52	23	3	10	49	6	38	3	18	30	4	42	15	16	52	5	35	2	27	26	
45	11	23	3	24	3	51	35	21	47	50	4	54	34	53	44	26	33	32	20	48	10	11	41	22	40	46	52	37	14	25	11	7	25	12	13	15	4	34	23	41	24	27	19	42	19	49	49	37	28	16	17	29	1	38	
33	20	8	15	54	3	17	9	5	40	3	6	49	48	32	1	25	43	9	28	25	14	18	7	34	24	54	44	38	36	27	10	55	35	12	42	17	17	30	25	49	31	20	36	19	41	26	29	19	37	53	46	30	16	45	
6	24	25	47	12	4	5	54	41	21	51	21	33	47	48	34	27	6	38	50	14	17	17	21	35	28	4	3	50	8	28	6	21	39	30	20	29	15	3	13	40	37	18	42	26	7	19	52	53	41	32	55	10	31	20	
17	38	19	18	17	21	30	55	37	51	26	42	18	30	42	11	50	10	22	27	34	9	28	23	54	15	36	38	12	9	53	20	41	2	24	38	4	48	31	25	35	39	13	44	14	35	43	53	47	3	6	16	51	25	21	
46	34	54	26	20	47	10	37	7	52	42	37	1	22	13	19	49	45	39	19	50	44	12	31	26	1	32	35	44	55	47	11	15	36	21	31	16	28	53	8	19	48	41	14	54	6	16	43	22	38	3	27	24	43	30	
34	28	3	1	14	46	29	14	54	52	36	27	52	44	21	2	55	53	39	4	38	22	2	10	35	37	52	39	45	37	5	9	9	44	49	11	28	20	51	12	16	25	22	6	30	32	15	47	18	4	42	34	7	35	41	
48	50	24	52	25	43	4	36	39	29	22	30	38	40	23	46	31	33	52	6	28	21	43	13	32	27	45	49	29	11	32	5	3	42	44	25	28	25	41	43	47	5	8	27	33	23	2	52	54	51	9	22	2	53	8	
29	54	45	16	5	49	36	2	27	4	27	37	18	34	20	3	23	28	50	37	35	2	26	28	43	15	12	34	14	30	40	32	52	13	25	53	39	5	36	15	40	50	55	1	19	8	41	31	7	20	10	26	21	22	48	
1	25	48	19	19	51	46	39	45	39	7	44	23	36	3	9	10	44	37	1	5	33	27	29	24	34	17	50	47	24	28	32	49	8	54	46	53	33	20	39	2	52	8	21	31	11	16	22	37	42	4	30	17	15	12	
