46	20	22	23	55	18	18	53	20	8	36	33	24	16	1	53	29	7	14	43	21	22	9	53	12	23	25	41	42	53	4	18	44	33	17	24	35	19	7	39	24	40	14	45	41	13	27	12	26	38	39	28	45	47	17	
54	51	24	37	23	6	25	26	46	42	39	13	19	55	4	43	22	41	53	51	11	49	21	27	50	44	44	1	30	31	15	28	12	29	47	32	26	14	2	3	5	33	7	8	20	54	40	34	25	35	18	36	9	38	45	
35	9	25	33	36	40	32	47	35	52	23	9	7	35	5	47	17	23	43	16	26	39	40	37	6	47	50	24	45	3	4	22	9	13	39	29	38	13	18	15	49	26	21	40	4	10	29	8	19	14	17	27	38	42	3	
28	31	38	49	5	38	39	11	32	35	47	2	15	44	5	14	35	29	19	17	15	12	30	16	26	42	18	36	22	44	37	34	4	4	27	6	39	7	1	54	25	41	40	43	5	33	48	37	55	51	45	53	8	10	3	
29	36	14	7	42	55	28	19	43	29	30	46	52	19	31	48	41	47	18	21	49	44	53	15	28	50	50	23	50	45	19	8	10	17	54	36	1	12	52	51	25	24	16	20	26	31	2	11	20	13	28	22	41	25	23	
11	41	2	18	20	31	35	12	38	36	51	16	22	5	53	5	27	5	6	31	29	34	13	36	39	9	48	47	49	42	55	55	26	54	16	30	27	37	40	49	1	33	8	19	22	3	9	33	7	54	10	18	32	17	52	
53	10	41	43	55	26	27	39	36	23	39	8	35	3	45	28	43	9	18	4	26	5	52	44	50	48	48	11	8	49	4	6	1	29	30	40	42	54	9	17	7	32	23	46	33	55	50	18	44	2	12	13	54	51	40	
46	21	30	41	25	8	42	13	49	55	27	31	37	24	24	51	15	54	3	52	16	40	29	18	28	23	22	22	20	48	5	50	11	19	33	20	12	4	32	3	2	55	26	36	8	43	16	35	34	17	55	38	44	14	53	
9	34	1	28	38	47	17	17	55	21	48	17	18	36	32	17	23	16	19	42	21	43	1	25	8	2	9	44	40	19	21	33	37	20	45	4	9	5	19	49	10	51	49	24	29	23	26	36	39	41	22	41	27	18	50	
19	4	1	45	28	18	8	3	39	25	46	41	18	35	2	50	29	37	42	50	51	7	5	28	29	42	47	11	53	48	6	15	50	44	2	9	10	7	11	28	17	51	12	19	16	52	13	43	31	51	33	23	42	34	36	
12	5	26	8	1	14	51	55	48	37	54	53	39	45	3	51	46	38	4	50	50	2	46	33	13	40	52	34	10	15	11	7	6	19	16	42	31	9	41	18	43	22	17	21	52	47	55	44	12	49	19	46	20	7	23	
48	30	55	11	38	52	6	42	52	24	38	36	38	40	18	44	8	24	31	55	19	5	54	43	15	38	4	3	5	9	9	39	36	7	46	3	2	49	29	37	1	10	15	41	34	30	12	39	45	37	47	1	26	20	39	
38	39	28	26	43	34	32	22	54	22	52	55	8	30	13	41	29	20	41	49	37	1	55	5	36	21	25	33	45	40	2	12	9	26	35	44	2	51	40	42	3	34	25	49	50	45	46	23	47	4	11	19	55	53	24	
34	14	44	9	43	13	49	53	18	19	17	37	4	53	19	42	54	51	52	44	43	29	6	46	10	6	41	13	7	34	20	22	33	5	28	5	3	6	45	4	21	2	38	23	52	1	49	36	35	43	24	6	11	24	39	
8	14	19	6	2	38	22	21	55	11	46	3	52	50	42	53	55	28	21	7	9	18	54	40	37	26	5	27	24	10	5	16	9	12	19	13	30	25	31	14	33	15	1	27	49	27	17	34	52	29	38	4	34	35	27	
9	2	26	20	10	21	22	24	27	14	40	32	42	8	1	54	25	1	38	37	34	7	44	10	3	1	46	43	28	9	12	23	51	23	39	3	41	44	26	52	55	49	26	29	45	15	9	50	10	47	30	28	53	2	48	
36	55	11	7	12	4	3	17	52	23	41	40	48	25	49	42	10	26	53	20	9	8	27	45	1	5	2	26	33	6	46	51	41	9	7	38	43	44	52	24	8	34	13	41	47	39	12	53	14	7	15	16	54	18	42	
51	7	41	10	24	27	50	18	53	47	2	33	20	42	14	40	35	32	44	18	22	25	27	52	29	19	49	15	14	4	53	54	48	24	55	15	5	46	17	30	23	3	5	38	30	6	21	49	33	1	9	48	16	20	43	
29	23	21	28	35	7	23	14	53	31	10	52	22	41	53	49	5	40	39	27	12	40	45	3	2	23	51	48	36	1	22	50	24	25	20	43	30	28	38	12	4	45	6	9	15	43	42	17	25	8	28	26	32	16	9	
32	36	45	12	2	43	13	36	50	35	42	18	9	51	54	3	36	30	6	40	40	33	10	41	1	15	11	20	45	14	13	17	32	55	12	19	27	22	38	21	54	7	20	47	55	2	46	37	16	37	4	39	23	24	25	
52	11	17	1	39	25	12	42	41	51	38	4	21	2	23	23	40	27	45	15	28	26	46	43	38	12	30	18	8	25	24	47	32	38	43	55	47	42	44	19	34	6	20	53	5	29	16	29	48	50	29	3	8	7	42	
43	13	15	46	5	37	12	48	53	34	20	50	23	1	18	38	18	21	39	53	10	5	55	24	40	35	49	39	28	41	21	2	47	22	43	45	54	39	27	36	15	44	28	23	30	43	3	31	48	26	29	42	17	22	8	
50	42	41	29	13	21	47	9	1	52	37	31	49	18	43	27	31	14	40	51	27	15	38	1	4	7	26	42	19	44	34	53	15	6	24	24	22	2	31	5	52	10	23	28	12	8	38	41	3	20	33	30	29	21	32	
15	5	46	41	8	20	4	4	33	6	12	42	12	10	1	13	44	50	30	1	5	17	36	47	16	40	7	40	53	2	6	11	49	37	36	52	54	26	43	15	28	53	53	39	44	38	35	17	32	7	21	32	14	36	9	
22	18	4	5	14	4	52	10	34	28	29	28	11	51	55	11	21	31	48	43	17	29	20	18	7	12	18	19	16	51	23	22	13	19	25	15	8	15	24	38	27	42	53	36	32	45	44	30	18	36	26	33	6	37	35	
46	12	37	5	15	30	20	32	38	26	39	45	27	52	44	55	8	17	29	41	35	19	14	6	19	46	3	23	38	3	42	24	54	21	25	8	35	31	24	2	49	9	44	5	43	18	52	47	36	23	16	49	24	28	51	
30	2	39	48	34	24	19	41	20	24	50	13	1	22	34	2	3	37	32	3	8	31	39	51	5	46	10	52	13	21	30	25	20	53	15	46	18	23	28	36	40	14	33	24	27	9	29	17	37	34	6	23	7	40	4	
55	29	52	42	26	16	1	48	35	50	49	5	11	7	19	31	30	18	48	54	21	41	2	23	14	33	24	21	24	53	25	16	8	16	3	30	32	41	9	47	33	4	45	34	42	11	43	15	8	37	7	40	22	6	46	
15	22	55	34	44	46	53	2	50	12	42	9	25	25	15	14	42	6	1	55	32	46	28	43	41	3	47	49	4	36	37	5	7	23	21	47	51	16	41	43	13	12	50	21	35	46	33	6	38	18	8	10	47	27	50	
31	14	27	19	2	48	40	3	45	46	21	16	41	23	41	25	18	52	3	36	27	35	52	30	12	11	17	7	42	29	54	12	42	10	15	49	54	43	33	28	28	47	41	12	51	24	18	55	17	6	31	32	37	25	44	
33	24	45	38	6	16	21	1	53	29	1	22	11	26	46	23	50	21	49	44	2	3	47	53	9	49	12	29	15	35	1	45	39	43	31	28	48	43	14	26	8	13	51	50	25	21	19	13	27	47	40	24	52	30	5	
45	6	16	3	18	35	2	6	15	29	28	29	17	55	39	38	52	36	25	44	53	30	43	50	53	32	32	8	19	46	9	7	55	21	10	9	40	48	54	1	20	24	22	33	8	49	4	5	23	11	31	21	36	19	51	
18	44	25	13	47	54	16	51	2	22	43	38	3	20	34	39	37	42	45	5	47	32	36	35	45	49	6	53	9	17	32	26	45	1	29	36	51	30	15	25	47	46	5	40	7	23	15	27	7	10	8	41	19	42	14	
53	26	18	34	30	16	9	36	3	47	7	34	40	20	33	49	53	17	41	28	6	3	42	29	49	27	34	31	43	18	32	38	35	25	2	55	39	7	21	25	51	25	4	20	36	19	11	24	44	46	50	23	45	22	54	
24	31	29	39	16	28	5	38	54	27	37	43	49	31	1	17	22	11	2	40	40	20	35	46	42	24	37	1	54	47	47	9	14	3	42	18	15	32	49	53	1	19	20	48	42	7	48	51	14	52	30	44	7	8	24	
27	16	45	25	54	28	7	46	40	43	31	50	55	6	29	37	45	29	5	22	55	4	13	48	55	8	9	35	49	52	41	18	52	24	32	35	44	25	30	10	11	1	47	49	42	2	28	28	15	12	36	14	13	45	2	
51	32	31	13	9	12	52	15	6	10	35	25	35	4	46	45	52	33	16	31	52	15	48	11	30	52	42	24	50	16	51	28	34	23	38	39	19	20	46	9	14	24	36	46	13	21	22	49	32	40	7	26	41	54	37	
42	29	5	14	6	17	10	31	46	9	12	15	26	28	6	31	39	9	7	18	4	11	15	36	39	30	40	50	2	20	25	41	45	16	33	48	28	33	21	8	37	21	13	13	42	53	32	10	49	22	8	35	29	21	55	
1	48	38	44	37	52	54	4	25	8	34	15	28	8	20	21	32	35	17	30	18	54	49	13	31	52	18	9	23	23	7	4	15	27	50	31	11	26	36	31	19	9	39	42	14	47	41	29	23	43	55	26	38	33	36	
9	25	40	1	31	5	46	33	1	2	8	30	8	32	4	24	46	10	51	10	13	42	47	34	48	16	15	16	52	37	36	44	50	17	41	11	20	6	47	4	4	45	30	54	4	35	17	1	28	11	43	55	36	39	7	
26	44	6	40	23	32	5	52	11	19	13	18	29	12	7	22	1	29	50	48	30	10	51	6	34	44	45	14	22	5	53	33	36	46	2	41	17	4	20	25	24	27	31	35	37	16	47	32	42	25	9	54	33	1	49	
49	43	31	47	50	20	24	24	37	13	25	19	11	27	36	33	29	5	45	2	25	55	27	42	37	38	48	22	11	33	8	46	18	22	26	9	45	52	30	20	40	39	20	51	3	40	11	21	42	53	14	52	1	23	36	
17	1	13	34	49	44	26	34	4	43	45	52	12	19	11	13	2	46	33	34	47	12	50	54	43	39	55	32	18	8	52	32	53	14	51	3	49	21	5	40	48	29	35	52	6	39	7	38	20	34	23	9	30	47	10	
11	15	28	27	29	20	23	45	10	16	37	35	5	38	19	26	24	45	46	19	20	9	10	39	19	28	40	4	1	16	31	52	28	47	20	50	6	39	22	1	41	50	18	44	17	34	49	38	8	32	41	12	25	48	11	
41	19	32	29	3	29	2	54	38	30	14	9	31	37	22	19	20	2	34	40	23	53	24	38	46	35	21	54	6	55	40	28	5	50	1	1	25	45	50	44	55	8	47	18	27	12	34	28	10	53	13	10	35	27	47	
22	8	9	21	46	46	43	4	44	36	55	47	39	29	35	30	10	25	54	26	49	13	44	7	1	31	16	10	3	26	1	27	14	45	25	51	32	11	48	22	32	36	5	12	40	23	20	47	50	15	17	24	6	2	27	
4	23	33	52	10	36	45	20	51	18	39	39	47	47	10	8	7	37	55	16	24	3	19	8	53	17	20	54	20	11	9	13	16	20	48	12	9	19	23	30	35	2	49	25	38	5	30	40	36	3	38	2	15	1	6	
37	3	49	8	19	50	15	11	47	32	53	50	30	14	12	42	33	55	33	6	25	36	1	2	10	51	31	46	27	16	35	51	17	26	1	20	4	8	11	34	16	48	26	52	5	28	12	39	5	42	38	18	16	9	11	
10	42	34	50	53	26	11	49	23	12	32	24	13	16	30	35	30	22	47	55	14	7	12	28	51	35	43	12	55	24	16	48	8	18	36	4	46	27	37	6	38	52	15	33	9	27	8	36	54	45	20	39	39	13	17	
30	45	36	26	40	2	30	9	5	33	32	44	16	43	1	52	26	49	46	38	42	21	42	8	45	18	24	28	37	34	20	55	22	53	19	53	40	35	35	32	8	11	54	10	1	4	6	3	30	48	36	15	46	12	20	
39	20	42	53	54	3	2	50	8	53	1	34	32	26	16	38	34	4	35	24	38	28	22	36	11	54	13	54	21	5	17	46	19	40	28	2	47	28	25	30	12	17	9	29	31	1	10	42	6	27	37	38	43	14	15	
40	47	1	22	11	45	33	52	7	15	16	28	35	34	50	9	29	53	52	46	20	51	35	4	50	6	52	30	40	12	38	10	53	31	37	46	13	55	35	41	54	43	8	17	53	14	23	19	48	21	37	52	50	26	1	
42	17	35	1	27	41	15	23	23	38	40	11	14	11	37	48	47	54	8	6	36	50	25	49	32	29	19	26	31	23	3	44	20	22	42	33	5	53	48	12	11	18	10	15	28	27	54	15	24	49	5	6	40	27	30	
44	36	43	51	38	49	31	16	42	51	3	15	45	21	47	1	19	8	9	23	16	24	19	17	30	53	18	25	9	30	33	4	52	2	31	34	28	4	39	10	6	4	11	35	41	54	14	26	46	55	44	5	18	50	12	
47	28	20	54	41	33	5	25	23	1	44	48	34	37	8	20	36	5	26	38	15	14	3	33	52	43	23	51	46	50	36	19	20	4	49	5	11	38	6	31	39	35	55	2	1	17	50	22	42	7	42	11	10	17	16	
