48	52	10	51	46	44	39	11	42	37	19	10	20	7	23	31	26	30	4	48	17	46	18	49	5	9	23	33	28	19	25	39	29	4	27	19	32	6	28	8	41	44	53	44	36	18	21	46	45	18	38	46	12	39	40	
51	32	45	27	3	6	36	39	19	38	48	35	54	51	47	55	21	21	37	8	1	53	22	42	27	25	9	3	16	31	24	10	7	11	20	49	1	2	17	4	21	12	40	18	41	13	5	14	33	43	52	15	23	26	44	
30	25	33	30	38	7	51	32	52	47	49	29	45	46	42	34	8	35	13	10	15	10	53	17	26	16	53	37	32	54	7	48	8	39	5	44	31	40	5	11	36	51	41	4	26	20	35	18	49	50	25	55	39	6	8	
7	19	45	29	35	41	20	23	34	42	12	20	13	49	22	20	24	2	40	22	25	3	41	43	35	15	50	26	38	53	18	43	14	47	1	33	31	21	54	7	4	8	11	55	5	17	6	3	9	42	10	26	30	47	51	
48	4	30	3	40	25	18	12	23	8	52	53	23	54	35	14	41	26	9	27	9	10	28	9	11	54	5	20	12	47	13	45	36	28	46	5	37	48	1	6	40	38	40	49	33	18	7	17	29	51	31	34	15	55	32	
52	35	28	15	32	4	12	19	24	24	6	26	5	51	11	4	20	45	28	9	8	30	51	10	1	44	33	19	31	27	44	13	46	2	12	21	45	22	36	11	43	27	23	44	7	34	32	25	5	3	31	14	17	25	16	
15	53	46	31	14	2	5	24	32	3	33	50	32	38	15	41	10	26	6	38	34	19	12	40	8	54	13	16	55	22	17	12	18	45	28	29	35	29	37	7	20	21	42	47	47	39	23	55	11	5	36	23	25	43	5	
14	15	15	16	12	22	26	8	37	1	32	50	29	46	30	19	47	25	2	35	14	27	36	53	30	38	18	50	44	34	39	3	46	40	12	42	2	23	47	24	20	28	15	41	51	28	52	43	46	45	5	49	3	48	31	
30	18	34	9	47	9	45	45	53	12	41	23	14	5	12	32	10	19	32	42	11	44	20	36	24	53	38	2	53	21	17	15	22	48	25	51	54	49	39	36	3	21	1	53	13	55	14	26	13	46	43	8	27	5	50	
38	1	21	24	38	23	38	48	28	28	8	21	12	40	44	45	27	49	30	8	2	25	19	4	35	47	31	41	6	21	11	28	20	30	50	41	39	16	31	9	29	26	13	42	6	54	32	16	51	52	21	33	7	34	20	
39	13	49	9	4	54	19	28	2	32	6	40	11	7	14	3	33	35	55	15	25	51	22	25	25	5	43	41	7	52	46	31	7	24	37	8	20	52	21	19	16	23	1	22	27	12	9	6	44	6	1	53	41	5	26	
50	6	47	34	52	41	22	25	45	43	5	36	5	41	53	21	52	20	19	3	30	16	9	17	44	54	14	40	37	16	2	29	8	47	48	55	17	54	23	10	38	12	24	27	50	26	32	31	23	39	31	51	49	28	1	
22	20	49	4	41	8	46	55	52	23	31	49	36	27	1	24	50	52	45	19	45	7	35	5	14	13	34	7	47	42	42	11	5	33	54	30	24	43	27	18	48	2	52	26	12	37	51	3	32	25	6	6	16	39	8	
25	36	26	16	13	11	55	7	1	31	45	14	52	17	26	15	7	24	49	31	20	28	7	21	2	26	12	5	24	35	53	46	54	21	4	8	16	1	3	55	18	29	19	11	43	35	8	47	43	6	7	9	24	22	10	
11	22	17	55	30	35	50	18	32	2	6	24	14	47	21	54	5	34	8	13	19	27	6	8	3	1	13	4	10	9	49	18	15	51	15	43	28	12	45	44	6	52	11	7	38	16	42	40	48	47	39	20	14	40	23	
54	26	52	39	33	45	31	48	3	11	47	30	23	52	17	10	42	50	18	31	32	20	15	55	7	47	22	54	48	4	51	34	14	35	12	44	21	27	34	13	24	24	25	43	5	28	37	32	16	53	5	36	54	5	27	
3	35	48	41	12	34	21	40	46	51	36	19	14	50	38	5	12	46	24	39	48	45	18	9	1	55	53	28	50	1	39	37	23	14	20	31	33	39	10	8	32	44	24	30	35	4	20	42	47	41	13	25	18	27	22	
54	11	14	12	5	53	48	38	14	49	42	40	22	23	34	14	40	7	35	54	26	24	3	53	13	41	49	25	39	18	43	36	26	37	32	14	44	9	46	29	53	20	15	4	28	30	15	52	34	55	35	2	1	36	45	
12	6	31	18	43	32	40	8	4	18	37	54	33	43	36	6	39	49	1	27	7	27	41	2	45	17	35	44	15	53	14	10	3	39	13	28	14	50	33	55	51	12	52	29	40	24	16	21	5	8	34	6	26	19	45	
53	16	20	26	14	3	35	9	5	17	18	26	28	52	2	11	32	54	3	43	35	12	55	40	10	51	15	55	4	13	43	1	19	49	7	11	47	40	22	32	42	24	55	6	8	41	6	30	24	14	15	21	1	23	27	
8	47	25	48	34	35	33	29	32	9	33	41	53	2	42	27	40	4	12	36	44	50	38	18	16	28	16	3	26	13	30	19	44	52	9	22	11	31	35	32	32	51	14	15	51	40	39	33	42	35	54	13	37	33	17	
28	46	27	27	15	24	36	17	54	12	23	15	8	33	37	33	9	27	41	7	20	11	43	37	47	21	32	40	34	50	50	49	38	6	16	49	29	35	51	9	45	3	21	52	39	52	12	36	10	1	30	25	55	2	48	
27	7	21	52	24	13	43	12	35	48	25	15	3	43	6	9	17	8	15	11	38	51	21	50	1	53	20	10	36	19	40	47	11	4	40	32	55	12	41	22	1	49	30	44	35	33	37	51	37	36	45	5	29	45	54	
14	40	53	8	5	15	46	36	10	33	5	39	31	14	23	47	55	1	7	28	33	37	7	12	4	41	52	5	54	39	38	11	9	34	17	52	41	46	30	40	22	19	8	45	18	21	26	15	20	23	27	44	51	32	53	
55	1	35	40	42	16	8	48	9	39	50	3	14	37	18	38	1	34	43	35	49	2	45	48	54	4	17	46	39	32	23	20	18	41	44	5	54	51	32	47	30	9	6	28	43	52	50	29	11	24	47	7	8	25	34	
4	10	35	28	47	52	35	51	54	19	37	38	2	16	12	46	30	18	35	44	46	13	35	3	21	42	48	8	49	54	26	48	6	4	9	37	40	38	20	23	54	39	3	1	53	54	29	24	7	7	11	44	5	29	33	
22	14	9	27	45	5	52	35	50	39	26	30	10	6	31	28	44	12	29	30	13	11	54	15	9	46	8	38	46	36	12	16	32	18	22	19	7	17	38	1	38	48	20	43	55	42	13	27	51	33	49	43	34	37	54	
26	19	4	6	7	23	15	1	39	18	20	42	21	19	9	5	54	54	16	26	35	41	23	1	22	32	34	11	50	8	44	18	24	32	29	15	43	34	55	7	49	5	46	2	21	45	3	10	36	55	17	13	40	36	53	
45	12	29	35	2	36	21	20	55	37	38	54	19	53	51	23	31	3	54	32	4	36	25	52	14	22	6	11	46	38	48	33	33	21	9	24	50	14	20	34	49	40	17	10	37	11	17	8	48	13	32	39	47	41	28	
45	5	29	42	35	51	32	9	13	34	16	31	14	15	46	45	6	15	47	54	48	43	14	39	33	11	55	12	42	38	21	16	27	50	53	4	28	26	2	40	52	53	54	1	9	27	44	12	41	19	3	15	8	48	7	
20	2	36	15	28	2	34	41	27	10	36	16	35	47	13	4	34	5	51	33	12	8	4	11	44	14	55	45	9	46	37	25	32	3	37	6	1	55	40	25	7	15	25	31	36	32	30	54	22	6	18	19	53	17	23	
39	23	7	25	16	37	47	24	11	46	51	52	44	42	21	1	48	11	21	1	45	37	24	41	43	14	54	3	12	54	10	32	5	15	49	17	36	18	38	33	6	12	26	34	2	32	19	27	40	22	26	27	2	35	55	
42	45	34	30	38	31	37	54	20	36	38	21	15	53	43	44	43	53	54	12	46	29	21	16	52	48	26	22	27	2	1	11	33	32	25	11	47	5	7	51	38	34	14	38	25	3	10	55	35	49	4	11	19	20	24	
1	45	37	6	17	33	4	10	48	21	34	1	55	22	47	49	2	6	44	23	16	26	31	11	9	22	3	53	25	1	19	24	44	38	30	42	12	15	36	45	35	11	43	14	16	27	43	20	9	18	36	28	39	51	17	
25	17	11	21	24	10	24	45	38	46	55	22	42	12	3	29	29	51	13	40	9	16	13	14	23	26	29	30	46	25	44	2	28	52	6	46	46	32	16	26	15	14	47	42	31	31	18	50	19	10	20	17	33	29	35	
31	37	36	44	26	42	30	24	6	13	27	32	55	39	45	24	38	1	3	22	9	33	32	1	35	40	4	36	51	41	47	7	52	9	49	20	49	8	28	43	17	53	54	16	19	46	36	2	27	34	12	35	48	50	18	
20	3	22	40	36	34	27	42	28	35	17	45	16	22	15	33	37	55	30	38	14	1	2	51	25	30	54	6	2	20	16	8	4	20	43	36	52	12	18	22	31	31	5	24	37	9	41	16	49	13	40	55	11	34	39	
21	6	32	7	47	38	6	50	36	24	36	12	18	34	13	37	45	28	31	53	8	35	36	8	54	49	42	51	43	18	15	47	10	44	52	54	6	1	33	25	20	13	34	39	29	31	2	16	3	17	9	4	39	46	41	
23	21	25	17	48	28	14	34	21	44	29	3	46	10	33	12	27	31	30	47	52	3	49	8	50	3	1	35	26	43	6	51	1	30	44	36	42	43	8	45	27	32	55	2	40	15	53	49	38	12	37	28	54	10	25	
41	53	19	5	8	44	9	38	43	21	11	2	45	55	6	35	13	21	22	7	3	14	44	34	44	6	13	15	52	8	20	19	12	36	10	8	23	24	30	50	19	42	49	17	32	53	24	37	3	29	28	16	45	1	20	
29	38	18	25	31	26	42	33	25	7	39	15	17	38	48	6	43	24	46	34	40	22	53	13	27	24	19	8	53	23	28	21	53	54	25	12	6	9	32	14	55	11	35	12	44	52	4	5	8	39	41	43	3	16	36	
10	24	50	19	14	12	25	14	48	15	36	4	1	29	32	51	27	27	5	36	42	54	37	43	6	4	7	31	46	26	5	53	40	52	55	39	47	20	50	38	13	30	23	8	55	2	1	28	4	9	44	45	41	11	29	
27	27	32	53	54	35	44	36	7	37	35	40	24	48	33	50	3	46	12	51	43	46	39	6	47	23	25	20	1	31	33	18	38	55	55	26	30	41	4	27	8	14	2	19	47	22	49	34	12	43	29	29	32	47	37	
9	12	51	25	6	14	55	4	44	50	2	47	1	43	39	13	42	41	10	55	29	18	44	54	12	16	16	32	45	48	38	38	49	17	3	43	19	45	31	42	20	33	31	20	11	45	34	37	28	21	22	46	24	7	30	
24	28	23	37	50	8	17	17	49	14	7	21	30	49	52	54	53	22	15	1	17	4	16	52	18	31	15	42	50	10	3	2	13	17	38	47	23	39	6	14	2	10	21	7	45	19	3	32	16	20	24	40	15	36	12	
27	51	24	52	37	17	53	30	11	16	51	55	32	18	45	36	10	39	44	2	27	51	4	33	10	7	10	25	3	19	34	12	12	42	5	35	45	53	43	52	5	41	38	40	36	23	46	44	6	30	47	10	13	15	41	
5	13	38	32	11	40	44	6	41	29	9	5	25	4	49	48	51	5	14	9	28	31	50	52	17	9	23	13	18	37	35	18	34	7	33	28	26	19	31	53	28	27	36	25	15	7	22	2	52	30	8	24	36	42	20	
36	48	20	33	7	43	10	9	15	49	40	27	4	46	50	48	7	9	26	25	18	18	42	19	20	45	10	29	8	50	31	41	27	46	1	34	23	11	24	22	39	1	46	51	49	35	31	38	24	44	54	30	2	20	47	
52	49	39	21	53	2	54	26	26	20	22	42	34	25	8	52	6	10	41	31	22	5	3	7	9	29	36	32	14	55	3	9	42	12	15	27	13	39	47	35	49	16	18	24	21	9	11	19	17	30	46	18	28	24	11	
34	36	40	54	49	18	38	40	47	45	51	5	51	32	46	16	23	39	17	31	50	21	46	34	15	6	24	39	19	20	27	50	53	53	31	30	8	10	13	40	9	48	28	33	22	6	42	48	39	41	7	11	42	34	43	
2	39	51	14	54	55	38	37	38	22	10	10	26	13	7	35	52	11	20	24	17	6	50	44	29	18	44	43	2	12	32	42	43	1	52	38	53	19	48	21	25	35	28	36	31	31	54	23	15	54	33	15	46	30	49	
1	29	41	35	27	21	49	13	51	37	3	17	20	8	44	39	28	19	50	2	47	15	40	12	19	20	44	21	11	49	7	4	25	22	23	27	38	52	33	30	26	21	31	30	34	15	55	50	43	48	36	32	38	18	17	
44	20	42	49	23	33	1	11	40	4	19	6	37	8	24	48	18	29	19	41	49	32	27	28	47	2	48	14	35	51	11	17	9	53	42	16	13	36	12	32	21	31	22	46	20	43	32	39	9	38	15	47	52	33	13	
40	30	44	34	39	46	42	31	27	25	13	40	38	35	54	7	52	14	27	37	23	49	52	43	55	33	51	39	17	1	36	33	16	8	11	41	34	36	9	2	55	22	32	17	50	11	24	45	18	31	53	22	43	45	15	
20	8	41	45	10	39	11	43	12	14	44	18	37	1	11	17	46	27	32	53	6	40	4	22	41	33	21	7	42	3	50	52	47	32	19	40	14	25	15	37	23	28	4	48	12	29	13	48	24	16	35	26	54	20	38	
