2	53	29	34	4	2	11	12	14	1	49	37	47	37	3	35	23	30	52	26	39	25	3	36	9	7	28	47	15	28	31	37	6	30	24	20	16	33	29	27	18	8	48	49	32	35	38	49	10	21	4	43	30	50	6	
23	38	32	12	37	44	27	16	47	54	25	10	12	42	23	24	2	15	55	48	28	32	4	20	36	22	8	26	49	39	29	1	21	41	10	3	28	34	5	4	17	22	53	13	6	7	30	50	5	18	31	33	51	35	52	
26	45	40	45	24	9	54	22	26	25	17	9	37	48	6	25	50	25	21	5	15	11	23	4	13	38	26	41	14	49	18	37	27	1	12	31	7	8	51	19	17	52	23	39	42	27	10	21	36	10	16	36	20	18	43	
29	53	47	13	9	25	28	31	33	13	39	6	4	31	41	18	45	35	25	27	7	36	15	25	16	22	34	48	38	48	14	10	30	46	5	24	13	32	52	43	37	40	42	28	49	17	30	23	50	53	46	54	31	51	8	
30	9	39	7	44	16	6	37	44	49	40	52	4	54	33	32	24	50	8	49	41	22	22	10	1	4	37	42	32	25	45	47	17	13	51	4	14	41	26	41	34	7	35	21	46	10	53	12	3	42	5	28	48	9	36	
34	10	53	15	27	19	44	3	35	54	38	22	11	22	31	48	51	23	13	1	11	7	36	20	49	19	9	20	52	14	49	28	8	32	40	21	50	29	19	12	10	55	17	4	19	46	37	54	11	47	53	24	51	30	39	
43	34	27	5	28	25	38	53	18	12	22	34	45	46	38	40	41	35	1	42	44	43	21	23	38	52	3	54	46	31	19	18	49	43	7	19	55	29	2	13	26	20	44	14	51	11	37	35	47	36	24	10	6	24	16	
41	18	16	24	48	31	40	8	22	13	12	25	8	39	23	5	49	42	46	4	34	55	38	52	27	2	54	22	6	20	35	32	36	50	52	26	9	28	19	28	21	15	51	11	38	3	14	29	41	43	17	4	30	44	53	
39	39	50	3	28	54	22	1	19	54	41	30	5	44	46	31	5	45	11	13	26	11	10	52	37	50	55	38	20	36	21	1	4	55	43	29	38	7	15	2	3	42	27	48	23	2	24	12	49	16	22	12	24	32	49	
3	8	45	26	25	10	31	10	11	15	50	24	50	41	23	34	29	2	45	19	9	44	24	18	31	37	24	27	45	38	18	33	43	47	1	52	54	16	5	49	20	39	16	51	10	36	26	40	23	13	42	30	55	47	32	
15	26	53	27	55	20	29	30	5	18	15	41	2	28	32	48	40	12	6	32	8	27	42	31	34	53	7	5	36	51	22	35	6	4	4	45	21	30	23	10	45	33	49	31	43	24	25	12	17	12	37	20	38	13	44	
54	49	34	44	27	14	7	5	4	8	6	46	13	20	6	21	49	22	11	23	48	16	29	2	30	25	28	35	46	24	6	31	15	37	17	40	35	9	29	36	55	19	11	10	36	12	14	27	20	26	34	18	22	47	51	
36	15	21	54	45	30	2	16	42	23	16	24	55	7	37	20	3	53	29	52	18	28	9	30	32	2	48	31	10	38	24	42	50	25	26	24	1	27	33	36	35	24	46	30	34	13	39	17	51	6	11	14	19	3	38	
34	3	14	2	51	49	5	35	28	14	45	36	8	13	2	29	43	24	3	6	36	53	21	50	44	11	44	39	26	46	4	7	31	1	47	25	47	48	44	9	2	32	37	52	28	38	21	55	45	10	42	23	3	12	2	
32	14	43	12	26	29	12	24	45	11	9	53	42	39	39	31	44	55	10	31	13	31	37	52	5	28	36	26	16	25	15	44	38	52	53	4	17	50	18	54	3	4	40	29	41	3	2	9	46	52	47	52	25	6	48	
28	27	24	38	39	33	47	26	12	28	8	54	35	55	49	17	42	37	49	14	20	50	1	13	34	51	47	15	17	34	3	29	44	11	52	26	30	27	36	37	53	41	20	16	31	2	32	10	40	9	21	45	42	19	48	
5	52	24	17	53	55	4	24	41	2	4	51	24	28	16	46	9	55	50	23	23	46	54	17	21	1	37	43	27	39	32	29	20	54	44	18	38	31	24	22	14	26	15	35	38	19	10	45	12	3	10	19	47	48	34	
51	42	54	35	11	22	52	25	39	48	10	52	28	24	6	33	35	16	32	55	51	45	7	38	41	49	32	46	24	19	21	17	45	5	37	41	23	31	8	46	9	1	28	20	12	31	50	42	44	25	40	47	54	34	5	
37	22	21	25	43	37	30	45	12	31	11	50	37	40	54	26	32	39	51	48	46	24	27	17	52	36	53	31	33	12	20	13	18	39	34	5	5	47	35	14	19	41	6	54	28	45	9	38	13	44	14	1	10	41	15	
46	17	52	19	46	50	24	42	9	47	18	10	49	49	27	6	10	10	53	51	16	25	41	50	38	27	11	21	21	43	21	12	43	2	13	31	48	34	20	55	23	22	54	1	9	25	46	3	26	40	36	40	4	19	28	
27	44	23	33	7	49	51	14	34	50	24	49	41	43	7	25	49	9	16	47	15	19	36	3	30	5	36	55	53	52	17	8	26	22	38	30	2	18	28	18	10	49	12	35	20	1	4	11	8	15	55	13	6	21	7	
33	9	41	29	45	23	29	38	44	35	4	16	33	19	28	48	13	6	55	46	24	54	32	34	47	20	17	50	23	37	55	40	27	26	12	14	30	25	48	18	2	49	17	36	10	43	10	7	52	7	51	15	45	22	27	
33	28	40	14	35	3	53	18	27	5	27	26	33	36	15	47	35	48	7	52	42	33	6	46	9	50	26	19	25	35	30	42	51	12	54	25	4	33	40	10	38	51	32	11	29	31	55	48	21	45	42	8	8	43	35	
14	23	3	16	45	35	42	29	12	38	13	34	34	45	16	41	19	51	2	15	22	30	53	12	39	28	40	24	33	11	2	36	31	6	44	7	25	17	19	31	38	27	8	5	52	9	28	1	55	26	18	6	43	10	20	
18	33	38	40	50	47	39	23	20	25	51	10	44	50	26	4	30	50	54	29	31	41	40	32	38	8	39	45	46	48	42	49	7	21	35	53	52	54	22	15	24	53	9	50	55	32	43	5	11	34	1	2	14	13	12	
37	5	47	8	36	20	45	27	23	51	42	18	46	38	20	44	43	17	50	22	2	24	3	4	33	31	19	1	29	16	9	50	19	40	55	39	2	30	8	24	22	34	24	53	14	41	38	43	53	25	6	52	26	7	41	
1	21	44	41	34	4	47	28	6	29	24	42	15	50	34	36	5	10	3	51	11	38	18	47	20	33	49	1	2	52	39	42	9	26	14	34	13	12	7	16	22	17	43	26	3	23	45	44	19	28	25	17	52	40	24	
12	2	39	10	43	34	48	14	21	2	23	51	14	8	38	25	20	46	9	30	33	11	16	20	22	40	41	25	19	13	23	37	52	7	36	42	22	15	36	39	53	43	19	17	50	54	16	53	45	11	24	26	17	24	21	
21	48	5	39	10	54	46	36	48	37	55	15	54	9	48	22	4	20	38	50	11	34	8	6	5	3	14	19	7	34	40	20	11	27	43	19	24	18	53	1	51	34	13	33	27	45	52	15	16	19	12	17	41	54	49	
39	54	4	43	38	24	10	42	31	34	27	46	48	42	25	39	22	43	36	52	12	10	35	24	15	50	16	2	17	18	47	41	47	42	28	27	3	37	53	20	50	23	44	21	53	53	46	6	1	14	49	47	21	26	55	
16	4	12	15	5	7	4	43	51	23	14	8	20	27	2	18	6	11	5	17	45	1	53	37	40	9	15	12	13	24	10	20	19	19	32	22	11	21	55	4	28	50	51	46	18	52	6	24	43	54	18	29	47	3	47	
12	46	5	22	47	13	16	51	23	19	13	23	27	18	7	30	43	54	12	18	49	1	24	51	28	55	53	52	44	40	28	2	10	17	5	1	29	18	37	35	34	45	50	4	5	46	20	45	31	23	8	21	9	10	3	
35	7	33	27	40	12	39	32	24	53	34	3	23	36	36	42	14	22	26	2	17	15	19	54	28	39	43	42	28	50	37	3	45	53	16	20	8	51	36	11	46	54	55	6	38	30	27	41	48	49	39	44	46	52	26	
16	16	11	42	38	46	8	25	17	2	36	34	50	29	54	1	5	52	51	43	24	10	9	49	31	40	30	18	28	53	27	34	54	23	15	28	10	19	39	11	25	21	42	7	31	26	47	20	17	32	4	38	35	14	22	
8	48	46	8	6	25	19	33	17	39	29	31	33	47	12	42	48	14	15	35	43	36	11	4	50	41	47	22	1	55	32	51	32	5	42	21	28	2	50	44	38	24	16	55	54	12	26	34	25	37	53	7	2	9	50	
38	40	40	51	41	26	12	15	43	2	53	3	29	52	50	54	19	1	53	16	33	2	44	55	15	6	47	7	5	38	8	38	22	24	19	46	44	20	3	28	27	37	27	25	33	10	21	48	46	4	48	31	11	17	14	
50	20	48	54	12	25	37	31	46	3	34	17	31	47	55	55	7	34	14	26	51	1	33	26	45	18	16	49	53	30	6	52	34	53	41	27	19	20	1	43	8	32	47	36	9	25	22	8	2	28	23	35	13	46	4	
55	49	17	46	49	32	36	34	48	14	1	17	30	21	1	2	10	18	25	44	27	47	5	15	33	19	31	10	35	6	10	11	53	10	45	38	24	22	53	23	31	51	20	42	3	16	29	8	15	50	32	37	37	28	33	
54	24	6	6	52	51	55	42	49	7	13	12	28	31	53	27	46	42	39	18	24	35	40	27	42	17	43	3	38	8	28	34	29	19	24	2	11	10	30	41	13	39	36	24	1	27	34	43	54	1	45	20	33	14	37	
10	28	18	6	50	8	17	39	31	33	35	19	32	39	43	11	35	13	44	43	14	1	20	48	51	17	22	55	37	34	34	42	46	29	31	39	36	32	9	48	7	28	50	38	7	27	40	47	41	1	12	49	54	45	14	
40	43	34	32	20	52	45	46	50	3	7	21	20	37	13	53	47	36	45	3	29	9	14	51	25	15	6	4	54	33	2	28	5	33	48	10	27	23	52	17	19	44	18	41	22	25	19	45	8	5	34	15	1	43	11	
8	55	13	9	47	27	14	4	29	26	46	22	38	7	17	44	11	43	44	32	6	11	47	49	54	36	10	11	21	50	16	24	46	15	17	23	36	35	25	50	30	54	19	54	45	18	27	2	5	20	28	48	22	1	31	
19	34	30	13	42	22	26	3	52	22	4	4	1	11	11	37	14	7	47	10	49	43	35	33	39	45	54	28	51	54	46	53	16	8	9	38	31	32	38	6	51	29	7	40	22	15	13	33	20	42	41	52	27	5	26	
9	35	9	20	29	48	49	40	5	52	19	40	6	32	8	10	12	18	17	46	37	26	43	1	46	27	38	23	51	28	46	44	3	52	50	15	33	36	23	30	11	47	2	18	13	45	5	21	6	55	49	34	22	39	25	
35	47	49	55	25	15	30	11	16	11	43	20	36	50	35	50	53	19	33	54	7	21	46	11	12	43	2	35	3	21	5	26	8	34	10	31	45	24	27	45	29	51	4	40	44	37	33	28	32	51	22	25	17	45	40	
11	30	18	28	8	36	32	19	29	43	26	2	30	35	12	23	52	47	4	34	38	23	51	5	52	44	14	6	41	45	34	48	24	37	18	9	15	28	29	42	13	46	27	31	11	33	49	5	13	30	27	30	50	20	29	
32	50	28	34	30	12	1	4	13	32	5	16	34	17	40	2	15	12	18	27	10	37	53	53	35	26	20	3	8	18	33	34	12	43	53	36	38	38	19	46	52	9	3	24	11	12	23	22	8	27	46	16	52	29	6	
25	51	20	30	54	37	39	17	24	10	54	39	45	33	42	28	24	49	9	36	54	18	45	5	11	3	35	29	55	7	12	6	41	15	21	24	40	43	44	1	47	22	38	33	2	8	38	4	53	46	48	50	3	17	26	
53	17	51	3	1	48	3	44	32	10	2	55	43	39	21	28	27	41	49	45	25	55	26	22	37	54	54	5	41	4	12	23	14	9	11	6	45	13	39	7	13	38	44	47	6	50	12	18	32	8	5	19	53	15	2	
19	11	53	18	34	53	28	41	48	27	49	32	54	49	14	45	35	33	31	17	30	23	10	39	43	10	42	31	47	39	25	48	48	12	20	21	46	26	50	29	36	54	52	15	7	46	1	37	9	28	38	29	2	55	13	
17	39	35	31	13	18	50	6	3	42	52	9	40	14	52	43	28	5	32	41	7	8	48	29	12	12	9	44	45	47	49	54	7	30	25	32	24	55	17	26	40	53	17	2	51	4	36	22	7	19	15	51	1	23	18	
52	14	15	33	2	48	9	31	53	17	41	1	38	51	4	47	21	50	19	7	47	44	39	49	29	31	50	19	18	15	23	11	28	30	46	6	22	34	24	2	48	46	41	30	16	37	31	25	29	12	20	1	40	54	5	
9	19	26	21	28	38	31	47	49	4	15	39	9	38	5	51	16	40	32	49	44	12	44	7	24	42	23	30	5	22	54	14	33	28	8	43	53	39	10	25	31	2	4	29	21	48	21	36	27	37	13	11	45	37	8	
4	14	19	17	16	39	13	20	54	21	16	14	10	53	19	38	2	25	22	24	32	5	28	52	17	54	1	14	30	31	7	23	34	18	24	33	31	40	24	3	27	48	23	27	8	29	35	44	17	52	1	36	12	11	41	
44	1	22	4	13	40	47	48	42	9	47	13	22	6	34	22	18	3	20	35	50	35	12	30	50	14	29	16	39	21	41	25	4	45	23	14	5	49	32	23	54	31	33	17	15	52	42	21	37	2	55	27	18	53	51	
