40	45	27	13	52	51	21	55	21	19	30	4	50	4	23	31	51	34	7	10	53	54	34	26	30	22	44	55	46	20	17	27	1	38	24	30	32	29	27	36	33	42	25	25	43	32	41	23	8	31	18	3	28	48	14	
55	55	1	39	43	4	40	55	41	20	21	13	35	34	25	13	9	9	36	18	36	10	42	2	3	16	16	5	41	48	13	26	45	52	48	31	40	17	28	24	34	33	21	11	12	44	8	6	49	29	18	14	21	46	13	
20	3	13	20	28	3	17	37	46	54	14	6	36	28	31	44	47	48	8	41	55	48	49	41	27	3	45	38	22	32	35	39	31	50	43	51	52	45	23	21	42	33	24	6	53	39	40	33	29	40	16	12	18	46	1	
28	47	24	51	11	52	28	34	12	16	20	52	46	49	3	9	32	20	17	22	7	40	54	25	53	23	37	49	38	12	29	50	2	50	44	9	31	14	28	41	14	45	35	4	23	36	50	55	38	1	3	42	20	5	8	
15	7	29	48	29	39	20	22	24	54	8	18	28	5	43	10	16	17	29	2	37	47	36	18	30	16	19	54	33	3	47	32	7	21	23	34	41	27	52	9	25	44	23	49	46	11	45	50	12	14	51	53	4	12	6	
15	25	18	12	1	18	2	30	9	3	37	39	29	6	21	34	27	7	41	4	50	33	31	28	39	32	2	24	30	11	26	29	20	26	38	18	35	23	33	40	24	13	5	50	16	21	14	27	36	38	15	4	17	44	42	
49	15	27	2	29	22	10	1	39	33	23	42	46	44	4	22	52	13	22	31	13	27	28	24	50	8	38	51	5	10	9	53	11	19	37	36	25	44	21	48	6	28	32	54	14	34	1	3	31	7	23	30	32	35	37	
10	40	3	45	42	52	50	22	4	53	43	23	20	29	28	11	20	54	27	53	12	45	51	45	5	43	52	17	4	30	51	13	54	39	41	26	32	21	45	33	16	31	53	22	44	24	15	48	25	46	47	18	14	24	49	
16	9	38	30	52	53	11	48	48	46	31	16	21	48	47	38	6	6	33	12	49	41	23	39	45	50	11	44	3	34	32	3	26	51	18	20	54	28	10	23	14	38	36	19	16	25	54	7	27	17	14	4	42	22	29	
30	11	34	3	54	8	16	54	31	10	14	49	39	37	43	4	36	12	25	39	24	33	38	27	45	51	40	46	21	3	1	48	53	32	35	49	26	49	47	55	43	50	31	28	13	3	17	44	11	41	14	32	52	45	2	
39	24	25	27	43	12	25	20	7	41	53	54	8	31	29	45	16	15	18	26	10	5	34	38	14	53	48	30	35	22	16	16	44	38	28	17	34	37	20	42	21	2	23	26	32	40	55	30	43	15	52	46	17	19	22	
15	53	12	43	30	19	1	43	47	24	55	5	55	35	9	23	54	9	42	8	23	20	5	51	51	4	45	22	5	2	41	18	39	40	45	11	3	31	44	43	52	36	32	50	55	26	1	10	32	48	42	49	46	31	33	
37	32	19	43	22	5	27	24	29	49	11	24	33	38	5	17	19	26	33	52	23	55	50	3	16	34	30	52	7	3	13	28	32	18	14	38	6	38	4	31	16	12	53	45	35	42	46	38	54	21	36	18	8	25	9	
5	42	31	41	46	31	51	3	48	51	15	28	54	36	30	27	49	29	9	36	45	49	24	25	43	29	55	47	32	8	34	21	35	8	6	10	23	40	9	13	37	21	26	30	1	40	44	52	8	38	11	39	13	20	5	
53	46	44	28	7	36	4	26	54	51	15	8	17	52	53	14	28	16	37	42	55	6	13	30	54	45	38	34	55	42	23	37	31	1	7	35	29	51	48	25	31	3	14	47	39	10	44	2	11	10	38	7	15	46	21	
10	33	44	29	17	28	48	51	1	29	44	21	55	36	50	10	53	37	21	39	18	15	12	11	23	19	46	14	17	24	33	25	36	6	40	50	34	16	44	20	41	30	22	37	49	14	31	42	48	43	10	8	54	26	4	
1	23	32	13	37	49	30	46	27	34	24	7	48	39	51	8	17	6	26	39	40	25	12	10	2	33	5	50	28	9	52	23	29	25	20	53	3	47	38	28	11	46	41	55	11	12	4	25	3	15	48	22	24	54	16	
23	20	18	4	29	24	50	38	36	5	54	28	6	31	52	17	37	39	33	34	47	39	25	1	22	22	35	28	43	8	42	51	12	2	50	39	10	29	18	32	18	14	43	21	45	36	48	9	4	11	40	35	41	47	26	
41	11	39	11	38	43	52	18	53	37	52	22	31	10	36	5	26	34	45	44	6	12	21	12	54	17	36	19	35	27	34	20	21	15	13	46	42	7	4	47	28	40	55	55	48	23	2	15	1	31	49	50	25	51	51	
20	8	16	21	39	26	52	41	32	51	52	18	23	42	6	44	11	30	29	50	19	46	36	20	27	9	4	11	18	51	47	22	43	47	48	23	15	35	49	31	17	30	54	36	14	37	22	12	10	53	1	12	24	35	28	
48	28	16	44	44	9	19	8	48	11	46	55	7	10	33	36	9	5	11	43	3	45	52	12	37	25	50	35	45	14	45	23	26	4	50	13	10	15	5	49	3	38	26	10	29	2	42	35	6	49	17	16	23	39	53	
44	47	45	20	23	43	7	41	13	50	20	9	44	28	52	29	30	16	52	20	42	51	2	7	39	35	52	41	1	20	24	29	10	53	46	32	40	37	54	3	31	16	43	3	47	35	33	4	48	12	16	21	49	3	11	
26	22	5	52	7	23	5	33	16	55	9	41	37	43	38	13	1	40	51	45	22	17	2	6	5	10	7	22	39	12	30	8	25	20	42	16	27	44	46	39	47	51	11	14	23	31	5	15	11	54	50	17	19	49	24	
54	41	23	6	21	13	22	12	22	38	51	36	48	25	11	29	55	5	24	42	14	52	44	17	7	26	9	8	33	42	24	19	25	31	20	43	28	37	53	34	4	35	54	1	2	15	10	35	16	28	20	27	22	18	20	
11	29	13	15	47	52	23	6	8	38	10	46	9	44	32	40	32	45	23	24	42	28	28	7	22	53	22	25	4	12	43	54	41	53	12	15	36	19	18	37	55	12	13	47	3	25	16	30	14	39	35	38	20	5	44	
27	42	6	49	43	2	21	40	38	4	36	50	35	53	52	3	39	8	12	13	43	21	26	55	31	47	33	10	52	23	48	8	7	37	51	54	36	5	16	3	9	1	42	25	31	32	24	9	22	20	19	49	29	30	34	
52	19	50	4	55	15	36	5	6	16	32	37	38	33	53	37	23	29	16	45	2	32	1	51	40	3	54	28	26	26	46	7	30	38	9	27	39	29	17	43	42	47	20	8	10	13	29	28	26	31	1	34	3	41	19	
25	27	2	37	37	14	25	42	40	6	34	51	40	7	10	12	32	41	27	38	43	24	8	54	47	35	43	3	22	13	5	31	19	9	11	53	16	33	24	52	23	55	45	48	3	46	55	35	15	11	4	36	21	47	32	
50	11	4	50	31	49	53	46	10	54	1	6	11	16	27	47	38	24	22	14	13	4	55	29	9	6	25	42	12	1	7	1	15	44	48	28	35	30	19	43	26	8	33	22	17	2	18	42	20	23	40	32	18	36	35	
12	26	42	38	32	40	28	17	34	13	7	1	32	21	9	18	45	1	47	51	6	35	46	33	28	11	2	31	8	36	48	4	44	41	49	19	5	50	19	39	47	10	29	23	30	22	25	16	7	55	53	54	27	39	15	
42	42	14	16	48	33	6	49	20	22	18	22	24	53	39	37	42	46	50	48	17	2	14	19	8	53	10	43	12	35	55	52	21	54	52	1	29	45	29	51	53	30	12	10	25	32	32	10	23	24	44	33	26	3	36	
13	35	40	54	45	2	38	26	17	34	22	52	10	46	7	36	41	35	31	30	2	8	4	51	24	27	36	40	34	18	16	42	51	40	39	25	33	6	48	44	37	11	20	43	40	28	6	19	2	37	45	47	36	50	37	
43	55	15	12	33	17	12	2	10	36	23	19	5	26	9	30	7	3	48	30	41	2	35	4	1	51	31	45	17	21	8	2	6	10	53	16	21	9	14	15	40	37	34	44	50	38	20	48	39	47	13	11	51	25	18	
44	21	33	17	20	35	19	19	22	23	2	36	30	5	34	40	42	11	14	15	44	37	14	31	18	5	23	12	47	46	13	24	49	30	25	11	50	23	26	16	43	27	34	3	1	29	37	40	6	36	39	44	32	52	7	
17	50	25	24	26	55	25	44	33	49	5	29	28	27	40	28	52	35	3	49	33	11	16	3	15	49	39	43	48	31	45	7	13	14	15	37	53	34	20	28	18	9	1	38	19	22	51	21	41	50	54	23	45	47	17	
44	30	41	30	15	55	18	6	11	14	18	38	12	50	42	21	48	49	16	16	52	22	6	8	6	54	47	20	27	27	25	17	36	45	55	48	43	55	39	35	54	4	14	5	33	51	23	9	19	24	20	13	44	23	10	
46	5	39	50	17	54	55	28	16	42	12	49	13	50	35	43	46	14	44	35	29	24	3	35	26	21	53	36	48	6	37	23	52	5	15	9	40	1	34	54	38	29	47	35	8	16	7	39	13	49	22	39	2	4	17	
22	6	54	55	51	43	24	16	35	11	28	30	48	11	46	44	33	4	18	17	10	19	14	34	29	44	46	13	40	44	27	47	48	7	44	38	49	50	41	12	3	52	39	53	5	13	26	35	18	24	31	9	40	42	39	
11	14	27	19	52	1	27	43	32	32	14	2	22	48	39	20	48	36	40	27	25	51	33	1	10	53	15	14	37	52	37	44	9	6	47	45	46	18	15	23	46	26	20	6	17	3	12	49	21	42	4	28	30	34	13	
24	29	26	33	49	6	13	22	55	2	16	40	46	30	54	15	3	7	19	37	8	53	33	42	2	12	51	27	39	25	36	3	32	5	20	14	2	20	31	52	22	38	21	46	52	2	39	46	50	49	28	41	31	1	25	
31	10	53	53	34	1	26	35	17	7	52	24	1	52	55	38	10	32	43	40	8	44	22	52	21	54	20	4	29	4	14	2	54	9	3	30	8	39	48	27	45	46	29	37	37	33	4	36	36	50	14	48	5	19	23	
21	16	26	10	41	29	21	25	26	14	47	38	18	32	28	24	12	55	36	33	22	54	19	49	20	48	47	6	47	15	11	11	14	34	18	39	4	23	43	12	35	33	37	49	51	5	1	53	7	40	27	20	23	28	54	
34	16	30	22	6	23	31	1	18	52	3	47	50	23	37	47	2	49	28	32	37	13	17	32	11	48	41	15	49	10	53	14	11	12	19	14	38	36	55	45	27	54	40	20	19	50	48	24	29	4	31	25	10	7	24	
6	31	7	18	13	3	5	10	10	9	27	8	25	3	48	54	25	42	17	28	46	52	11	44	23	2	17	15	14	46	38	12	16	28	21	8	27	22	15	21	19	39	13	24	26	1	30	48	33	13	23	20	50	4	43	
1	48	43	14	52	31	35	48	42	5	6	32	19	2	42	39	50	10	34	4	33	18	55	13	44	53	11	29	44	54	13	30	41	46	41	22	17	18	24	38	7	2	8	21	55	34	3	37	45	16	34	26	31	21	12	
3	13	5	31	44	1	29	14	28	8	39	33	6	41	45	27	46	29	20	9	15	51	47	31	34	7	49	35	23	16	50	21	17	48	52	33	30	24	44	53	7	18	19	12	50	35	35	25	55	51	32	1	36	7	37	
8	51	20	27	14	16	53	31	18	40	7	48	53	6	22	35	11	33	34	19	11	7	39	36	45	37	48	49	5	55	53	1	45	3	8	42	12	3	5	14	44	49	6	23	54	17	9	6	26	32	9	43	21	2	25	
8	4	54	47	48	37	32	29	14	28	35	36	40	45	36	49	5	27	38	24	9	33	10	54	6	25	8	33	44	39	31	55	42	11	54	12	43	51	50	46	24	15	16	2	34	34	36	23	46	18	41	52	43	37	3	
32	4	46	53	50	14	33	36	33	15	3	31	53	51	12	19	2	18	17	1	28	49	21	48	38	39	9	37	51	43	9	27	32	47	18	6	44	21	30	5	31	17	31	16	48	41	17	54	34	31	55	3	22	9	40	
45	34	42	23	8	27	10	32	43	52	33	53	26	51	14	26	13	24	55	9	16	36	29	5	53	52	42	53	17	29	18	2	40	2	4	45	19	54	5	1	48	35	30	55	15	47	28	24	51	22	17	2	41	38	51	
23	36	17	18	35	28	34	18	15	21	5	3	31	55	1	16	31	20	46	29	33	14	49	41	48	54	6	39	24	37	33	45	4	30	2	40	55	10	42	8	27	49	50	51	28	31	43	5	48	13	26	19	9	5	38	
2	43	20	32	10	41	47	52	33	25	29	44	3	34	13	51	46	50	39	31	20	54	5	9	31	14	20	26	18	28	3	15	7	8	43	4	45	19	37	6	36	6	46	22	38	48	15	27	30	38	42	22	34	40	31	
50	49	35	18	53	39	8	7	30	10	38	29	41	54	50	42	14	53	21	36	26	1	33	32	12	13	16	32	45	37	51	24	18	20	27	9	47	43	55	15	22	19	28	9	52	20	34	8	17	33	25	24	26	55	48	
29	53	47	40	27	25	25	39	24	30	3	17	14	15	2	27	35	19	52	21	10	3	48	2	28	15	12	32	31	26	10	46	50	55	33	18	6	38	51	14	8	34	29	7	4	27	22	11	28	52	29	37	53	17	41	
9	17	36	25	39	30	37	13	19	12	26	14	2	55	44	22	45	21	32	34	51	4	47	15	33	42	31	48	35	38	47	29	46	7	1	15	18	52	25	28	49	32	27	31	16	8	47	4	24	34	43	6	51	16	20	
