29	42	25	52	13	55	25	31	48	35	5	34	27	39	3	47	31	46	8	20	27	54	15	43	49	7	45	17	52	44	45	1	28	28	38	7	14	5	22	3	24	11	21	48	50	21	26	7	51	16	24	23	12	23	6	
3	28	35	5	9	8	47	48	33	18	28	24	28	19	30	15	26	38	33	17	27	38	39	18	32	52	39	36	49	50	40	36	4	6	41	53	10	29	42	25	29	55	46	43	16	7	54	44	40	31	45	9	51	11	34	
25	43	48	3	33	24	27	53	25	14	34	19	7	45	4	29	16	1	5	55	55	8	50	22	45	9	6	38	1	51	47	10	35	37	52	52	11	21	48	12	20	23	28	24	54	16	2	11	13	39	50	40	44	29	15	
18	21	48	40	19	40	29	13	17	50	8	53	37	13	43	46	30	51	4	51	45	4	31	53	3	12	32	40	41	4	42	42	22	19	25	26	1	51	36	2	31	44	53	10	39	38	54	11	18	47	48	6	43	20	43	
30	16	18	13	41	6	39	12	12	1	34	35	41	15	1	42	43	26	23	50	7	45	33	17	6	4	5	9	46	10	49	8	9	51	14	34	54	38	44	9	36	20	29	6	19	26	47	21	52	9	40	54	53	2	55	
42	45	43	48	19	49	39	20	44	33	32	19	16	12	5	22	32	23	48	35	26	16	9	15	50	2	51	47	38	36	30	22	24	16	54	26	7	23	46	52	40	5	53	55	1	3	18	30	6	4	8	29	50	10	41	
43	29	21	19	51	41	46	16	7	46	54	30	51	20	3	27	1	5	22	52	3	4	54	18	5	47	9	31	25	35	1	53	48	23	55	42	3	32	42	49	19	38	8	54	2	9	11	6	53	28	34	54	15	30	13	
18	5	6	33	28	39	32	9	29	36	7	55	22	35	40	55	51	20	6	48	17	54	1	54	52	13	31	45	13	3	43	28	49	46	45	8	15	19	11	28	41	2	25	4	34	10	43	16	12	46	47	26	30	37	14	
20	29	36	50	39	24	35	9	1	23	52	3	22	55	53	48	23	54	2	11	16	47	51	28	55	40	4	9	5	33	15	14	5	38	49	41	43	25	35	42	33	17	41	44	55	37	29	21	32	13	16	45	3	9	3	
55	32	46	7	26	22	6	24	11	38	15	36	25	24	1	7	41	13	33	22	53	12	34	3	28	45	16	2	45	23	2	29	51	33	20	19	52	23	27	5	47	39	30	12	8	23	4	31	33	35	54	15	37	27	17	
54	1	28	54	30	47	40	44	27	15	6	30	51	14	55	41	2	36	8	53	26	29	53	42	45	16	35	3	43	46	17	26	32	31	9	4	17	48	32	50	46	37	14	33	49	5	9	52	34	14	38	7	39	23	8	
13	23	45	55	50	21	55	18	50	25	11	38	26	41	13	52	29	46	9	40	22	4	46	10	20	44	35	48	12	42	2	9	53	45	7	42	8	47	49	42	14	39	24	36	22	32	31	36	27	30	18	39	12	6	33	
17	47	52	48	1	24	48	49	16	21	53	42	13	28	15	52	38	55	17	4	15	46	19	48	51	27	8	19	23	53	37	39	42	32	14	29	52	50	19	54	9	3	36	7	30	48	5	2	41	2	6	54	10	53	31	
26	22	24	29	30	19	8	51	4	37	8	15	18	51	20	55	44	17	34	49	41	11	47	21	49	33	12	32	8	52	48	31	1	14	3	28	30	9	23	18	35	26	27	32	6	36	29	50	47	46	25	38	54	5	34	
33	32	30	49	37	21	41	11	19	37	55	44	10	46	50	12	4	5	27	33	9	3	46	45	34	34	13	49	18	7	12	48	36	39	39	2	44	8	52	6	42	47	34	38	22	26	51	23	29	2	43	22	1	28	5	
21	46	52	54	6	1	8	52	21	31	20	8	17	25	2	7	51	47	39	30	53	49	18	18	9	5	55	13	46	12	3	9	42	52	48	46	37	52	26	43	12	45	50	26	53	47	32	46	23	10	18	19	32	22	33	
24	21	17	34	51	13	36	44	53	28	33	41	49	14	9	34	23	37	24	47	31	14	7	6	34	46	21	50	19	25	12	27	31	15	4	30	26	22	11	8	38	41	32	29	40	39	2	5	4	11	51	20	35	42	43	
40	27	28	20	31	51	28	55	24	39	1	32	48	7	27	53	38	2	25	6	35	47	49	37	36	54	16	52	5	4	16	42	10	42	5	38	22	15	29	30	39	8	4	34	12	16	9	3	11	18	38	43	49	14	22	
26	10	22	7	54	5	7	38	12	33	25	34	52	38	6	11	8	3	55	19	13	15	25	46	21	28	14	48	9	23	18	17	17	20	21	16	21	26	36	31	43	48	23	24	13	44	33	16	45	17	32	41	27	41	29	
32	53	11	22	2	31	18	16	34	40	34	33	52	43	51	24	15	39	14	37	36	42	54	49	15	17	10	41	44	48	52	53	45	5	19	43	20	32	47	36	12	19	9	3	46	44	13	4	25	21	25	8	49	26	38	
6	31	43	43	52	20	24	47	48	13	9	21	19	22	5	51	28	8	44	16	39	30	12	27	40	19	49	26	53	12	46	2	27	18	29	10	35	54	41	14	6	32	30	23	48	25	55	6	33	41	36	6	3	15	30	
23	31	8	46	13	4	21	12	28	36	26	20	14	17	7	24	9	27	38	12	18	55	9	24	10	35	24	15	19	37	28	40	52	33	15	49	22	34	45	47	13	16	11	23	25	50	31	19	20	54	22	30	51	29	32	
3	26	48	1	43	13	13	25	49	30	37	39	49	16	26	28	23	22	20	30	33	12	48	35	29	42	46	48	24	38	4	23	6	49	8	46	47	5	55	24	32	34	47	11	32	17	36	40	31	38	53	52	50	41	29	
7	12	4	38	32	26	40	39	29	19	31	4	8	33	10	30	49	19	17	44	35	18	7	16	37	42	15	20	32	40	32	35	34	21	2	9	43	41	31	22	55	4	3	46	23	55	6	54	4	5	41	36	19	45	50	
40	30	46	42	46	12	16	23	43	34	9	37	6	46	8	5	30	52	4	18	1	44	20	53	45	10	36	23	11	23	7	33	50	45	18	39	48	18	51	14	49	54	47	40	27	41	42	55	21	32	2	18	17	3	13	
4	6	47	24	55	12	23	30	46	53	45	14	37	8	43	35	39	25	26	8	37	48	34	19	11	7	17	27	20	5	36	21	49	12	42	46	9	49	18	51	44	48	52	10	38	34	43	19	1	51	13	33	41	43	40	
35	47	37	3	10	38	23	28	15	31	2	45	36	32	47	16	6	37	7	13	17	25	40	21	12	21	30	28	48	2	8	24	54	39	11	55	5	31	11	17	46	49	46	14	10	42	11	18	15	3	24	22	25	50	23	
32	11	36	2	42	35	49	8	24	29	16	7	31	31	12	33	6	40	21	2	43	41	10	55	41	14	6	1	32	39	6	48	37	44	35	18	16	13	24	25	45	23	17	53	47	16	15	30	36	20	28	20	4	35	19	
31	33	7	13	45	42	16	26	20	52	55	22	52	9	42	19	32	49	33	14	17	34	24	43	13	28	18	28	16	32	29	43	46	18	53	33	50	10	40	11	46	41	11	47	30	48	44	44	30	6	53	35	23	8	21	
31	18	12	44	32	28	55	3	16	16	4	34	2	47	17	47	36	38	1	7	52	35	34	25	48	26	20	20	45	11	19	18	13	29	46	43	54	42	29	9	50	24	22	30	14	18	21	33	53	3	23	34	22	49	1	
1	9	5	4	53	54	21	2	8	33	41	40	16	13	5	14	52	28	14	22	23	29	25	41	24	11	48	42	18	32	40	15	25	43	16	19	38	21	3	44	52	27	7	10	37	12	7	20	19	26	38	46	45	46	10	
54	55	55	39	2	16	9	14	39	47	14	43	15	21	41	43	17	52	48	8	32	53	13	50	14	18	14	37	3	45	44	46	29	28	9	31	42	20	26	10	4	24	49	2	41	19	52	39	5	31	1	29	26	51	7	
27	55	9	4	44	33	32	29	5	45	19	16	14	30	39	21	17	6	53	17	34	1	1	12	54	30	2	11	40	25	55	7	22	47	50	7	18	24	17	19	52	35	19	8	51	55	28	10	46	14	15	13	7	25	14	
44	20	53	6	2	23	50	6	30	35	40	31	38	48	32	54	42	49	3	51	38	2	4	28	33	15	33	34	55	24	29	41	43	11	35	45	16	14	30	46	33	1	5	12	45	29	50	36	7	50	19	42	47	13	9	
5	55	16	20	40	36	33	27	18	42	43	42	55	41	11	37	16	53	34	25	44	47	6	13	51	1	19	22	28	5	9	17	3	19	21	40	2	51	48	4	39	19	41	19	7	45	8	15	31	17	25	10	47	30	8	
27	8	10	47	33	9	36	34	51	52	3	46	46	49	9	31	11	29	12	26	25	32	9	30	6	22	47	4	12	13	50	28	8	53	12	27	46	45	43	39	26	40	1	5	11	14	29	24	35	37	42	54	16	48	20	
2	54	51	44	3	38	25	16	31	5	12	52	50	42	24	30	10	45	16	7	55	21	22	1	49	6	40	31	4	17	36	37	7	30	23	35	13	43	35	38	48	44	19	23	15	40	39	20	18	51	14	11	14	32	9	
5	13	34	21	48	37	53	32	20	26	34	54	19	23	30	1	49	4	1	15	15	27	49	20	38	42	29	33	40	43	39	42	40	2	5	36	35	44	50	52	10	18	34	25	24	8	12	14	50	49	11	7	19	45	28	
38	29	39	13	12	9	37	38	47	23	27	5	1	12	44	40	7	47	6	21	11	46	23	8	38	53	16	43	54	45	51	34	17	31	31	13	41	52	35	15	17	50	14	2	3	43	24	45	20	20	4	28	9	16	22	
34	2	19	16	51	7	52	15	9	27	41	6	4	36	37	55	40	30	11	36	12	38	1	41	55	20	42	10	11	47	26	40	44	48	40	22	47	35	32	39	1	3	43	45	22	13	41	8	18	50	34	14	17	21	51	
14	35	34	23	34	20	45	12	50	17	51	52	53	26	13	32	12	55	15	54	20	3	27	5	18	3	24	29	6	40	22	16	4	55	28	32	4	50	1	33	11	21	13	9	31	30	19	41	37	8	39	25	36	43	28	
24	34	49	50	35	18	14	33	20	54	49	50	38	44	19	13	47	24	23	31	52	36	26	34	53	31	1	17	27	28	42	45	55	20	30	15	39	23	43	40	16	34	20	39	21	34	3	49	2	1	9	49	32	19	12	
9	48	50	25	14	18	51	43	55	12	10	13	32	15	52	14	18	15	29	52	19	48	44	2	32	30	44	16	55	6	20	6	5	54	14	1	14	7	21	54	3	22	26	27	26	46	17	39	43	45	33	4	21	24	53	
37	30	38	45	15	40	50	5	19	46	16	51	45	6	14	43	48	11	33	9	42	7	23	23	47	55	50	35	1	47	27	36	7	49	10	6	17	2	8	19	33	9	12	7	4	10	53	44	22	7	41	37	13	45	52	
40	25	24	17	24	1	26	2	52	16	13	50	20	51	55	34	13	48	28	17	46	23	53	18	27	50	53	5	44	41	39	18	2	6	32	21	46	55	1	35	50	4	27	15	33	31	24	42	16	1	41	44	6	36	11	
28	14	54	27	36	25	10	46	2	55	17	18	41	49	16	18	31	47	42	23	6	51	41	32	50	19	22	36	21	26	38	39	33	24	50	11	29	1	53	27	5	52	34	22	35	23	37	54	3	9	20	2	7	41	30	
36	3	26	14	18	49	38	41	22	53	35	15	11	24	54	39	55	50	45	5	16	10	28	4	1	33	23	49	19	53	5	52	39	16	12	41	6	27	24	13	23	42	11	19	9	15	40	43	47	25	31	48	32	7	44	
23	17	55	54	38	43	44	14	6	2	6	29	47	31	37	45	38	32	52	53	10	54	35	35	30	8	9	19	22	49	11	25	9	45	13	40	10	53	54	1	34	5	33	9	18	3	50	48	9	36	43	3	14	18	24	
39	1	15	51	14	10	34	21	11	8	28	33	3	1	18	52	19	50	24	27	5	6	3	52	54	23	37	54	28	55	18	4	24	35	25	25	31	43	2	29	48	53	46	48	48	9	28	12	38	30	17	37	33	40	26	
41	19	38	12	47	18	15	25	26	29	36	48	47	27	29	6	53	21	49	42	53	37	55	51	14	27	52	32	50	49	54	15	11	17	18	38	23	28	48	45	2	12	31	39	32	43	30	11	4	22	44	1	37	35	17	
32	4	1	7	49	44	38	45	35	51	41	2	9	6	48	44	46	1	10	7	15	39	33	26	27	36	3	53	17	22	13	47	24	7	36	54	27	16	5	4	6	25	4	41	14	40	14	28	21	19	42	21	52	17	37	
19	38	15	8	51	34	11	25	3	52	14	38	12	4	22	10	51	31	53	24	29	17	32	9	23	42	53	39	34	54	9	44	30	25	36	10	55	29	33	37	10	26	18	2	28	23	1	2	40	46	21	9	48	52	2	
12	21	2	53	4	39	42	6	54	7	24	9	41	50	35	20	45	10	30	43	3	31	37	44	51	25	6	8	47	40	1	54	14	33	33	46	1	17	41	55	18	7	13	49	41	21	48	22	15	23	52	5	25	19	42	
22	24	32	5	5	14	46	42	1	41	15	25	21	28	49	55	33	40	40	16	28	54	52	21	2	29	47	36	13	1	10	30	52	36	17	40	44	6	31	20	10	43	42	16	35	23	53	51	3	34	50	10	18	46	27	
53	26	13	31	34	2	22	4	36	42	18	17	6	10	25	26	14	33	50	28	21	5	6	7	8	24	54	51	39	30	7	38	12	9	49	32	46	13	19	10	15	29	16	52	11	20	23	21	48	43	27	55	40	20	42	
