10	29	47	1	30	53	27	54	23	42	24	32	1	26	33	1	9	20	30	11	18	31	11	12	16	33	55	41	2	18	34	1	8	8	3	21	45	27	17	52	53	38	27	39	48	44	37	54	6	9	49	8	25	2	14	
37	33	51	21	19	54	37	17	4	42	5	22	16	15	23	11	10	3	35	46	35	8	12	32	53	6	10	7	27	13	1	9	28	50	11	30	33	47	44	34	18	36	40	31	44	14	26	39	48	45	20	24	52	25	41	
45	13	48	45	37	42	43	28	53	22	36	25	52	11	53	15	26	28	54	41	1	41	9	37	30	38	49	52	31	15	21	4	12	11	46	34	39	18	4	32	25	24	54	6	33	50	19	43	7	55	26	5	39	20	40	
11	54	31	47	13	30	11	14	39	6	2	15	28	4	3	44	26	25	41	17	42	20	20	27	24	17	50	26	40	53	8	36	49	37	25	5	50	21	16	32	12	1	32	23	44	33	9	55	41	34	18	25	51	31	52	
17	32	28	41	15	23	33	48	1	54	2	44	46	7	43	7	2	28	36	9	14	52	16	11	35	47	22	2	29	37	35	42	12	5	12	11	13	42	45	53	25	29	38	14	34	10	5	19	39	25	21	40	20	26	42	
51	1	48	37	25	15	14	51	24	3	6	19	12	32	4	7	54	30	28	52	48	22	55	51	41	22	8	17	26	28	43	6	13	33	41	35	46	39	29	53	40	18	14	36	34	16	42	31	30	53	12	20	17	2	21	
55	16	17	14	26	28	41	29	38	17	54	3	46	36	16	42	5	18	40	38	50	53	20	10	25	2	19	29	4	15	39	1	13	43	6	36	11	37	49	33	38	46	21	27	12	33	7	13	51	35	48	27	22	53	34	
26	52	51	53	52	48	21	36	45	4	32	10	54	54	1	14	34	31	31	47	39	48	27	49	39	50	40	8	6	35	27	17	16	20	53	55	52	19	30	39	3	47	46	40	43	37	51	6	5	25	36	41	15	7	33	
38	36	2	31	40	21	55	41	34	4	37	28	53	50	42	21	51	31	52	32	3	24	13	49	14	35	27	52	39	16	15	2	54	13	30	19	18	14	4	43	17	44	48	1	14	45	2	49	6	5	10	48	6	20	46	
14	39	50	50	3	51	6	2	30	5	16	46	5	27	32	38	39	52	28	20	8	2	19	41	47	53	48	25	53	54	6	55	21	42	43	21	34	33	7	6	22	20	36	22	31	10	44	12	45	14	17	1	1	35	20	
45	14	11	54	10	48	3	45	11	28	18	17	47	48	21	36	53	26	15	4	54	9	46	51	50	44	9	30	42	26	49	17	37	42	13	31	19	55	19	16	12	34	29	2	20	35	33	48	8	32	50	43	23	27	38	
3	11	27	17	38	37	48	39	18	20	49	32	36	34	48	50	43	11	6	41	7	38	4	52	24	19	31	7	28	55	25	26	49	40	27	16	16	22	53	30	35	43	5	55	8	37	41	47	46	36	23	50	21	4	32	
25	7	5	29	31	55	39	41	33	18	11	47	31	28	40	46	45	13	48	30	16	14	4	50	44	38	51	23	38	50	52	5	1	54	19	27	41	55	2	14	15	6	44	32	16	34	18	53	24	3	22	37	7	8	14	
35	40	4	1	7	51	37	10	35	33	26	46	55	23	41	53	22	44	40	49	44	51	11	31	17	45	32	38	35	34	49	13	3	51	14	7	36	46	14	8	7	25	52	47	39	24	29	50	51	12	29	42	48	28	54	
5	9	27	40	42	3	32	39	46	12	47	49	40	21	48	46	13	14	27	42	30	46	15	22	26	21	35	6	10	1	2	53	49	16	23	20	12	52	8	54	50	32	33	30	37	22	11	46	25	29	19	48	7	28	55	
28	33	19	18	27	3	16	22	49	25	42	53	21	23	51	4	13	12	21	29	46	40	30	21	45	3	36	22	47	6	19	5	38	22	20	47	23	19	13	1	29	39	51	48	46	32	36	43	41	54	13	17	23	44	35	
53	27	13	17	16	4	20	15	24	39	18	14	4	35	9	44	6	45	37	37	21	11	2	5	37	54	16	51	6	41	28	43	10	26	2	12	29	7	8	47	30	31	3	18	44	52	8	46	38	39	24	55	34	12	17	
55	49	3	48	39	41	6	24	35	16	12	41	40	15	46	17	42	54	3	5	39	55	4	14	19	27	25	4	50	20	3	44	11	45	21	48	28	24	1	5	26	9	30	47	22	6	5	51	2	47	35	29	28	23	24	
44	35	45	44	23	49	34	8	3	19	26	36	32	37	33	21	55	40	50	48	47	39	38	22	27	24	41	48	51	7	4	35	42	31	8	46	25	43	52	26	41	20	55	5	38	17	22	36	54	53	28	30	29	1	53	
44	8	32	22	53	23	23	17	47	49	10	34	14	31	27	21	15	31	18	13	12	19	18	33	16	55	39	29	19	24	6	7	27	35	25	9	42	28	11	30	20	18	16	30	46	18	36	45	33	37	42	38	53	48	3	
54	42	26	24	45	46	28	34	2	47	41	50	32	12	3	5	27	6	50	43	36	52	18	13	29	52	49	55	35	23	41	30	51	10	52	37	40	9	12	39	53	3	31	14	46	19	3	4	11	1	44	41	49	43	48	
55	25	14	38	2	34	22	29	26	16	13	45	1	3	54	34	4	33	49	52	9	10	52	8	16	46	47	41	17	18	7	2	40	17	37	26	48	1	55	2	16	47	44	9	50	27	28	31	53	19	25	51	24	21	5	
13	48	30	39	50	45	42	49	15	43	28	38	20	14	20	19	12	10	5	6	42	16	30	17	2	33	37	36	44	41	35	41	32	7	22	11	35	51	3	55	33	21	18	52	25	32	23	24	26	55	27	10	1	52	29	
55	15	43	33	43	27	51	26	43	53	33	52	17	23	37	6	41	35	18	34	4	34	29	9	2	13	31	10	11	12	15	50	24	42	16	9	54	5	20	38	44	50	19	44	2	39	48	40	17	7	3	8	26	30	18	
12	39	25	18	34	34	17	13	43	1	23	36	39	16	53	19	40	32	22	26	32	45	3	1	46	37	2	47	47	27	41	1	52	8	3	14	40	20	25	28	2	48	3	38	41	42	42	29	15	48	33	31	35	33	30	
24	55	28	2	43	1	39	42	33	44	41	48	13	42	11	22	41	41	23	9	25	48	49	34	5	25	52	34	3	10	6	12	6	18	50	47	4	31	32	30	7	14	8	9	51	12	21	21	37	28	27	45	18	15	16	
21	26	52	39	14	2	29	20	5	44	55	48	30	33	19	1	16	15	44	18	51	41	20	23	20	48	25	49	6	28	53	11	50	43	47	47	31	5	9	35	34	6	10	5	17	12	45	22	23	36	32	3	27	34	4	
19	22	21	10	12	32	3	23	11	30	52	55	1	1	48	16	18	38	21	24	40	16	7	54	36	39	13	27	37	44	18	51	8	25	45	17	53	48	22	6	4	26	3	46	1	41	2	16	20	7	29	53	28	31	49	
40	45	4	4	22	45	7	3	37	28	46	39	23	20	5	13	21	17	14	8	2	47	49	6	45	41	19	42	45	43	19	28	15	20	18	21	50	7	24	29	32	51	11	44	16	53	49	25	55	48	10	54	21	52	53	
8	27	15	33	17	40	49	26	41	11	40	2	45	31	10	4	7	1	53	42	53	48	21	55	51	9	12	28	14	49	23	20	5	22	50	18	46	44	40	27	36	9	34	11	38	19	13	27	19	49	54	4	43	17	6	
14	10	1	42	22	35	46	40	36	11	19	37	41	43	19	54	8	12	9	16	33	25	12	3	39	4	54	22	41	14	15	45	20	1	24	26	32	11	12	53	5	13	32	49	49	38	37	2	31	44	55	6	52	17	7	
20	53	44	39	24	41	52	4	46	36	21	14	11	13	22	48	14	16	9	40	4	42	6	43	14	34	28	4	30	25	50	44	17	38	25	39	20	8	37	9	39	55	23	35	54	26	27	9	29	30	46	7	2	49	47	
53	12	3	43	35	22	33	21	40	12	44	16	16	45	35	8	13	23	11	44	15	18	52	24	34	11	53	39	8	29	14	46	37	17	31	14	20	4	32	2	55	4	51	13	33	25	18	48	32	26	17	47	29	19	49	
6	20	42	40	18	55	53	55	21	50	13	33	15	15	49	49	1	36	42	10	12	43	14	40	16	23	54	2	52	8	49	38	19	20	7	24	5	55	22	23	37	11	53	45	26	30	25	55	9	47	51	5	31	46	44	
43	53	29	30	32	18	8	12	28	25	17	35	14	2	26	37	32	34	19	7	31	44	22	27	38	11	5	26	41	48	54	11	45	21	38	23	22	49	27	36	53	42	13	9	40	21	46	1	47	50	52	9	16	9	20	
37	5	19	6	28	9	55	37	50	7	4	10	24	44	22	55	39	47	49	33	16	13	3	2	44	43	44	46	1	37	10	35	26	21	27	51	14	10	18	7	11	18	12	19	4	8	2	30	52	49	3	15	46	45	51	
32	30	37	7	15	5	54	48	27	1	3	8	13	9	24	4	19	37	2	21	26	7	23	53	43	11	38	37	55	31	31	15	39	52	7	1	53	6	33	10	13	28	15	11	29	36	12	37	4	51	14	22	42	16	25	
27	13	36	7	51	45	24	52	14	17	55	54	2	52	25	9	48	37	18	44	52	38	35	18	33	16	3	53	55	4	55	12	7	17	26	36	47	35	31	2	39	26	49	31	10	54	34	41	17	40	24	11	14	43	14	
44	2	13	44	41	6	19	50	54	33	8	33	22	29	4	10	46	15	42	20	11	38	51	44	52	30	52	48	32	38	4	16	23	1	39	7	55	3	53	4	21	45	14	24	1	5	28	9	12	12	13	5	36	42	15	
16	3	41	6	29	8	7	27	28	9	7	20	45	46	14	25	3	48	38	23	43	26	36	30	20	32	21	9	12	47	5	23	53	22	28	1	15	18	34	40	8	17	43	50	1	54	18	1	42	39	11	13	44	51	45	
5	17	43	11	23	33	50	30	6	54	40	5	18	55	13	35	47	25	20	26	10	16	41	8	42	7	14	52	48	40	22	37	54	2	33	8	18	12	33	23	9	15	24	14	3	21	46	32	30	16	55	39	9	29	30	
47	31	33	26	6	11	40	28	7	27	3	12	42	10	27	49	13	28	1	14	23	21	55	4	34	51	36	15	54	3	28	32	18	53	55	22	8	24	46	52	38	32	50	20	26	29	52	34	43	49	35	4	5	17	2	
29	7	18	27	3	7	39	31	19	35	14	36	25	18	12	20	49	26	8	51	49	15	43	1	48	21	33	32	16	45	3	30	55	4	41	36	7	23	50	24	42	47	43	10	6	50	17	52	5	9	34	44	11	5	37	
39	23	9	13	33	38	12	51	16	14	34	1	5	41	28	25	25	19	10	19	17	44	24	43	49	19	18	26	15	20	46	52	40	44	48	6	21	44	42	21	2	5	54	44	45	31	11	3	27	5	26	29	47	14	22	
21	18	30	32	29	36	20	9	3	2	54	7	6	40	32	24	25	39	8	12	13	30	7	15	39	10	55	11	40	17	10	47	27	37	29	40	1	25	46	3	9	33	53	16	53	22	31	7	44	38	3	46	40	50	42	
22	55	34	16	36	22	25	12	32	44	15	14	43	35	44	26	28	2	17	24	41	19	42	35	1	5	45	50	21	30	13	40	7	23	40	29	42	10	38	7	47	23	4	18	55	31	53	27	30	52	6	12	14	18	28	
15	4	43	45	18	50	35	43	55	8	25	6	26	17	7	27	4	29	14	19	20	46	2	36	1	40	10	53	53	13	11	46	14	51	32	13	44	44	39	25	41	49	22	54	5	28	21	16	1	19	12	45	3	9	23	
1	32	16	38	44	13	45	54	8	25	9	17	10	50	47	19	20	30	39	13	32	46	25	22	28	34	29	12	34	26	18	21	52	19	42	6	30	17	2	22	39	50	21	33	29	3	54	46	35	14	44	48	2	4	11	
18	24	38	8	41	44	22	5	39	26	30	42	37	47	28	2	29	21	25	54	34	23	32	28	40	49	9	22	33	52	30	27	22	51	35	3	38	36	43	19	1	15	45	36	53	2	39	10	20	4	50	14	55	10	12	
27	50	52	34	9	46	5	32	10	40	2	51	20	38	31	23	20	42	10	53	16	12	15	16	14	1	44	54	41	2	45	52	43	36	27	41	17	29	10	11	53	52	47	21	28	4	23	33	30	31	37	30	26	39	38	
23	16	24	3	41	17	25	35	44	55	20	23	48	17	18	42	30	12	12	12	27	10	33	54	31	48	11	51	5	34	26	10	47	39	9	17	43	32	51	13	19	37	34	7	38	40	38	47	49	41	44	53	34	6	50	
2	51	2	35	46	39	38	43	9	18	43	23	44	53	1	3	11	49	16	55	19	50	17	47	32	8	19	18	36	22	10	14	15	6	32	52	13	13	22	20	14	4	26	54	7	11	40	54	43	10	30	21	33	42	17	
34	23	35	49	35	10	43	46	53	23	20	4	33	29	50	36	44	48	47	23	28	54	1	16	37	34	30	10	45	1	27	21	25	43	2	15	38	27	36	33	48	45	7	12	9	55	44	42	40	32	39	2	32	34	8	
52	6	30	50	47	29	1	53	42	41	31	30	8	54	2	28	31	43	17	38	31	3	24	44	29	12	20	33	7	39	16	48	34	46	24	45	1	14	35	37	49	5	5	40	41	51	10	14	18	11	49	36	6	13	9	
33	41	22	46	37	47	4	14	12	31	23	9	30	30	8	51	17	11	43	45	49	27	37	7	54	42	36	44	44	36	45	6	19	55	38	40	26	34	38	18	40	10	15	3	32	54	50	20	4	21	5	35	39	53	21	
