8	53	66	35	80	38	35	49	79	60	26	46	59	2	17	51	76	6	12	3	59	36	45	47	62	61	73	64	12	63	15	21	25	11	73	65	46	20	20	39	77	44	38	7	43	52	54	73	55	63	74	68	11	31	28	27	46	56	3	13	29	16	73	9	24	59	67	25	78	38	18	66	37	52	69	76	19	77	22	25	57	4	47	23	74	
72	84	74	81	84	41	64	54	27	69	33	83	2	55	71	80	26	6	28	75	29	17	45	19	74	67	69	32	30	41	60	53	37	47	3	76	42	65	85	66	3	31	61	3	38	45	80	62	5	20	5	34	77	47	48	20	68	35	49	6	24	22	13	58	23	14	4	63	79	1	43	36	70	56	39	16	57	73	40	59	42	78	7	82	44	
47	4	56	30	51	17	51	27	27	63	47	80	62	21	25	58	16	57	78	70	43	7	79	65	77	49	19	22	48	45	53	49	50	64	76	52	78	81	76	59	13	77	54	73	52	31	85	66	84	75	5	82	36	38	60	68	85	83	2	2	74	9	49	33	70	1	39	60	3	69	74	40	58	6	25	23	23	67	43	20	10	2	14	42	37	
27	64	76	56	63	76	42	70	80	30	9	70	66	24	12	5	10	50	17	2	29	37	22	6	34	81	12	75	49	8	67	73	70	55	83	45	85	38	69	76	65	77	59	85	13	25	44	61	72	59	18	14	50	78	59	39	74	68	26	79	73	47	19	55	15	13	57	54	5	36	46	24	71	56	82	32	35	20	48	20	84	62	73	40	52	
44	75	78	66	55	65	8	15	80	61	69	48	70	35	50	60	32	72	39	42	49	25	75	22	70	51	11	43	76	4	49	33	34	39	10	85	17	15	54	52	30	35	53	56	25	16	27	11	45	21	8	46	84	80	20	66	83	28	64	71	73	25	57	18	62	23	56	36	77	22	81	19	12	47	26	34	24	7	84	13	66	5	29	63	38	
70	83	33	11	59	58	36	39	28	50	55	45	60	85	33	79	35	5	3	36	30	76	7	75	73	59	53	74	24	28	25	7	26	12	57	37	68	6	30	8	9	82	7	66	40	37	61	27	81	15	62	63	4	21	50	77	77	16	17	56	83	41	60	19	6	29	13	71	73	80	32	37	34	78	15	22	69	27	46	64	42	59	38	83	84	
42	69	23	12	83	76	8	77	5	66	80	73	31	20	59	24	6	8	53	82	62	72	63	2	72	38	81	43	32	78	33	26	14	9	36	51	40	41	84	42	19	31	70	48	48	85	26	10	45	79	3	19	17	20	61	1	13	10	4	39	43	71	21	51	7	53	58	28	11	51	25	64	80	15	67	82	16	18	45	43	34	46	17	22	20	
31	46	29	39	42	23	76	23	40	82	11	5	8	78	50	56	57	26	5	60	47	42	16	5	84	13	37	85	69	82	17	13	41	84	49	79	19	79	58	61	30	22	58	35	14	20	48	67	1	5	81	2	1	9	4	40	62	80	78	43	74	6	53	70	44	59	17	64	5	71	29	32	50	85	24	63	59	25	79	15	24	30	55	65	83	
57	17	52	6	7	7	78	53	15	16	8	25	72	66	27	56	9	14	18	47	75	28	60	10	61	29	72	2	81	49	77	11	63	41	11	24	3	43	73	57	56	79	80	40	14	62	50	61	30	22	62	19	5	35	22	64	18	48	65	11	12	6	20	27	4	24	21	44	23	76	13	74	24	46	68	78	26	73	51	45	31	26	32	5	33	
76	19	30	37	33	80	1	37	50	67	36	28	70	77	46	16	44	74	37	45	55	27	61	82	33	60	84	56	73	43	25	18	60	10	52	5	43	51	81	6	72	71	73	54	17	74	68	58	60	59	15	69	40	30	63	70	47	17	83	75	57	62	2	78	65	53	74	21	56	24	66	82	8	8	48	25	79	85	35	52	3	49	75	38	31	
51	18	29	65	52	13	76	24	12	60	43	17	46	18	28	24	81	21	29	2	25	49	35	6	82	84	1	82	72	75	68	77	47	8	54	12	60	84	76	69	56	30	41	56	48	66	78	81	42	19	37	62	22	70	22	57	23	63	8	50	49	73	38	9	36	46	61	7	44	47	31	53	32	26	22	33	45	12	67	83	28	58	15	5	82	
75	59	18	49	65	21	53	6	14	17	38	57	73	1	54	74	70	20	59	8	39	3	50	5	24	3	72	79	14	76	74	2	46	46	7	66	22	55	68	32	69	61	44	10	58	52	81	40	69	56	2	64	10	51	23	31	49	9	25	18	77	50	60	80	50	62	54	78	29	35	55	52	50	11	63	20	67	71	14	84	82	13	16	66	19	
34	9	20	37	71	35	69	75	6	58	80	21	25	61	47	14	28	53	62	79	24	35	52	73	3	5	2	13	18	65	70	7	29	85	41	54	74	22	83	34	36	75	55	14	8	56	25	31	19	40	64	82	72	70	68	72	76	24	39	45	1	63	49	69	59	44	77	2	26	73	37	53	60	41	66	67	7	4	50	66	80	24	78	81	48	
82	5	32	18	83	31	59	56	77	82	70	34	72	69	52	57	15	59	71	10	35	46	56	76	48	34	67	26	49	85	71	1	44	58	58	39	1	29	49	78	65	33	64	50	12	70	60	66	41	44	73	30	45	42	17	6	36	38	28	33	37	54	30	40	24	2	69	22	68	72	53	47	16	74	49	24	55	22	61	51	20	75	74	62	67	
3	20	9	80	46	39	69	55	23	14	75	63	37	51	43	22	16	44	34	83	5	13	6	66	11	50	83	81	36	56	59	78	74	65	71	74	58	9	40	35	21	69	10	12	32	8	31	2	48	24	40	7	72	45	70	80	49	65	72	82	76	43	26	25	64	52	47	74	57	84	64	33	22	73	42	51	77	79	51	85	44	15	41	28	1	
23	21	41	42	47	74	72	45	12	3	61	17	48	48	73	85	66	16	19	49	55	26	80	79	73	28	36	30	65	18	68	43	36	63	82	38	50	24	80	15	66	53	29	25	55	13	65	33	68	38	39	35	60	71	68	2	11	17	71	76	74	51	28	64	27	64	14	31	41	52	44	19	20	69	42	34	36	62	12	16	22	45	5	69	32	
71	68	78	41	9	20	27	57	2	4	38	64	57	67	59	18	63	75	71	1	72	48	35	44	56	5	54	55	8	76	37	33	13	27	73	19	45	53	31	44	11	66	62	65	1	33	38	18	21	69	17	4	23	6	3	76	8	52	5	55	82	35	85	8	60	26	66	24	80	9	15	42	30	31	61	70	74	10	1	36	28	59	79	46	60	
78	77	65	85	75	33	79	22	72	41	81	10	20	50	40	68	20	35	11	48	8	35	64	57	33	54	80	44	45	82	16	36	70	37	32	57	66	66	34	7	19	25	56	78	29	9	59	3	83	66	49	4	55	67	14	42	38	7	84	46	85	12	64	24	44	51	43	63	71	73	67	58	2	39	35	74	84	6	76	36	26	74	47	79	13	
48	33	82	9	29	26	48	79	45	26	35	50	58	53	33	36	34	74	77	22	63	60	60	67	1	9	47	29	85	38	37	3	25	31	51	8	12	11	85	54	37	74	16	5	39	3	80	26	75	70	2	7	42	60	71	82	24	30	24	20	21	15	61	4	6	24	7	10	75	46	62	22	40	30	72	68	32	16	13	65	83	14	63	84	23	
2	74	82	71	52	14	4	21	29	5	18	51	48	68	38	5	39	15	34	67	34	57	53	47	17	22	42	20	82	76	79	39	62	73	22	69	41	23	1	68	66	58	73	26	37	24	27	32	76	16	52	25	70	19	24	84	35	20	59	71	8	50	22	27	78	43	4	33	28	44	53	81	57	40	60	6	58	45	76	46	54	40	30	36	53	
44	34	42	61	4	67	24	8	2	45	83	82	5	69	55	2	34	7	56	27	62	18	39	58	5	85	24	46	60	59	50	16	45	6	31	3	68	52	50	25	52	47	63	53	69	70	57	57	73	63	84	4	78	33	62	36	70	40	35	44	8	80	12	7	38	82	49	19	4	11	1	54	13	12	20	77	81	26	9	65	41	10	23	72	71	
80	21	51	30	53	47	77	1	56	38	36	8	84	52	9	7	4	59	58	13	31	47	5	9	6	67	48	85	46	32	66	37	10	72	21	56	33	10	11	42	2	44	49	83	51	54	44	55	66	14	62	57	16	22	57	18	43	59	15	85	50	36	34	60	20	12	60	61	62	68	44	63	25	3	52	73	10	17	79	74	62	19	36	75	29	
49	6	70	62	18	67	19	8	57	24	67	62	81	28	33	19	69	44	83	27	9	29	34	59	16	20	31	23	10	19	7	12	22	74	71	80	11	2	42	63	23	21	80	60	3	67	75	30	25	27	51	71	49	39	40	19	56	26	81	32	84	85	30	61	28	13	52	36	55	47	54	32	66	2	4	23	68	32	53	44	58	52	35	59	5	
22	32	14	45	26	34	41	65	17	13	6	69	18	81	36	63	46	66	83	50	23	18	67	53	63	24	63	27	47	77	70	68	21	82	70	44	26	60	22	83	71	72	73	42	60	12	59	64	32	54	60	55	28	39	74	3	15	77	75	59	66	52	79	85	2	13	84	25	70	61	62	9	38	43	49	56	4	29	25	35	29	1	48	57	75	
55	9	3	44	74	16	65	79	8	62	78	60	14	58	43	71	32	49	63	67	52	30	25	70	50	13	12	1	8	19	75	60	24	74	59	52	2	36	45	49	53	76	64	64	4	21	46	32	22	64	54	72	4	34	54	9	43	20	6	49	35	77	21	13	20	37	61	66	67	17	68	31	48	41	49	51	14	56	38	34	27	42	18	26	73	
26	31	28	84	77	74	73	23	49	81	41	81	54	57	18	26	36	3	71	30	49	74	41	11	20	32	33	60	1	13	44	66	84	27	19	75	12	4	8	16	38	3	51	5	59	65	70	46	67	53	30	76	80	25	78	13	52	63	29	7	30	34	71	68	50	5	55	15	45	16	35	80	17	76	40	28	12	21	71	37	28	22	11	24	35	
41	73	41	58	12	46	85	34	71	66	37	27	73	54	69	43	32	62	14	63	13	39	72	74	64	13	15	31	63	33	20	16	17	59	71	68	61	26	57	84	46	6	23	75	53	5	29	40	24	40	16	31	76	83	17	10	50	77	37	28	18	54	40	72	67	65	9	80	3	66	76	3	67	19	78	79	14	22	30	32	8	80	21	44	81	
74	44	80	57	78	18	26	2	11	52	23	73	61	16	30	76	5	72	13	55	58	84	66	26	65	53	74	59	25	24	1	10	66	79	22	13	51	1	56	59	8	75	1	21	45	71	9	47	55	28	14	67	57	36	49	75	41	34	46	62	55	3	26	77	75	4	43	38	42	54	60	48	39	49	27	37	82	28	81	42	6	50	21	64	37	
23	42	75	54	41	49	64	38	29	8	67	29	48	59	66	54	22	24	46	26	43	81	12	25	74	51	65	77	27	74	69	47	71	56	56	23	59	32	15	1	79	80	28	40	51	45	52	71	31	6	51	21	85	60	43	30	66	62	16	5	48	82	7	34	9	59	10	63	50	20	18	37	12	83	31	18	40	76	43	61	79	11	84	78	63	
77	57	83	50	28	85	10	64	46	80	68	18	1	85	60	17	58	51	69	53	79	41	47	24	81	63	15	42	11	48	58	4	15	54	5	40	8	54	59	51	49	38	66	2	77	82	14	52	85	37	55	76	75	14	56	25	78	66	20	82	67	76	36	35	84	39	29	6	46	3	61	46	7	9	43	65	22	11	26	62	70	76	71	75	45	
15	13	30	36	72	67	55	60	15	2	13	7	70	17	7	66	22	52	54	49	6	74	26	14	11	83	16	41	1	1	40	55	53	67	2	42	3	12	10	18	53	63	62	37	75	67	56	51	29	23	54	74	9	76	42	59	71	57	54	69	51	8	36	20	28	77	52	30	43	16	84	11	33	15	85	20	80	58	25	62	73	79	48	35	21	
44	48	4	9	57	27	58	17	18	29	42	49	35	25	5	5	20	52	36	32	48	10	65	13	75	82	39	63	84	29	83	41	31	40	47	85	67	59	57	37	43	11	85	74	75	44	34	50	5	26	38	8	31	14	19	60	8	12	78	9	45	29	46	23	66	44	22	85	15	77	76	12	51	70	40	69	65	72	31	28	49	68	33	78	53	
4	7	38	10	82	81	2	23	78	22	44	76	81	41	3	25	29	54	19	56	11	85	73	32	29	12	79	6	79	26	78	80	30	28	43	27	63	42	5	10	18	43	83	11	84	41	77	65	8	6	75	11	13	59	41	72	31	74	32	15	12	23	5	39	4	9	62	34	83	19	29	14	58	24	64	17	66	51	1	67	55	14	36	16	70	
27	39	6	13	68	60	22	3	62	59	45	19	74	63	14	4	4	25	20	26	1	23	42	6	7	63	58	61	9	27	43	74	64	3	85	83	60	66	39	77	74	81	8	67	57	26	19	15	83	33	80	84	54	35	2	15	10	12	73	57	78	72	44	7	29	83	5	43	56	39	75	43	76	79	58	46	52	31	13	48	19	12	83	30	38	
37	81	2	4	24	57	35	49	55	39	74	7	40	71	60	33	59	57	21	5	27	18	13	15	28	14	29	31	12	10	23	6	3	25	44	24	34	76	70	43	31	14	47	21	82	61	8	52	32	25	11	12	41	20	64	22	31	7	9	80	12	30	35	56	16	78	79	83	65	60	36	45	70	38	73	21	17	68	72	78	48	51	46	41	54	
21	61	39	65	66	73	32	48	20	84	51	9	72	42	26	85	30	68	67	60	2	1	22	69	25	54	70	15	11	64	23	29	78	59	50	13	44	77	59	62	73	65	23	16	17	46	12	85	27	34	15	24	74	34	45	53	3	67	71	51	47	4	35	33	57	79	43	55	69	14	70	17	75	5	23	49	5	33	44	72	21	18	7	7	56	
6	57	85	70	35	5	66	75	36	11	1	69	9	53	7	62	35	17	7	80	78	51	38	65	49	21	83	60	67	2	61	70	16	13	9	46	15	29	77	5	81	84	71	3	41	76	60	29	46	64	63	78	69	18	56	73	31	53	8	52	8	58	34	22	25	82	19	37	72	7	4	58	79	64	56	73	10	28	14	12	47	31	20	70	42	
53	55	27	58	54	77	20	66	65	36	3	22	10	79	80	56	72	50	47	6	60	74	56	42	1	62	43	71	58	26	73	67	78	7	78	2	38	13	74	57	85	66	30	7	15	62	63	84	69	62	44	39	49	10	81	4	25	33	72	83	14	59	16	4	17	4	8	5	53	23	19	50	42	45	55	61	16	70	7	82	44	48	72	51	64	
19	48	79	7	75	28	17	81	81	18	48	39	60	8	4	37	21	55	76	16	60	42	72	43	46	21	41	48	5	3	16	22	6	48	26	75	29	82	25	64	55	70	15	69	74	23	18	49	22	9	62	80	3	47	76	11	64	31	50	23	68	19	84	71	64	66	12	48	59	34	24	26	61	85	10	1	13	23	52	68	72	63	60	69	27	
48	70	39	74	32	16	11	48	13	77	67	75	43	69	45	75	47	25	2	38	33	4	85	7	2	65	73	62	79	11	39	39	80	30	67	71	43	78	67	53	22	46	40	62	72	39	6	29	63	8	66	46	10	23	50	45	81	77	19	73	85	55	66	76	82	2	15	35	75	83	43	51	75	37	26	57	73	34	84	49	32	16	5	1	36	
9	35	67	83	5	8	81	58	28	26	4	28	76	80	57	64	34	22	50	25	44	19	10	27	59	15	14	27	56	6	13	63	73	77	15	78	39	50	2	65	31	43	47	20	34	17	79	23	34	84	44	32	15	11	57	28	18	69	49	29	30	60	3	50	12	61	80	85	21	37	70	49	74	20	71	66	75	12	41	22	16	38	51	62	46	
62	84	16	84	3	41	21	59	84	24	19	54	16	15	28	47	31	74	79	4	7	51	76	17	44	52	64	80	58	39	77	32	76	5	29	76	1	8	5	82	24	63	6	80	77	30	39	60	18	71	20	65	81	48	34	31	12	10	22	67	2	54	11	75	13	79	23	11	83	23	49	16	85	50	8	27	77	9	42	53	68	11	66	55	57	
10	40	64	17	16	1	58	67	51	46	77	42	21	1	34	41	45	4	78	52	51	59	80	8	53	39	28	61	19	37	71	65	75	4	80	6	1	7	22	6	50	12	48	27	52	35	20	51	78	52	13	40	66	4	85	32	83	29	45	54	60	31	30	45	33	68	2	69	69	25	73	76	29	81	11	36	61	28	3	50	79	55	44	55	9	
41	41	46	64	82	11	37	64	38	36	47	57	34	72	38	52	56	23	35	83	73	24	57	14	21	18	46	25	59	13	31	54	7	75	73	48	43	21	20	33	11	26	85	44	5	35	49	16	13	39	10	83	58	63	9	33	40	52	55	48	22	40	14	28	68	84	65	19	60	40	50	68	62	45	70	18	36	69	30	66	16	45	40	29	54	
46	58	1	53	67	46	70	19	14	48	41	11	68	57	29	20	59	47	33	59	24	50	4	45	75	55	60	66	83	41	74	83	12	29	6	33	72	30	6	40	75	45	5	55	56	27	72	69	72	61	39	51	19	84	8	49	85	21	76	35	15	57	30	73	80	75	16	23	17	18	15	7	14	22	12	71	84	38	10	25	9	42	77	31	79	
35	70	77	9	8	22	64	61	7	42	10	77	50	70	6	18	80	48	29	11	59	50	9	8	52	29	17	48	57	79	39	45	62	68	12	67	85	69	82	45	23	40	34	71	20	79	43	12	85	69	19	52	73	64	14	37	5	26	41	15	62	76	58	34	14	63	54	10	46	2	16	65	40	84	13	60	76	44	23	26	25	39	74	10	66	
1	2	17	67	39	29	38	69	84	27	79	16	35	44	57	77	50	76	30	45	80	40	74	34	60	11	14	52	40	66	22	81	19	36	15	55	62	51	3	20	31	73	28	23	68	41	10	75	28	78	31	18	28	58	7	41	26	24	6	21	35	70	25	53	15	32	61	42	27	56	1	13	82	26	33	57	63	36	43	4	25	35	61	8	39	
65	45	17	38	48	32	70	28	81	76	81	58	6	67	82	56	67	7	4	7	77	13	21	25	54	64	5	34	37	8	27	57	8	42	6	53	28	31	35	22	60	70	78	64	49	28	33	26	75	73	69	64	83	44	43	50	20	2	36	11	9	18	65	55	61	26	24	39	63	9	17	68	33	10	44	80	72	30	60	70	15	83	85	10	40	
32	13	13	31	3	64	80	18	83	44	29	21	19	73	35	67	78	9	12	37	50	5	21	36	18	34	46	14	23	11	7	15	62	60	81	63	47	70	78	38	68	20	7	84	40	39	19	41	82	28	21	85	71	39	33	2	27	31	56	4	80	17	22	55	74	3	30	63	40	62	49	8	42	12	45	73	1	62	58	75	44	76	29	43	28	
57	71	9	43	79	11	34	6	19	1	34	61	70	56	42	45	12	46	80	61	48	64	55	62	76	42	63	64	68	85	47	79	23	53	75	13	65	22	17	34	67	5	7	49	54	3	2	20	3	77	78	46	11	50	66	83	42	36	17	70	81	60	15	52	25	6	62	40	20	33	72	79	35	32	78	4	32	82	18	33	24	8	37	73	8	
50	26	48	82	40	68	25	12	77	74	84	77	7	29	49	36	55	83	26	85	73	31	71	20	81	58	41	45	3	69	51	52	6	57	1	4	30	67	53	19	9	41	9	12	24	10	3	76	6	26	32	78	4	56	8	5	28	8	79	67	27	42	72	71	46	27	70	73	13	74	47	59	69	14	65	11	15	20	36	60	85	21	47	2	75	
9	37	51	51	29	75	30	23	58	13	24	81	36	7	41	23	7	10	5	12	26	7	68	42	83	40	44	15	38	80	41	85	72	47	48	12	32	75	78	1	45	10	79	76	56	34	11	61	2	55	26	15	14	45	13	9	39	47	63	74	81	61	66	65	18	69	31	46	13	21	44	56	67	78	84	36	64	49	51	16	17	31	25	66	77	
33	72	21	33	6	45	27	62	66	47	74	52	74	75	13	47	73	20	26	63	15	16	82	60	21	7	26	50	69	5	78	13	32	61	85	34	10	68	47	30	25	83	73	55	63	40	12	48	57	77	65	69	8	17	84	24	19	63	31	42	23	18	54	7	35	7	80	75	70	38	20	49	27	2	56	85	39	65	4	50	11	67	43	14	3	
68	78	52	1	18	6	23	76	13	25	14	59	15	1	44	50	17	45	30	57	12	70	51	31	69	16	40	3	2	8	36	24	83	85	18	56	45	34	46	12	20	55	72	23	10	64	28	65	26	13	77	73	79	82	15	19	49	54	60	2	58	11	20	21	47	35	63	48	23	22	56	75	28	80	52	78	62	37	65	29	43	1	27	76	85	
68	49	43	75	21	41	3	26	16	9	28	5	27	74	68	43	40	54	25	31	17	15	40	12	25	69	45	23	34	81	58	14	36	18	43	57	7	41	79	23	47	17	65	29	43	48	68	82	11	47	67	67	19	61	72	39	84	68	24	30	56	71	83	4	37	79	59	84	32	4	63	35	64	35	62	13	77	1	48	42	40	70	64	54	42	
5	47	36	25	18	19	78	43	54	36	82	53	45	31	32	1	43	63	12	76	76	33	23	69	26	19	66	7	80	72	2	36	35	77	58	3	52	9	44	58	83	78	58	38	21	2	84	59	19	3	4	10	63	24	30	8	6	49	46	34	31	46	64	17	77	81	17	41	36	65	10	29	46	67	63	20	27	9	37	37	12	40	11	68	14	
67	23	6	26	69	36	56	67	53	28	56	84	40	60	32	54	61	58	55	76	76	27	11	83	57	1	2	47	80	25	55	59	45	15	39	70	4	48	45	12	71	62	13	66	18	37	73	29	7	38	17	81	20	23	31	30	21	73	74	54	10	82	68	52	19	18	75	14	64	30	22	4	3	65	77	55	29	16	82	63	2	10	8	18	72	
36	46	47	21	31	12	70	25	76	35	73	49	22	38	67	4	11	68	42	72	10	9	39	16	3	17	13	52	15	68	41	5	26	80	24	11	48	48	75	44	82	17	39	57	52	17	18	19	83	58	1	85	26	37	50	61	1	23	27	14	83	20	57	62	47	85	25	8	39	55	81	77	68	33	82	78	46	49	6	83	56	2	37	32	78	
41	79	33	55	55	43	5	22	21	59	66	47	81	27	38	6	62	65	70	47	16	57	48	19	58	42	71	17	33	8	46	72	49	76	37	9	73	39	27	41	50	50	38	1	28	74	2	44	10	69	7	75	80	52	80	12	45	20	18	32	69	18	23	26	8	11	25	33	84	13	77	4	15	20	2	75	51	53	32	14	24	34	81	59	35	
20	63	34	37	36	64	16	51	34	37	12	39	13	42	77	59	24	78	64	84	76	8	1	80	37	9	52	24	75	23	57	49	83	45	83	31	63	54	38	10	41	46	3	9	42	78	65	64	33	83	17	17	6	15	41	40	20	5	59	53	25	74	52	66	28	7	48	47	55	82	52	18	82	55	56	39	85	33	56	22	29	68	76	71	37	
27	65	11	29	34	15	8	63	64	68	41	66	28	83	33	69	48	80	58	58	51	6	52	37	67	28	20	82	14	2	30	39	76	38	23	50	53	28	71	69	10	59	47	77	54	36	55	56	68	72	70	71	1	71	21	78	16	79	81	22	34	75	17	50	49	77	18	52	19	30	33	64	4	35	8	8	73	57	61	47	73	41	71	60	24	
45	84	71	35	25	48	67	76	60	28	85	6	79	41	20	21	28	38	61	59	46	66	36	11	40	37	38	33	19	44	8	61	42	76	53	61	78	28	6	51	10	39	11	4	76	29	62	16	64	35	73	22	55	65	70	52	11	70	79	72	19	41	1	57	73	47	71	68	28	31	69	41	65	75	76	10	58	50	74	35	49	54	9	6	80	
38	10	34	8	1	15	68	82	54	34	64	54	63	84	80	3	60	69	22	51	57	29	17	61	7	6	55	12	54	15	78	42	22	66	4	62	78	71	65	2	14	73	58	28	66	47	27	37	68	5	40	9	7	53	11	33	29	62	85	65	31	32	19	50	10	20	72	13	16	75	41	54	73	18	79	80	21	60	77	76	18	23	62	19	29	
70	36	84	1	30	59	29	15	32	33	22	12	53	62	48	40	15	13	54	18	45	47	20	17	78	44	32	8	19	73	76	46	60	70	83	1	83	66	61	27	53	85	72	19	50	30	15	63	3	63	34	38	64	50	10	49	7	81	11	65	67	43	67	39	26	14	82	60	2	47	42	55	35	25	14	41	53	23	12	52	51	6	39	66	49	
52	62	8	40	27	27	18	68	43	11	46	54	3	14	43	48	53	39	37	32	54	72	83	28	38	82	69	34	35	77	42	76	52	44	72	76	21	85	54	24	51	56	74	51	64	67	52	70	59	1	12	21	82	49	2	20	43	22	51	31	11	84	61	63	79	45	5	57	82	58	69	60	19	51	9	34	71	61	66	43	65	66	26	80	69	
60	12	66	78	17	9	85	13	66	15	46	23	16	12	58	26	78	18	83	14	21	32	24	33	41	66	49	65	39	35	42	8	1	20	83	22	68	40	72	46	6	26	25	30	35	77	42	67	4	79	27	70	63	41	51	29	59	6	80	49	85	71	55	78	48	7	11	43	5	28	71	2	51	52	74	44	34	56	19	79	48	81	11	37	47	
60	38	44	20	66	7	13	49	22	6	15	19	49	30	16	73	54	57	81	53	32	30	43	83	4	32	85	79	17	21	65	54	55	21	74	77	69	82	36	78	39	1	52	85	25	22	35	34	76	18	84	60	2	40	13	14	24	11	37	19	28	56	27	41	31	24	24	12	47	58	45	83	53	6	46	32	33	42	20	23	76	26	50	32	8	
39	33	72	46	37	1	71	35	25	63	62	78	84	26	76	11	66	73	23	69	63	52	49	38	22	19	66	83	42	11	82	79	83	81	78	20	20	18	50	45	78	67	72	80	6	63	40	68	9	57	8	19	59	52	53	85	66	31	70	63	3	17	56	76	41	85	17	53	24	12	50	10	32	36	35	43	50	74	60	49	1	59	28	13	66	
29	85	44	15	18	24	8	74	26	83	22	30	44	73	37	9	77	81	38	66	70	69	28	11	39	31	6	50	51	12	28	82	52	71	8	72	46	10	52	67	48	28	45	1	16	34	7	3	34	42	23	53	23	54	60	17	77	64	62	84	29	2	72	79	26	33	20	27	79	32	55	37	43	1	80	14	41	82	57	18	37	73	63	14	50	
35	76	68	52	43	61	82	83	85	24	65	70	32	3	18	8	42	53	44	40	43	53	27	81	13	81	74	84	13	7	72	45	20	4	51	15	61	1	55	15	26	28	46	6	25	57	5	21	62	45	59	17	48	41	12	16	75	33	54	85	71	37	47	2	39	47	33	52	49	61	23	66	44	58	62	9	67	24	85	50	63	13	17	67	10	
59	79	81	4	44	77	74	33	74	70	24	35	33	32	31	49	6	2	5	61	18	25	84	36	66	36	54	76	50	32	38	17	65	28	60	63	64	41	9	3	63	72	75	8	19	17	13	17	16	13	41	77	36	26	22	54	15	37	41	23	59	39	68	82	13	40	53	72	85	15	69	12	1	56	21	55	28	27	24	83	78	56	68	66	34	
54	43	4	72	27	25	84	55	82	75	71	72	39	4	19	52	27	28	6	80	37	55	61	18	77	56	50	85	40	67	31	83	9	78	20	35	5	15	43	34	2	64	61	81	64	79	1	7	14	10	37	11	57	10	65	45	69	32	42	16	80	28	48	44	21	18	36	54	31	71	51	72	46	17	21	26	5	41	64	58	21	24	61	74	20	
33	50	40	5	38	48	39	10	48	77	25	65	19	33	48	44	70	32	2	41	51	63	46	26	85	13	51	9	28	29	80	16	18	16	17	83	20	9	6	64	84	24	81	56	11	42	13	77	28	60	30	33	3	27	55	65	79	10	34	60	4	7	73	48	22	49	43	45	52	53	56	57	24	8	15	30	83	66	62	31	35	47	12	58	67	
24	36	15	70	60	70	18	71	55	64	31	11	23	19	61	65	25	67	40	28	36	68	18	4	83	2	76	39	46	46	59	20	79	69	2	7	8	17	21	72	35	50	26	51	23	43	74	44	52	19	22	1	84	55	76	38	72	27	72	77	65	44	5	14	67	8	32	73	66	36	3	50	41	67	16	62	18	78	59	67	50	78	13	47	69	
43	51	11	60	22	80	40	63	1	47	2	41	62	76	56	53	69	19	5	54	28	20	21	63	33	42	21	65	52	22	3	3	57	11	61	36	49	9	62	40	12	48	35	27	30	3	82	71	65	44	11	42	67	71	15	46	32	75	23	78	55	18	74	61	69	2	6	29	9	59	64	70	18	13	83	79	84	73	47	27	22	7	66	34	4	
34	25	19	62	45	83	28	14	30	85	78	24	4	17	72	9	79	43	27	45	40	9	54	66	5	35	42	10	55	31	84	9	48	17	17	11	45	44	51	26	75	42	45	32	60	38	37	4	36	9	6	20	57	57	83	62	85	82	22	12	17	21	49	67	70	64	16	49	56	74	42	46	19	53	28	29	47	63	31	56	33	52	34	79	39	
25	7	5	14	27	2	68	84	47	84	59	64	17	34	32	32	30	77	5	68	13	35	8	30	16	10	56	2	31	1	81	5	51	71	62	73	26	36	23	27	33	79	4	84	27	33	71	9	60	74	75	28	61	43	54	28	1	61	38	36	63	24	75	60	45	40	44	25	37	21	52	16	21	50	18	77	42	80	85	9	39	71	40	41	60	
56	60	56	16	84	37	31	58	24	7	57	15	83	80	51	19	41	13	72	46	38	58	79	64	12	42	34	36	30	70	8	27	36	21	80	74	53	62	47	71	59	13	42	14	5	80	68	1	47	11	85	67	18	34	79	35	73	66	17	61	43	65	80	81	3	75	68	50	48	63	71	67	27	28	29	76	58	52	70	30	8	25	39	33	55	
72	8	7	51	19	52	6	85	2	40	30	28	11	82	29	27	56	1	48	34	66	32	14	68	56	70	73	78	13	50	4	84	54	83	45	25	55	48	60	46	42	2	28	9	73	58	23	82	12	26	28	29	12	72	9	26	45	39	21	12	5	33	10	48	32	6	35	8	18	84	38	44	22	33	47	25	43	64	20	57	46	3	75	54	41	
40	74	31	73	41	42	68	50	41	70	13	44	9	64	53	10	65	49	43	51	14	67	5	23	45	8	68	79	4	31	19	30	17	46	56	55	35	37	59	74	60	27	76	66	80	75	25	17	38	29	18	3	12	62	16	75	70	78	66	58	63	48	42	36	36	15	43	77	1	26	9	57	81	34	5	28	22	59	80	21	74	20	47	39	51	
61	14	4	19	49	16	33	69	59	55	60	19	12	40	16	70	3	27	11	35	16	38	15	69	71	62	18	4	21	83	15	44	56	58	84	81	72	25	16	85	73	29	13	34	66	68	9	24	8	17	57	21	30	63	46	74	80	12	32	13	6	78	8	5	51	10	76	70	20	45	64	39	71	31	65	7	11	28	28	16	13	36	82	3	58	
76	52	45	85	50	30	43	36	13	49	32	55	71	15	15	70	82	45	10	62	64	13	69	46	78	41	42	28	29	84	85	59	27	1	13	72	6	8	63	53	54	4	14	71	61	24	53	46	23	60	24	44	27	66	84	65	80	3	83	68	76	38	76	57	72	1	83	58	6	16	67	20	26	77	34	69	56	2	70	33	12	57	71	79	7	
28	51	35	22	3	50	48	72	37	59	49	77	55	18	81	75	34	42	32	65	71	56	33	23	43	23	38	35	6	66	5	69	29	19	39	29	24	84	13	58	12	54	45	68	23	83	3	57	39	76	32	26	44	30	41	29	82	25	67	1	7	47	31	74	18	60	12	51	4	65	59	13	77	3	12	52	37	36	17	68	14	9	45	43	61	
58	27	51	59	85	83	12	1	10	78	59	20	45	9	16	28	51	27	49	7	19	12	41	84	68	63	3	69	15	14	83	48	33	3	55	60	83	16	59	50	7	30	67	52	79	74	24	81	13	80	25	66	79	1	15	63	13	13	81	26	49	40	23	72	34	30	37	29	53	57	31	5	36	54	45	31	38	23	21	2	6	61	18	45	11	
30	54	22	2	56	82	44	78	59	65	72	85	57	47	79	64	75	84	12	33	81	34	18	21	6	59	23	61	71	9	6	58	58	39	63	58	36	49	4	45	70	68	42	41	26	1	16	55	66	62	42	8	15	69	18	55	67	70	40	8	13	53	77	3	38	73	58	74	76	64	27	43	37	29	31	60	50	83	69	38	60	28	52	17	34	
