74	9	82	35	16	74	77	61	85	3	78	52	63	33	2	1	36	40	27	7	26	30	22	24	41	52	46	1	84	46	28	19	84	10	58	12	81	4	28	37	4	60	41	21	5	83	20	80	77	6	84	15	28	18	79	67	25	37	65	63	38	46	8	33	11	7	13	45	8	29	35	53	82	31	70	41	32	44	33	14	42	71	27	34	44	
60	46	66	51	65	41	85	23	74	31	73	78	28	30	41	7	62	47	43	5	71	81	69	28	68	82	24	8	63	48	49	34	4	69	39	66	64	36	44	52	67	72	83	46	13	78	50	30	79	53	32	70	40	55	45	62	54	75	76	77	25	80	56	84	57	3	4	1	37	2	6	58	9	29	56	10	19	60	22	53	20	8	33	14	61	
70	74	63	5	11	82	27	79	46	8	1	4	51	70	80	50	15	4	32	41	57	66	15	30	43	65	47	5	48	58	63	71	1	81	73	9	75	55	43	76	17	41	33	67	65	25	28	78	27	13	31	38	76	44	65	34	62	24	34	21	37	51	49	35	1	36	84	30	85	39	60	13	77	5	40	55	72	56	2	52	23	42	1	12	28	
64	82	44	42	70	63	33	75	21	66	74	7	19	58	45	55	30	56	44	76	84	53	57	9	9	20	29	79	60	80	22	36	31	60	34	13	77	63	43	53	83	28	57	14	41	15	23	68	24	65	55	67	72	66	26	79	40	10	71	13	2	46	3	72	59	33	39	47	51	78	54	4	61	25	62	16	77	81	36	69	11	46	32	85	27	
54	29	19	18	11	30	59	8	29	43	62	17	79	63	65	70	29	22	85	7	76	11	38	23	1	6	31	44	34	66	66	45	7	82	58	57	65	32	64	48	27	37	67	19	55	81	43	83	16	40	42	46	5	77	68	3	81	52	45	69	30	71	24	36	20	39	4	35	21	21	80	45	12	55	25	63	9	15	13	18	53	56	19	26	42	
39	54	35	3	12	16	31	30	80	20	85	29	63	32	4	81	24	46	5	33	19	66	36	31	76	8	38	83	66	46	37	18	12	69	60	62	82	3	47	74	62	43	57	40	29	58	34	8	59	76	41	75	11	28	18	42	77	53	44	55	56	70	26	20	51	84	80	6	41	1	31	17	78	2	8	21	13	36	67	71	66	61	63	79	7	
29	70	72	36	18	81	2	43	19	62	48	15	11	48	54	3	34	24	78	74	29	52	84	20	30	66	83	1	76	26	40	59	8	66	9	66	60	49	21	76	23	66	45	73	69	11	75	57	32	22	43	58	27	81	77	12	59	28	52	5	50	46	61	13	25	23	79	38	31	51	33	4	35	69	80	52	37	39	63	21	82	18	41	18	14	
62	69	25	1	75	69	6	34	85	16	56	20	4	7	44	52	72	46	35	10	77	42	83	5	17	16	80	75	47	52	84	21	75	63	62	64	45	65	9	43	36	19	16	37	64	59	42	48	58	31	12	2	27	8	4	46	22	38	29	22	49	67	83	32	84	14	7	41	76	13	37	23	71	51	15	50	63	11	50	78	39	60	74	66	65	
75	58	40	25	41	17	67	62	54	54	59	65	58	12	10	26	3	72	9	51	82	11	27	45	59	13	36	31	84	52	50	28	22	44	8	17	15	29	76	66	80	47	43	51	14	7	32	13	77	79	19	27	4	42	69	59	11	18	44	48	67	49	74	44	46	37	60	59	63	47	81	55	48	35	60	20	39	45	30	70	36	53	9	38	56	
33	49	2	48	47	47	69	49	75	67	8	65	38	21	40	39	12	49	41	1	63	54	80	20	32	62	10	71	68	1	64	55	47	65	15	50	63	42	10	9	18	15	70	11	75	66	3	85	67	43	83	44	48	76	16	78	49	25	19	72	22	78	45	23	9	13	69	26	2	77	73	17	46	13	74	34	74	79	73	56	81	68	51	65	57	
64	55	59	85	70	1	19	17	37	39	65	2	63	4	84	52	74	57	52	84	34	40	28	56	25	36	73	48	83	50	58	59	18	29	56	42	27	29	60	18	24	35	57	3	77	53	4	21	20	53	61	9	49	84	22	27	75	4	72	70	51	43	41	66	26	54	63	7	38	74	23	62	64	33	7	67	5	8	31	57	16	6	30	68	37	
36	42	23	37	27	5	1	23	2	21	46	7	39	50	39	24	26	49	84	56	53	48	8	59	29	20	30	24	38	44	15	72	83	36	62	64	80	17	85	78	78	45	82	28	48	76	51	71	37	47	82	3	48	4	18	74	19	41	52	11	39	65	36	40	13	10	11	54	25	9	80	16	6	31	7	51	20	44	77	55	44	70	10	57	31	
64	75	85	60	81	8	11	58	41	85	25	6	9	69	70	56	61	39	16	5	33	64	63	32	10	71	30	34	35	74	58	12	17	13	68	14	60	37	65	14	31	44	59	79	72	41	5	41	78	18	1	22	38	61	51	1	2	79	36	33	23	45	42	78	55	64	3	27	52	20	82	37	19	53	29	84	4	73	79	40	46	77	57	79	15	
61	77	5	8	64	77	70	21	30	60	73	48	15	12	12	74	47	47	6	11	30	1	54	15	78	1	57	24	10	6	71	25	37	29	72	13	18	11	31	45	68	58	48	38	68	62	23	27	58	26	76	85	24	43	54	56	83	66	77	49	26	59	26	63	85	16	28	57	19	13	65	41	69	17	32	49	29	52	33	84	32	67	38	55	15	
47	22	52	67	54	53	5	67	77	19	23	42	1	76	58	12	45	55	78	59	83	81	43	3	23	38	33	80	30	41	49	31	17	56	10	68	21	57	48	10	28	67	6	26	15	61	35	60	69	25	68	20	18	24	27	80	14	6	32	84	44	33	29	16	2	35	81	62	43	85	25	70	19	34	7	36	1	82	38	37	63	18	4	39	8	
54	26	6	58	10	2	56	40	69	69	80	58	20	53	13	15	75	79	74	15	41	57	55	75	7	75	48	64	68	81	59	35	60	17	47	23	58	16	60	39	39	54	9	56	18	20	25	6	61	53	62	47	22	28	34	68	57	37	2	38	70	63	27	41	28	29	18	82	83	76	77	33	84	82	43	65	66	66	19	63	73	72	22	8	12	
10	30	67	44	29	59	68	39	40	63	62	66	78	13	59	23	1	47	17	37	2	69	5	22	38	70	8	23	41	55	32	5	82	53	4	66	24	69	18	61	45	33	80	35	44	9	55	84	53	27	34	11	50	79	29	6	56	76	21	49	43	7	51	81	58	9	57	36	76	71	52	33	20	46	22	15	7	42	12	60	56	83	25	18	72	
47	59	80	77	76	83	32	38	46	65	9	53	35	83	85	60	47	28	74	46	4	43	50	33	8	62	44	3	80	61	29	81	29	21	70	63	16	56	10	17	33	57	24	22	52	19	82	54	1	23	12	5	64	16	75	26	32	30	27	66	43	55	59	71	29	2	84	84	11	6	13	7	17	36	18	68	12	49	74	5	72	83	47	15	58	
34	26	83	61	7	62	17	58	76	41	41	28	79	37	75	39	48	68	53	36	38	73	41	84	60	43	66	12	44	66	63	75	47	16	6	51	32	62	67	61	57	16	1	48	54	31	84	55	11	49	2	3	35	81	85	48	79	20	58	35	42	33	23	85	3	69	50	32	45	24	6	13	39	46	56	42	74	9	49	46	14	5	40	85	4	
37	47	31	55	16	64	50	3	41	48	4	21	7	33	17	71	78	25	62	37	35	16	65	41	20	17	51	22	55	49	59	46	47	5	55	60	64	18	61	59	63	23	77	24	49	52	6	82	70	21	73	19	35	53	12	9	65	26	28	74	17	42	74	67	41	43	34	66	13	49	72	29	65	27	6	69	63	54	32	45	69	8	16	58	52	
67	64	71	80	46	57	10	84	1	26	80	40	14	8	7	61	78	33	80	9	78	18	69	42	35	68	22	79	39	77	44	20	53	27	54	11	41	17	49	37	43	83	31	51	4	77	66	79	23	16	41	13	32	64	15	21	3	27	12	38	17	19	25	24	81	60	73	70	31	36	19	69	30	5	75	74	82	52	28	55	65	60	29	52	85	
28	26	77	53	77	69	23	85	77	44	31	6	29	13	35	18	71	57	46	72	43	73	19	50	7	30	69	21	49	74	11	31	12	43	81	2	24	59	41	13	15	26	59	83	36	48	14	19	17	14	45	15	84	20	62	3	47	1	21	6	72	73	76	38	27	26	80	48	82	32	16	9	12	37	5	45	75	58	18	51	70	22	57	65	33	
73	23	74	71	42	34	12	67	22	47	6	45	39	9	82	25	64	3	35	8	47	77	33	17	11	75	40	64	46	18	9	76	38	83	55	33	69	21	13	45	66	58	2	17	65	81	39	1	39	72	43	41	61	71	14	24	59	49	84	58	26	48	42	56	83	52	2	68	70	54	21	5	27	62	19	44	13	57	79	49	85	33	50	11	60	
52	73	29	56	70	42	74	72	38	85	67	44	41	43	68	7	18	71	70	77	45	67	46	12	59	5	48	4	3	56	60	9	42	47	62	66	38	6	50	30	3	31	75	48	26	10	45	2	80	69	29	33	49	78	85	20	73	7	63	30	55	76	37	51	79	53	32	24	56	34	57	56	16	77	54	81	83	8	82	35	36	19	17	84	1	
55	10	28	54	30	56	64	15	47	27	1	12	11	65	66	41	69	76	55	16	40	49	52	2	79	78	32	9	49	21	7	58	70	74	25	53	42	43	64	44	26	19	60	32	37	73	29	18	18	80	75	55	82	38	13	73	31	40	39	33	16	50	1	40	71	65	5	23	20	22	21	45	80	72	28	35	13	59	1	34	2	81	38	83	21	
4	24	3	83	58	31	11	52	29	6	33	7	8	11	66	68	29	62	60	54	3	44	21	10	41	46	10	67	40	46	85	39	67	42	35	79	70	85	45	53	3	32	14	49	39	36	71	22	9	43	74	51	40	7	16	37	12	23	15	84	66	54	78	2	8	72	36	34	64	34	41	25	63	55	26	56	84	13	75	46	17	18	16	44	28	
23	77	68	85	48	21	20	12	11	61	59	75	9	45	8	82	81	69	57	44	7	25	81	55	54	82	58	69	50	56	45	66	2	66	22	45	84	79	11	49	52	24	36	16	67	84	10	17	65	28	15	26	85	9	78	52	4	6	75	46	18	74	66	19	53	40	27	49	32	70	11	37	2	1	50	29	39	30	37	31	33	49	83	73	13	
30	79	54	33	66	54	46	53	32	16	18	26	71	21	55	49	71	4	5	27	8	67	64	20	16	34	9	20	29	78	31	56	69	84	43	5	4	44	57	34	58	26	15	82	2	68	85	27	25	2	51	71	70	69	47	38	15	59	60	41	83	38	10	21	73	49	65	74	5	75	62	16	72	74	52	52	11	49	35	30	48	39	55	76	20	
13	61	33	18	69	71	55	19	35	73	46	38	50	34	82	77	49	52	42	35	16	49	41	62	80	25	65	31	78	3	49	47	18	79	61	85	20	28	16	8	56	17	1	18	4	37	7	51	2	4	40	57	49	36	74	41	58	8	70	5	53	75	47	68	21	63	63	81	5	33	1	59	48	43	30	54	76	83	60	32	74	9	44	36	39	
28	31	49	75	55	8	37	40	10	15	16	69	32	7	71	63	4	79	64	83	19	68	26	5	33	54	34	35	50	67	25	32	52	29	19	20	34	11	14	41	65	27	23	9	38	46	26	74	38	3	69	56	73	7	17	13	18	45	84	62	66	66	6	30	4	22	7	78	72	21	31	50	40	8	55	70	9	80	54	1	43	77	12	24	81	
20	65	51	19	18	25	82	78	29	68	37	5	68	27	31	38	12	77	75	60	3	12	23	79	20	21	68	10	28	80	45	48	14	8	18	29	72	55	62	13	34	10	58	56	76	43	9	43	33	36	16	32	46	35	64	63	53	44	30	39	80	69	76	4	74	49	72	59	16	47	26	4	11	38	17	40	81	60	83	65	13	50	51	22	81	
27	26	4	25	50	77	15	31	23	58	59	68	42	72	81	42	52	39	7	44	51	43	76	23	36	54	71	39	17	79	75	84	16	75	21	63	22	78	49	46	3	62	21	43	46	18	39	53	8	42	9	56	41	82	77	73	5	60	24	19	7	54	57	62	83	76	37	16	26	40	54	28	15	74	18	25	41	55	65	47	50	80	20	2	29	
46	28	23	62	6	82	22	56	51	81	52	81	72	64	14	27	31	34	37	57	5	7	10	15	69	55	61	51	23	17	26	24	85	48	82	3	83	16	16	46	9	19	40	78	80	51	58	64	38	50	32	42	52	84	53	32	4	67	37	25	1	61	47	79	62	4	36	60	10	49	59	63	21	11	8	12	18	60	39	50	29	17	45	26	19	
51	56	12	31	47	76	67	20	76	17	36	70	5	47	34	7	19	4	24	23	6	76	77	20	18	82	81	32	39	22	82	45	28	48	30	73	36	52	7	25	63	84	48	22	40	79	26	58	37	5	33	43	78	21	15	50	15	7	38	9	64	35	51	8	80	78	75	66	1	34	2	15	29	47	39	22	85	16	3	41	27	59	23	49	78	
35	53	47	81	2	10	58	30	59	17	60	5	6	38	85	78	79	54	59	80	1	82	72	57	20	14	26	77	36	72	24	67	37	68	17	79	76	29	22	3	44	36	49	4	28	2	83	20	54	46	12	52	36	85	19	54	7	42	85	8	68	21	62	59	43	30	51	31	56	27	74	11	16	39	9	41	33	81	61	84	84	25	5	75	63	
63	80	22	59	77	15	39	10	28	53	51	55	57	36	23	80	25	73	8	53	79	4	41	29	61	37	23	38	82	9	11	60	1	31	29	32	43	24	39	26	72	46	77	84	35	54	76	54	40	41	64	30	42	15	56	58	6	34	5	42	81	54	12	78	82	83	64	85	14	16	16	44	17	47	37	48	13	67	55	49	60	74	33	13	40	
44	63	85	76	21	40	25	72	49	15	24	83	34	57	9	47	71	5	15	73	80	16	85	60	25	1	35	8	32	84	46	30	16	43	59	34	36	81	66	39	50	38	37	81	8	41	82	33	84	10	17	77	65	54	6	2	10	78	49	82	74	51	23	3	45	79	11	78	29	4	31	76	7	61	71	1	56	64	14	12	28	3	13	47	16	
43	3	18	33	8	11	60	51	73	22	8	64	44	40	47	45	23	36	39	38	18	79	48	36	65	55	19	25	7	20	72	48	21	3	37	24	53	7	74	42	62	35	61	27	29	17	30	49	10	11	85	64	6	45	28	22	55	70	83	59	3	68	63	21	31	50	84	75	11	26	68	71	15	79	2	46	8	32	3	54	68	52	34	69	41	
40	44	8	64	39	21	65	18	79	39	41	41	80	69	49	16	49	74	29	82	73	24	45	46	66	11	25	20	42	47	16	33	48	67	9	81	81	30	53	29	69	50	24	12	70	27	25	75	14	9	68	54	29	26	83	51	33	62	24	28	63	37	56	72	12	20	15	52	55	63	76	63	85	56	72	57	77	51	78	2	58	54	43	39	34	
78	1	21	9	23	44	27	57	55	2	26	72	11	68	29	28	11	46	4	59	30	5	4	80	77	45	3	85	83	40	33	30	39	49	79	15	47	17	70	14	58	48	84	66	70	67	52	35	25	51	49	10	12	50	85	41	8	85	37	45	82	22	31	34	32	19	42	27	81	69	38	46	68	76	73	51	54	27	83	36	29	58	40	6	53	
79	29	55	33	22	11	26	82	37	9	20	10	48	44	83	69	36	84	49	24	61	54	34	41	12	20	68	5	57	57	51	6	41	17	36	59	67	58	10	60	64	69	66	66	71	18	4	16	15	8	80	72	59	70	29	20	85	50	23	13	59	77	13	14	43	46	25	65	58	33	35	34	18	55	21	1	70	62	52	81	74	40	27	32	19	
3	50	57	6	27	65	61	52	78	71	49	74	8	26	44	40	16	75	7	25	42	83	7	11	1	44	25	81	19	54	11	22	58	23	63	82	84	38	4	27	19	51	14	68	30	12	17	42	43	63	20	81	15	24	46	14	20	69	6	36	76	56	9	3	77	69	41	29	18	40	53	79	5	21	55	30	31	26	34	70	2	44	24	14	32	
19	67	39	40	28	29	69	80	77	69	25	16	21	51	72	58	59	60	18	34	69	45	19	7	24	47	49	22	20	17	42	75	81	35	27	20	23	9	54	8	32	77	63	50	82	47	64	10	19	76	84	1	74	15	46	8	13	7	31	27	65	24	17	57	14	85	30	29	44	38	77	78	27	52	78	66	22	53	28	73	41	26	23	70	79	
66	73	7	27	55	70	3	33	39	12	43	75	81	70	32	32	60	59	56	65	50	74	73	15	15	11	11	36	31	75	69	51	17	71	76	72	10	32	17	47	84	11	34	77	78	20	21	6	82	32	79	37	18	13	8	72	61	14	22	4	43	2	52	57	29	82	83	40	68	48	42	64	57	65	58	4	1	72	9	68	62	30	67	74	80	
64	60	52	32	33	53	73	75	61	84	14	11	77	2	32	37	33	9	48	52	17	50	45	43	55	69	14	40	40	85	31	62	13	81	3	43	4	31	72	59	29	1	23	57	39	52	8	26	15	12	76	34	56	75	70	65	55	81	16	49	35	45	19	44	80	64	41	80	44	25	8	67	62	28	36	18	38	5	41	53	45	25	76	20	21	
12	76	24	5	3	26	79	2	84	36	79	57	74	28	15	13	33	35	71	15	25	39	47	61	30	48	18	52	75	28	19	85	57	80	44	16	17	36	56	20	69	5	27	12	31	77	63	61	66	7	30	3	43	31	21	67	78	34	73	64	29	53	18	37	38	59	40	8	9	50	22	30	54	39	82	80	69	57	10	47	60	41	47	62	23	
62	78	11	50	58	32	21	58	44	46	7	16	40	12	62	2	69	48	9	20	41	3	43	52	51	2	23	41	3	29	61	20	15	70	67	27	11	45	82	10	85	43	25	80	52	39	79	76	83	85	49	36	40	5	43	47	9	22	82	12	46	13	28	15	37	43	53	2	84	76	14	38	33	30	29	42	23	63	26	18	59	72	19	53	74	
49	9	34	66	45	77	71	13	11	79	46	8	73	46	45	62	53	80	47	39	21	40	56	80	22	28	8	50	37	15	75	38	63	20	15	65	9	79	75	59	30	36	64	12	74	64	27	80	57	29	70	74	67	80	23	40	20	72	85	52	84	70	2	58	2	61	31	51	4	17	63	32	85	41	42	33	16	18	19	26	44	43	54	77	35	
76	16	53	56	56	60	7	36	14	18	79	67	46	82	25	16	58	50	55	52	44	80	24	63	53	49	59	8	54	74	83	39	45	48	51	10	19	12	1	72	25	34	9	29	27	32	80	39	79	48	3	35	81	64	43	52	65	11	8	28	40	4	21	80	5	67	6	63	33	43	61	53	73	54	77	54	2	25	57	30	70	13	60	71	67	
57	63	42	22	25	68	58	69	1	51	70	23	8	3	51	48	48	61	75	58	4	84	50	26	44	35	8	46	49	27	30	29	42	24	38	22	49	50	2	84	55	26	19	60	26	28	62	31	81	49	39	81	7	43	20	42	76	67	1	37	47	64	51	43	85	45	62	53	48	18	34	15	52	9	30	32	71	4	5	63	8	40	14	7	82	
73	4	67	10	1	57	13	62	24	51	15	18	25	50	20	42	38	33	40	43	60	13	68	18	19	85	67	11	12	26	2	38	27	24	5	69	78	9	83	54	59	14	26	80	16	43	77	6	30	32	3	45	34	71	61	7	66	79	11	75	18	52	70	84	33	66	64	63	35	15	84	84	22	8	37	75	6	20	80	33	3	82	36	72	62	
5	32	38	37	79	66	9	1	3	7	28	65	22	48	49	35	28	45	11	75	32	85	37	6	32	23	1	26	52	30	39	10	19	72	44	4	8	51	84	7	12	67	27	31	24	74	19	13	30	33	36	59	65	68	62	15	3	17	77	9	14	21	16	18	49	21	45	55	20	41	57	27	62	81	20	43	66	69	44	50	51	34	63	78	15	
79	81	57	11	18	22	45	36	34	46	38	3	45	5	21	43	63	2	15	12	52	53	29	34	53	76	82	40	9	64	9	1	10	21	48	67	39	5	58	28	5	8	30	48	17	2	13	23	4	55	26	51	66	9	40	69	41	75	25	47	15	31	43	59	46	6	44	83	49	7	68	50	14	3	57	19	46	50	79	61	18	59	56	34	70	
41	15	20	28	34	61	34	59	58	4	59	60	82	10	60	85	70	22	12	71	28	72	30	75	59	26	47	33	28	83	8	66	6	66	7	37	38	80	50	51	39	21	64	32	42	40	69	52	13	76	77	47	14	17	26	27	82	29	54	64	62	16	43	62	36	3	55	71	46	57	76	73	32	63	57	22	1	45	64	11	69	65	48	81	25	
26	18	61	7	26	37	66	81	76	80	29	34	3	55	69	14	43	10	44	8	64	55	6	14	73	56	84	42	58	29	20	40	44	76	41	24	25	17	19	55	53	44	4	52	11	67	65	8	74	62	13	50	71	58	24	56	68	53	49	45	79	64	72	77	54	67	13	32	38	28	85	2	31	82	12	75	63	68	1	4	5	48	8	9	61	
66	83	83	34	40	74	64	60	57	53	22	78	64	50	28	44	3	27	24	84	32	13	14	54	46	15	7	49	62	31	64	41	20	59	25	17	46	1	68	58	51	42	47	68	48	72	67	46	53	3	50	39	53	10	52	55	63	56	15	43	78	79	32	9	47	65	61	5	12	35	60	66	31	69	81	31	3	70	74	75	17	73	6	67	36	
50	33	9	14	2	84	47	75	31	10	77	37	63	39	1	53	51	56	81	24	11	24	25	20	52	74	34	76	33	57	21	37	43	26	12	44	28	49	73	5	55	61	81	30	10	80	37	15	5	34	35	50	8	56	68	16	85	58	3	72	67	22	22	22	4	25	19	64	71	3	24	38	23	17	27	72	51	60	85	13	49	27	59	7	38	
79	17	76	48	19	61	28	83	80	5	34	59	18	11	42	61	32	37	36	3	12	14	8	25	47	15	62	28	27	64	65	23	34	9	20	5	26	46	37	57	1	69	29	58	79	68	31	63	60	62	66	68	30	69	2	74	38	18	33	67	36	39	80	70	40	11	27	15	8	61	71	48	43	10	18	73	35	46	49	1	64	75	21	4	47	
65	75	84	78	44	14	24	73	4	46	66	53	70	77	16	5	58	63	40	22	76	71	51	76	28	7	50	6	25	8	7	83	80	43	29	38	54	50	69	12	50	41	63	33	30	34	29	43	6	30	62	79	3	72	31	75	74	82	73	53	85	77	46	25	1	70	17	41	2	78	55	36	73	67	23	58	12	10	55	15	26	29	49	68	9	
31	51	35	12	35	82	40	66	81	23	53	22	32	6	7	64	10	82	13	75	59	62	41	65	71	11	85	12	56	66	67	37	28	50	43	18	44	39	38	37	54	3	11	39	49	57	60	61	52	63	4	23	79	38	84	61	46	36	34	57	58	47	6	41	7	5	68	2	37	8	78	44	55	2	83	7	70	72	17	62	69	76	39	74	20	
75	72	10	24	11	18	34	8	63	70	9	71	36	51	56	80	41	54	82	40	4	2	53	52	57	27	73	28	19	42	71	7	26	33	31	76	5	59	81	67	83	49	84	39	8	51	66	46	59	59	41	60	13	6	66	77	68	54	47	85	47	78	4	27	17	69	16	20	3	51	43	83	8	38	64	14	41	84	14	19	55	52	73	22	11	
53	44	32	54	4	71	14	29	28	38	2	51	8	18	46	14	13	78	19	45	15	72	1	8	83	8	16	7	33	35	54	36	34	82	11	75	65	60	17	6	48	15	55	10	73	54	22	81	44	38	82	9	23	75	25	59	39	26	17	68	20	67	30	47	61	24	75	3	25	5	40	70	58	48	79	42	21	12	84	12	9	69	26	64	66	
71	35	7	52	49	33	63	70	42	63	3	11	53	78	33	9	31	58	64	47	47	61	45	13	50	12	12	37	69	73	43	54	62	4	14	65	30	31	51	26	60	55	34	59	77	22	58	64	76	38	7	80	8	11	1	12	16	15	83	81	37	82	1	65	81	56	45	65	6	31	3	84	30	40	49	23	11	19	35	85	8	44	74	67	85	
72	65	13	37	17	47	28	11	2	82	3	54	63	66	5	51	27	2	76	12	48	55	20	21	38	18	69	74	45	36	28	73	55	85	62	70	80	3	77	80	36	78	46	53	12	6	15	75	7	44	84	8	9	59	25	83	30	6	26	72	4	57	58	49	50	72	33	37	29	23	28	19	56	32	84	24	79	38	16	10	1	43	35	39	22	
14	34	41	16	56	67	51	20	82	13	61	62	83	49	2	57	31	18	20	15	41	78	81	76	37	67	27	76	55	61	47	65	9	40	42	19	29	83	35	9	70	48	28	44	51	69	13	3	37	73	5	75	63	82	30	51	21	43	45	71	16	38	47	64	76	80	75	50	36	63	56	79	66	34	85	29	17	2	20	48	28	68	75	46	24	
7	6	30	47	43	55	17	35	56	76	23	9	20	70	36	81	80	67	15	26	58	41	76	64	21	77	38	45	62	82	45	27	82	32	25	83	82	40	28	50	71	52	52	2	75	40	37	24	19	6	46	73	45	1	3	17	20	33	2	79	31	45	59	19	72	78	54	23	74	81	70	57	78	84	9	38	29	85	42	46	4	79	39	3	44	
68	15	43	13	56	75	78	55	42	50	39	75	16	16	59	4	84	66	38	30	73	51	58	70	85	56	72	47	53	71	12	21	40	50	74	9	37	63	61	32	25	55	62	36	68	33	78	28	11	67	5	48	31	16	35	70	69	46	18	65	71	26	83	27	29	73	72	19	1	3	5	24	34	64	14	45	52	46	11	17	54	15	50	10	42	
25	84	48	68	51	25	52	26	64	29	52	46	55	31	43	55	28	20	20	4	36	51	59	75	58	22	55	27	68	62	3	5	11	54	32	56	28	33	34	3	16	85	44	69	63	42	78	7	18	57	47	44	17	60	73	30	69	40	6	50	61	6	13	63	8	76	70	39	65	16	37	33	67	32	66	29	41	71	71	72	53	35	53	66	77	
24	48	16	19	52	72	30	11	26	5	17	56	29	54	31	6	34	64	51	63	30	34	3	31	59	40	1	85	77	16	35	55	23	44	28	66	61	55	32	55	14	44	10	40	45	81	38	77	12	42	52	81	30	57	24	4	49	59	41	77	33	27	5	46	24	44	64	9	78	11	79	8	49	50	84	53	36	33	37	45	47	2	39	59	18	
17	13	9	38	50	85	57	74	82	56	52	63	33	4	53	79	82	12	82	35	9	42	70	80	81	68	28	43	21	34	38	77	44	45	19	48	1	41	76	36	83	40	9	71	41	23	18	37	26	12	22	31	10	45	32	82	27	47	27	2	31	20	29	29	62	45	76	14	30	19	2	68	59	15	49	51	23	24	46	58	30	64	78	36	65	
51	85	81	49	57	34	76	71	60	24	5	60	47	56	2	65	54	66	73	60	70	6	37	48	31	39	73	51	65	63	10	29	25	45	75	55	76	20	80	48	77	79	68	34	46	61	53	13	84	78	27	21	68	19	67	61	53	8	4	32	28	54	64	24	12	1	33	11	17	26	3	6	26	61	13	18	7	84	72	70	35	9	52	82	30	
21	17	36	65	61	73	85	27	72	21	35	76	51	41	3	74	29	44	50	48	77	19	39	74	85	57	17	48	15	68	28	78	42	58	52	13	31	49	37	62	67	70	38	73	56	82	16	40	32	20	79	64	33	66	50	28	43	21	46	47	45	60	34	83	68	7	49	53	47	84	25	75	20	59	9	71	51	77	69	67	79	54	8	21	55	
15	5	21	73	32	65	29	42	54	64	22	50	24	72	51	19	6	70	77	17	37	60	17	14	82	4	85	53	51	65	27	61	61	2	46	47	66	34	43	31	49	62	35	72	3	38	40	48	63	29	67	8	44	34	57	31	36	55	27	1	69	9	57	85	10	57	48	71	40	45	55	12	68	54	22	58	43	58	62	12	7	36	79	11	67	
71	25	58	37	53	54	60	63	65	57	64	75	13	85	27	8	9	65	66	8	10	34	42	53	14	8	6	82	22	84	18	4	24	72	83	23	40	53	33	55	35	56	42	74	44	66	80	11	3	60	21	84	43	12	5	48	13	16	2	32	7	14	75	61	40	68	81	43	34	68	15	53	28	39	41	76	59	78	29	62	41	45	49	1	17	
56	83	14	15	79	3	49	47	70	22	42	13	57	71	39	37	35	51	61	18	83	8	74	27	67	84	65	19	46	16	58	50	11	25	11	45	19	62	46	63	76	41	52	3	66	44	79	4	85	10	23	81	20	43	65	69	48	38	43	40	8	58	42	17	75	55	21	7	22	30	7	54	53	12	51	77	47	1	71	57	6	78	80	51	37	
58	2	31	45	31	67	53	36	25	72	23	27	37	69	48	10	71	7	53	78	13	38	77	16	63	34	54	57	26	19	52	75	5	77	33	71	14	81	20	74	21	39	17	6	21	24	11	46	22	15	77	69	28	67	36	23	29	83	32	80	59	81	32	55	24	8	80	42	43	11	30	55	4	31	34	64	40	14	47	11	66	12	33	3	75	
18	82	45	54	68	35	20	64	49	30	81	55	65	73	10	29	2	20	31	71	72	6	66	40	68	32	16	78	18	37	22	42	72	61	41	52	46	67	23	56	42	59	16	18	83	66	43	34	40	39	24	24	75	37	33	53	22	48	7	37	71	61	36	48	82	62	12	34	77	74	80	47	85	57	2	79	71	51	21	25	24	84	1	9	69	
16	62	46	2	13	78	35	76	66	64	63	73	31	5	60	59	40	53	14	6	43	47	28	39	23	9	64	49	4	69	34	68	84	70	24	5	33	30	36	27	61	2	12	81	7	26	5	5	67	57	44	25	12	74	15	29	70	29	75	27	8	72	37	42	80	48	1	56	74	37	32	43	38	45	65	73	80	24	50	84	83	64	71	51	84	
71	71	64	13	14	43	60	24	77	59	57	78	54	22	22	46	7	11	21	45	31	9	67	52	34	59	2	55	30	45	43	63	66	62	69	33	16	82	10	65	73	68	79	56	47	13	12	44	21	35	43	6	76	23	37	10	31	19	11	16	5	51	77	26	30	4	56	79	39	20	83	83	81	72	51	78	42	17	36	20	38	85	18	15	48	
32	64	37	79	73	42	80	78	67	57	58	24	67	14	61	84	83	10	1	28	16	65	17	34	50	29	55	75	2	67	36	67	3	58	56	28	57	5	25	74	74	29	51	41	32	64	73	69	71	21	48	84	16	61	38	1	45	31	78	43	52	18	65	50	29	33	75	44	7	53	24	39	74	42	28	60	5	66	83	76	73	46	27	27	59	
48	27	15	74	9	12	38	65	83	45	49	19	75	84	43	32	62	41	61	13	18	75	11	71	72	34	56	67	59	1	53	64	12	51	2	61	16	85	80	4	34	63	59	20	43	15	24	53	49	20	10	66	7	58	47	33	1	57	12	14	46	46	69	22	16	70	29	63	23	19	67	52	60	44	28	48	8	63	25	48	80	21	68	85	73	
25	36	29	39	80	40	81	39	68	47	10	85	71	61	18	45	37	14	22	23	46	17	23	19	27	31	41	2	4	38	30	69	29	56	23	14	50	13	8	33	11	6	32	36	64	75	84	56	2	52	30	40	60	51	76	43	73	35	9	75	21	25	56	82	35	71	49	4	42	55	62	1	12	48	31	30	26	65	7	28	22	20	9	44	45	
82	32	56	64	36	39	82	7	49	75	40	74	43	76	63	54	7	65	52	49	43	10	71	18	25	50	79	43	61	28	23	4	30	73	26	41	65	19	44	29	45	53	54	42	26	35	75	32	45	81	37	80	77	7	11	9	17	44	13	15	26	34	60	37	9	12	74	70	48	72	51	5	24	20	1	45	14	24	38	37	21	56	31	1	46	
80	52	65	41	52	79	16	32	5	49	79	81	45	19	38	19	66	83	2	42	74	79	35	11	26	26	70	54	52	72	3	3	70	75	73	34	55	84	24	11	46	11	7	47	33	78	36	5	73	84	6	17	76	29	24	18	52	51	81	60	27	81	14	48	58	82	37	67	78	56	74	77	62	58	24	59	19	28	53	4	25	1	22	61	64	
79	19	27	43	15	45	16	5	48	61	21	41	10	38	73	20	24	81	77	50	47	32	75	28	39	24	2	65	79	54	55	70	71	78	64	36	58	32	40	18	5	11	22	55	51	41	72	25	58	17	29	11	26	49	80	76	82	74	53	23	82	3	44	69	34	31	59	77	54	52	63	6	83	60	16	61	57	37	77	33	51	38	76	30	62	
