49	50	64	72	10	38	23	82	84	44	43	22	42	76	73	63	60	70	6	13	6	1	15	34	7	21	64	9	70	58	49	56	83	51	48	5	1	68	41	82	24	82	59	20	70	2	37	84	69	82	52	28	37	25	59	45	39	35	4	63	53	7	74	43	55	34	3	54	14	41	8	77	77	61	51	62	59	85	13	81	36	62	26	70	40	
78	23	30	26	66	5	28	70	33	68	38	64	25	4	32	21	6	21	10	21	27	24	34	65	34	29	13	50	47	80	84	79	57	26	17	35	71	42	18	16	67	53	34	44	11	64	62	56	39	31	75	63	48	69	40	36	3	51	83	7	85	37	81	55	19	52	2	40	49	20	53	41	43	45	46	54	22	58	1	54	72	59	73	74	8	
24	15	48	29	52	49	68	42	42	35	12	7	77	49	53	6	57	33	70	11	54	14	68	50	55	76	26	38	60	5	41	38	59	43	21	65	4	1	19	44	34	70	8	65	32	13	68	2	84	7	51	7	61	31	54	27	19	78	20	33	37	58	68	56	55	45	70	62	42	46	63	30	26	16	7	64	22	36	10	18	34	17	23	7	47	
31	73	16	62	5	47	53	17	69	16	70	25	83	38	21	80	46	48	18	57	9	27	76	35	34	49	23	3	26	27	43	54	55	14	70	58	15	36	72	81	49	10	60	1	45	78	79	46	82	51	15	2	75	45	77	64	6	11	64	71	78	63	84	45	30	62	56	42	12	82	85	13	7	50	59	4	40	85	52	75	61	59	74	37	17	
61	54	62	27	72	46	17	46	79	16	73	53	69	69	60	21	59	27	23	21	77	66	15	75	26	2	35	39	30	25	10	45	33	70	71	18	70	40	18	63	11	46	28	34	27	41	52	83	23	29	58	12	7	32	84	72	74	74	24	13	55	31	54	85	56	78	56	37	72	76	53	80	29	36	25	57	29	38	6	49	64	65	59	19	3	
12	3	68	40	66	34	6	10	42	44	19	73	12	11	57	81	61	7	22	49	70	30	75	14	33	37	25	49	8	41	5	59	42	28	12	20	16	57	69	55	13	43	82	22	51	52	56	66	15	75	27	79	59	17	47	48	5	29	8	53	65	53	24	61	78	75	80	9	44	18	21	54	58	9	31	62	23	83	40	26	28	64	60	41	35	
59	85	35	83	48	42	18	13	63	76	45	50	24	5	48	39	17	56	50	65	83	25	78	35	19	56	20	40	68	56	26	82	53	14	77	13	54	7	65	70	38	22	32	60	24	34	52	80	2	15	58	41	79	5	72	52	16	1	3	38	11	27	33	21	36	23	71	1	69	49	69	28	68	55	74	47	2	81	84	43	51	51	4	44	10	
64	5	65	19	47	15	70	68	44	1	58	19	71	57	41	72	80	56	11	4	85	54	45	36	47	3	82	53	78	35	17	11	79	81	69	38	6	8	61	4	7	31	63	30	42	16	14	34	27	21	83	66	29	37	13	74	33	7	84	67	81	52	30	73	44	55	65	10	59	38	48	20	23	23	49	63	39	15	51	60	34	43	80	62	74	
5	3	61	9	38	81	44	3	65	29	1	74	48	44	45	40	4	19	60	66	20	77	15	32	41	29	21	79	22	35	23	67	77	82	30	70	31	71	70	8	54	25	79	14	23	80	51	25	10	66	46	68	55	57	12	8	42	72	42	17	24	61	83	8	11	22	75	39	48	15	2	14	78	84	26	16	27	33	78	73	52	35	53	19	49	
19	66	42	3	20	56	19	36	5	67	1	68	11	39	27	65	79	38	55	26	18	23	48	4	55	33	52	3	40	28	4	57	46	43	58	20	53	73	54	12	9	52	76	18	44	57	41	77	50	6	15	65	69	60	23	34	47	30	78	84	52	35	59	10	31	63	70	81	7	35	13	14	41	37	69	43	6	21	29	53	62	82	72	45	16	
8	29	55	35	60	8	41	6	15	6	36	75	73	28	35	62	73	45	16	22	68	9	67	84	77	32	58	71	16	53	80	21	79	4	10	51	52	49	12	64	9	44	11	79	26	42	53	13	40	23	73	20	30	52	17	61	38	28	46	51	78	78	27	27	37	34	32	1	37	43	19	43	82	24	39	63	25	42	31	14	62	18	31	47	20	
1	61	55	69	18	60	59	50	84	40	84	73	70	82	22	23	13	20	60	77	8	35	50	47	61	62	64	29	46	64	3	44	38	55	25	10	27	39	57	66	76	54	51	15	5	27	36	16	1	52	48	7	82	9	8	12	24	26	38	68	4	41	24	80	47	6	11	28	42	13	49	71	21	53	82	30	35	72	79	33	34	38	81	28	2	
85	79	23	65	29	2	22	21	66	14	22	67	55	5	59	23	50	41	42	16	78	62	49	62	10	78	9	2	70	76	1	24	68	63	1	52	62	64	27	82	31	46	17	84	48	73	19	11	71	14	69	16	32	26	75	38	58	38	39	82	28	36	18	51	12	59	13	27	77	80	21	25	37	35	57	39	72	73	4	1	43	74	15	81	53	
1	20	18	37	55	54	18	45	27	64	10	40	73	35	28	22	10	44	55	85	14	48	60	41	8	58	80	30	69	62	73	24	39	45	59	4	11	73	5	77	6	11	29	77	1	54	12	8	13	19	47	65	21	19	23	25	31	52	51	56	68	78	75	17	77	3	61	43	30	63	32	34	70	58	66	26	33	42	72	76	45	36	8	24	47	
65	43	32	28	48	83	9	38	27	23	69	27	81	23	55	12	52	1	37	23	63	59	2	46	43	31	45	71	36	62	72	13	59	58	38	19	10	3	11	34	63	77	59	16	13	68	23	20	66	57	39	83	70	80	41	67	23	84	7	56	14	76	66	71	4	58	44	10	15	53	42	73	84	56	84	51	35	62	68	61	33	61	50	56	54	
45	35	74	82	40	43	50	70	64	33	71	75	75	36	85	82	76	27	35	41	24	41	30	40	21	82	68	37	1	78	2	85	26	77	79	63	71	84	2	3	29	70	34	58	18	31	9	46	53	84	42	32	37	72	68	13	65	6	45	62	38	45	60	61	73	8	78	14	4	78	15	73	66	44	5	32	28	7	39	32	47	80	19	83	55	
40	45	71	43	2	3	79	1	17	9	71	65	85	81	66	75	6	8	4	2	5	76	24	51	22	11	8	47	26	42	54	63	83	38	61	83	80	9	82	9	15	22	70	54	16	5	84	61	12	44	17	55	31	81	18	5	7	66	49	27	19	20	44	57	7	21	10	84	67	6	5	35	63	30	1	77	32	39	6	13	78	20	14	20	23	
63	22	14	83	25	80	57	79	37	26	85	8	32	80	29	73	40	60	49	24	15	79	10	51	82	46	83	56	50	15	67	67	76	35	62	55	28	31	47	19	54	45	66	41	77	48	26	71	20	29	7	75	20	16	81	58	15	2	24	64	45	51	1	76	84	57	43	61	1	3	33	9	4	11	52	74	14	27	59	73	53	21	60	30	73	
10	37	85	84	15	16	82	58	11	70	5	23	68	62	21	67	7	27	64	57	28	8	68	52	18	54	59	76	68	40	61	75	74	16	27	44	71	22	14	37	46	16	57	26	32	77	48	78	56	24	47	39	71	70	45	85	79	17	80	58	12	4	3	41	60	69	81	43	47	49	83	4	19	46	72	48	1	29	38	2	7	42	36	6	21	
36	29	11	7	57	24	15	15	67	9	72	47	2	69	5	5	58	6	21	59	29	23	3	56	58	84	17	52	75	46	70	65	72	37	69	85	14	81	10	78	45	38	36	48	19	80	4	29	83	22	41	67	1	40	35	55	79	8	61	23	49	1	9	33	76	66	70	12	16	39	33	18	25	26	14	42	16	20	23	53	77	62	32	73	56	
21	83	4	25	56	66	71	54	63	59	42	83	41	83	58	30	28	66	53	49	79	5	62	46	67	27	35	84	57	20	9	32	15	10	55	69	74	38	77	6	51	32	44	4	29	11	32	12	30	39	56	64	83	73	20	63	60	9	16	22	27	23	9	81	70	60	65	56	52	9	17	15	40	58	61	19	24	45	68	6	82	36	75	76	72	
40	7	28	46	19	4	27	37	10	21	20	26	37	30	74	43	44	47	35	56	15	11	32	15	74	36	8	65	55	37	39	49	41	21	50	15	23	74	6	30	12	66	9	42	8	81	40	14	79	72	17	48	78	46	59	64	45	22	83	51	54	38	13	49	53	57	18	31	58	24	16	2	84	25	83	46	60	35	61	52	19	29	7	33	64	
66	27	55	80	65	13	3	54	18	7	61	26	64	4	67	83	16	20	38	34	17	80	4	48	84	47	64	19	9	29	36	69	8	5	19	71	55	62	36	26	22	52	49	84	53	67	39	23	85	70	54	13	63	11	15	20	13	33	31	19	57	21	42	24	63	25	44	30	31	35	53	50	83	58	3	56	36	37	68	40	68	77	1	78	42	
54	7	52	84	77	25	53	11	22	27	27	34	72	12	19	14	18	24	10	73	24	13	21	15	35	8	74	24	48	64	63	14	69	70	15	14	49	18	23	68	42	2	57	28	10	75	76	26	9	40	10	78	49	70	85	81	80	28	59	79	5	77	4	27	61	12	82	20	29	14	43	24	56	12	1	65	41	84	44	46	68	16	73	71	83	
70	65	20	53	78	10	12	67	54	78	80	63	71	55	45	41	10	25	8	61	22	25	13	57	66	12	30	72	82	13	15	23	32	33	73	68	82	83	44	48	71	79	69	55	46	65	7	53	1	54	74	21	76	77	24	54	2	9	79	38	19	11	57	5	81	84	67	75	76	85	3	60	59	14	69	58	73	31	22	29	4	2	6	69	34	
25	36	74	30	69	25	4	73	36	48	21	32	74	49	20	47	37	34	58	2	57	28	72	84	3	13	77	44	56	59	75	78	49	61	62	31	40	63	58	76	65	76	62	46	37	35	48	79	66	18	70	77	85	12	74	1	64	63	5	32	80	71	66	37	6	39	22	39	60	77	67	33	65	41	81	15	82	36	42	5	9	68	83	50	31	
23	45	7	83	83	79	29	66	55	20	65	48	39	58	58	28	79	3	6	72	34	60	54	24	12	14	72	31	48	32	59	68	35	64	22	27	12	46	49	21	64	67	67	57	37	82	85	70	80	43	54	69	15	62	4	66	73	36	52	33	60	25	55	47	41	73	74	50	75	38	26	6	10	47	63	1	38	56	71	30	53	40	52	42	9	
54	42	36	39	6	23	11	27	76	55	65	18	80	70	3	23	8	49	72	52	22	29	2	33	49	73	84	80	37	58	44	44	12	32	80	16	56	46	83	83	57	17	13	47	83	58	24	45	16	9	53	77	32	10	21	78	34	57	28	67	30	26	67	37	14	15	7	17	61	43	20	67	60	64	26	22	74	47	19	2	25	57	79	80	62	
52	27	8	21	8	29	46	29	49	37	78	62	83	7	74	38	58	54	6	35	36	54	19	79	60	60	85	32	6	81	45	55	17	7	31	23	33	30	6	39	64	38	53	59	43	39	10	12	47	55	1	79	22	58	27	78	75	24	61	34	56	18	42	28	22	70	48	11	12	9	44	74	43	12	2	39	3	50	5	51	63	4	80	82	14	
20	25	84	82	85	29	8	14	25	34	76	7	35	83	16	82	39	43	40	2	1	31	1	5	32	4	60	31	38	50	84	9	30	41	4	26	21	51	79	44	81	68	48	70	19	18	64	15	17	55	11	13	82	52	13	28	51	71	12	85	75	49	6	19	2	49	23	18	54	30	59	47	22	19	73	27	76	53	36	3	56	1	57	7	50	
64	30	14	4	80	53	33	42	13	4	81	17	83	10	68	67	66	70	74	39	53	55	27	55	45	28	23	43	79	28	48	13	14	16	56	47	66	2	43	35	2	36	47	40	49	28	18	63	10	50	15	19	57	81	69	59	67	47	11	12	29	12	64	80	25	32	81	46	72	37	76	28	26	38	64	23	20	36	83	66	41	52	38	51	5	
62	14	63	20	64	29	5	74	6	38	11	34	31	53	18	24	41	46	45	31	61	22	2	54	59	23	43	66	58	3	68	33	14	83	6	75	67	48	65	69	84	26	71	69	76	30	3	72	28	2	57	1	21	56	7	34	35	49	12	4	48	32	74	16	28	77	8	7	37	19	30	78	42	85	60	30	29	70	56	55	12	25	9	30	36	
55	61	24	57	28	26	17	59	52	72	39	41	73	85	32	46	28	21	85	67	72	70	50	82	38	56	6	18	62	75	8	71	49	28	40	74	49	11	85	13	80	37	8	23	34	80	66	59	14	64	81	38	47	42	32	43	11	79	53	27	69	60	10	68	1	4	11	2	12	12	58	46	44	60	76	31	9	45	45	60	65	38	16	63	77	
81	13	42	31	21	66	7	76	30	71	29	73	37	29	82	43	83	41	41	10	62	68	59	18	25	31	36	60	80	10	11	73	63	3	14	81	24	59	70	8	85	53	79	33	79	74	75	32	68	67	78	42	48	49	14	35	77	47	42	69	11	46	12	71	5	65	64	26	38	3	34	84	53	22	20	1	48	51	2	39	27	61	68	72	63	
36	11	9	80	50	33	46	51	84	30	51	61	49	72	52	48	56	37	55	74	54	10	35	56	76	18	80	4	40	65	64	73	29	28	23	34	58	66	38	54	7	47	69	53	70	74	55	38	24	21	25	32	28	14	1	58	32	77	60	73	13	78	8	78	18	31	66	36	6	17	38	57	14	19	17	81	5	26	32	68	44	11	59	27	67	
9	82	47	85	11	67	48	2	72	78	17	13	57	45	58	29	80	23	39	54	38	33	13	19	19	79	61	69	3	40	46	6	77	49	42	85	25	85	84	9	35	14	64	2	15	32	27	5	52	20	13	44	7	24	59	26	14	73	46	16	67	7	16	58	8	56	55	25	10	50	36	40	18	47	4	28	76	62	74	83	80	1	81	12	19	
10	62	73	80	22	40	59	63	10	74	63	20	36	43	30	40	29	22	13	73	16	80	23	37	65	14	66	18	7	67	76	56	81	61	49	53	13	69	28	71	44	46	83	35	1	64	28	27	82	38	55	52	33	70	82	50	84	17	68	45	77	54	11	25	69	14	75	85	30	58	55	31	58	4	59	17	64	41	37	59	77	46	70	62	32	
14	24	63	32	2	18	60	10	70	81	77	37	26	25	64	42	34	50	8	36	17	19	12	12	9	30	1	51	85	60	78	53	39	52	79	39	29	7	2	47	1	75	38	66	13	14	16	44	57	21	79	28	80	43	38	84	64	82	4	20	8	78	69	44	3	17	40	63	21	35	22	61	27	59	41	74	31	10	73	37	71	62	28	65	68	
55	12	37	2	14	9	7	46	75	5	42	4	38	16	22	70	77	38	47	6	74	75	28	81	60	19	62	77	35	79	49	44	85	39	44	11	45	10	11	80	8	50	32	43	21	15	68	52	44	69	53	30	56	34	65	71	51	83	63	39	72	64	81	26	56	82	75	57	81	84	42	1	3	72	7	24	35	22	27	78	13	20	60	17	66	
38	37	29	74	51	22	56	68	16	77	37	6	21	5	42	17	1	82	17	27	78	78	59	11	20	47	53	48	62	18	27	12	53	9	40	59	28	50	39	40	81	73	85	15	33	39	30	30	34	45	60	65	35	26	31	2	28	36	54	3	51	72	55	62	43	5	76	61	57	23	61	45	8	10	57	79	46	40	24	33	81	29	52	66	53	
79	26	35	70	68	76	74	9	41	45	83	85	28	56	6	4	66	51	50	75	60	40	73	12	57	20	47	84	24	67	7	58	44	80	38	66	69	24	78	63	23	25	61	5	78	63	6	59	65	53	83	81	47	71	46	17	40	48	55	61	82	15	30	25	10	22	3	72	1	30	11	21	52	61	67	84	78	32	53	16	2	8	4	36	13	
4	7	25	48	59	82	28	28	66	50	32	43	8	58	44	35	62	16	41	76	79	37	21	20	44	34	49	54	33	39	30	75	45	50	36	57	1	60	40	22	66	69	19	70	83	61	63	53	70	12	84	23	3	15	34	46	52	37	47	29	73	73	17	72	77	48	85	33	64	41	9	82	65	27	21	52	79	78	18	18	55	54	38	85	71	
22	84	64	13	42	5	85	69	61	24	59	63	19	46	38	8	52	32	65	31	7	28	25	38	1	79	78	51	71	33	30	47	29	48	55	72	50	51	51	23	72	63	84	49	63	76	51	73	63	27	12	67	53	73	20	7	66	54	56	2	80	40	43	64	85	10	45	4	15	52	67	44	67	21	85	55	8	5	24	28	74	34	58	79	61	
19	1	80	23	51	84	16	45	34	34	2	3	76	1	11	37	65	7	17	82	46	15	44	49	36	24	33	21	68	26	38	41	61	29	63	67	19	32	24	9	62	21	47	7	20	11	42	38	18	12	77	59	64	30	66	53	8	49	35	30	27	61	68	1	13	42	69	60	28	43	25	4	71	65	6	39	43	12	70	44	54	55	57	31	45	
74	80	45	35	23	30	17	78	10	15	34	6	40	50	31	74	68	35	5	3	33	36	73	76	60	38	41	69	42	68	65	26	17	66	16	76	7	30	24	12	1	12	16	72	58	44	17	81	29	59	38	18	8	23	2	22	49	43	3	46	63	28	24	37	82	47	23	83	21	4	49	62	10	67	85	66	61	12	60	48	69	9	55	31	39	
11	50	33	49	7	29	66	25	50	54	60	42	31	59	16	31	17	72	37	37	69	57	51	36	28	2	63	77	61	2	59	20	6	45	66	56	71	4	32	79	9	5	30	38	57	43	64	29	69	58	16	8	24	64	41	9	60	12	36	68	62	49	85	56	15	20	67	34	65	10	23	26	13	3	59	21	85	80	1	70	2	14	72	35	71	
25	69	85	76	59	27	41	22	62	9	24	36	78	10	9	32	70	30	77	70	43	7	67	74	47	48	73	57	72	51	82	9	34	79	39	45	59	77	63	30	40	42	63	64	50	26	5	31	11	77	56	7	38	34	80	82	37	64	8	19	71	3	2	60	44	20	13	6	51	75	73	10	27	49	65	33	52	23	66	79	14	26	84	4	15	
75	81	3	8	4	62	76	44	84	42	77	57	52	37	20	45	21	63	19	25	38	47	53	14	61	42	65	40	39	63	51	66	56	9	72	12	68	58	55	67	53	85	33	59	35	8	54	51	73	71	73	60	26	78	74	83	82	50	35	24	64	40	46	32	46	27	84	68	40	6	69	3	48	32	17	75	80	65	7	77	49	70	73	28	13	
57	61	1	58	50	61	34	2	19	22	3	82	58	26	33	62	24	75	19	53	4	49	44	66	42	59	64	62	42	85	72	60	58	25	23	21	83	11	64	54	72	18	49	45	41	36	57	65	22	32	71	65	77	67	85	73	78	61	48	32	70	74	83	76	52	60	46	5	27	68	56	11	79	63	4	80	6	69	1	84	2	81	47	38	7	
85	18	78	58	24	65	71	47	17	53	10	76	10	11	54	25	21	17	12	77	19	36	38	75	37	18	31	58	20	21	56	14	75	6	70	6	66	55	6	83	60	55	23	24	22	75	45	39	46	11	70	62	44	20	8	75	81	80	85	9	6	57	26	78	16	42	38	77	7	1	67	27	50	2	43	68	31	3	28	75	15	43	7	7	61	
53	79	50	41	77	11	45	85	28	76	9	66	69	40	28	64	63	4	27	15	44	12	46	1	65	74	47	67	33	52	77	82	2	82	35	76	5	33	29	71	68	78	7	3	68	37	63	42	75	44	59	31	5	8	70	24	34	32	83	25	79	73	16	82	67	13	19	69	36	85	54	53	80	57	51	10	47	26	48	34	26	22	15	39	56	
82	47	2	66	43	63	56	29	77	85	49	79	15	31	69	54	37	36	81	48	82	3	45	64	46	35	4	52	84	23	20	37	24	62	13	64	38	23	50	72	20	51	60	74	39	45	44	68	29	75	71	25	83	70	42	33	12	37	40	50	16	57	5	35	80	8	57	65	70	55	52	7	16	60	31	53	54	28	69	1	13	10	17	43	78	
53	74	43	44	67	5	55	79	85	45	64	46	53	83	34	19	42	71	74	58	56	75	22	79	14	13	48	20	26	45	51	35	29	7	32	54	8	5	42	49	2	60	50	49	57	30	23	51	16	10	18	67	81	36	15	62	3	21	69	26	57	30	14	52	79	59	4	38	83	85	82	79	61	84	84	67	37	17	33	37	66	2	63	15	76	
27	61	76	83	41	57	10	26	68	47	13	66	5	48	18	2	85	51	14	38	45	78	61	59	63	52	35	64	65	47	50	46	66	39	43	15	50	53	80	30	49	4	51	51	7	23	8	46	72	19	82	29	51	18	44	31	62	32	1	37	33	6	39	8	83	75	63	55	77	54	29	42	16	34	3	60	55	67	17	56	21	58	22	70	60	
67	8	75	50	48	68	78	7	16	41	2	5	16	1	35	24	27	73	34	59	25	6	26	71	61	22	10	67	43	72	82	61	34	69	14	79	9	47	83	20	85	39	65	55	37	12	76	18	76	28	31	55	74	11	38	83	29	85	19	63	22	13	29	53	37	83	14	39	45	40	24	39	77	71	48	65	81	36	46	22	17	66	75	49	80	
67	31	14	61	46	31	81	14	20	3	48	10	2	41	6	44	51	42	66	40	44	85	66	77	39	42	5	59	71	36	47	51	19	11	24	19	82	59	30	9	63	32	58	16	71	61	13	76	57	73	64	14	25	84	2	57	39	45	67	22	34	22	70	49	74	49	68	78	62	50	75	37	80	43	8	29	16	9	8	72	76	26	2	13	27	
37	25	59	78	4	35	65	71	18	28	51	21	47	30	80	51	64	69	43	54	72	17	68	76	70	6	22	3	41	74	23	76	11	36	20	60	68	85	75	42	64	40	58	67	23	8	28	33	77	26	84	15	40	27	3	66	25	21	62	18	7	36	44	58	9	73	67	49	14	56	44	32	46	14	10	22	63	34	12	50	16	5	58	52	64	
15	28	84	75	36	55	35	69	12	5	50	27	27	54	39	34	9	24	44	63	30	10	37	21	16	38	32	22	50	38	79	61	58	32	4	46	41	36	31	50	82	31	74	19	82	67	11	45	3	39	20	31	5	54	6	17	48	40	75	8	65	66	23	77	53	24	42	6	68	59	10	7	45	83	66	49	61	71	80	18	70	55	51	69	65	
4	38	21	33	24	28	52	48	3	39	51	69	70	60	35	84	62	83	39	14	60	32	28	43	65	44	61	34	45	81	53	50	30	67	33	61	47	82	7	51	36	56	25	58	65	15	15	85	9	4	8	70	73	74	63	54	30	78	37	29	76	83	29	13	64	59	20	66	53	26	66	5	33	6	11	59	57	17	49	22	59	12	40	44	79	
58	49	62	51	84	45	31	35	71	84	52	44	14	29	7	34	10	53	24	49	11	72	63	24	73	78	37	73	74	82	20	42	1	40	2	77	79	31	66	63	69	31	67	80	17	65	69	60	64	2	68	69	27	36	48	9	70	3	38	54	32	12	8	30	2	50	55	8	39	33	18	16	62	67	9	29	85	75	1	4	46	62	41	13	10	
1	60	34	80	8	84	64	58	47	2	57	9	52	6	41	85	12	54	15	33	16	39	30	45	38	5	73	55	83	82	18	81	54	49	37	16	3	13	72	46	45	84	9	10	85	49	50	52	58	56	82	26	7	68	68	4	66	53	50	61	4	65	14	55	69	80	25	68	41	51	26	82	4	40	3	7	34	48	11	44	55	63	67	16	24	
6	12	44	54	16	59	12	39	67	25	16	19	43	38	56	49	19	52	50	7	10	18	40	8	11	41	67	8	63	30	28	57	42	68	65	9	81	74	85	24	14	55	35	5	12	40	53	21	1	13	26	47	58	20	22	69	50	20	27	59	48	51	31	45	74	29	46	70	34	85	46	39	57	71	15	61	36	46	75	61	23	51	62	67	73	
68	2	67	41	26	38	1	30	21	37	16	23	44	42	12	35	31	55	84	11	3	7	71	43	40	2	11	83	61	34	16	85	29	46	36	8	29	75	35	47	25	5	24	17	81	33	6	24	36	44	76	32	49	15	29	37	14	38	74	32	22	5	66	48	7	58	15	20	50	13	64	23	43	9	79	79	73	82	15	27	80	45	7	41	14	
34	31	26	24	17	12	43	17	31	46	8	45	53	67	81	7	44	58	47	84	6	38	69	85	8	50	77	10	49	72	19	39	16	82	60	30	48	56	1	73	14	57	25	21	27	60	25	28	74	33	63	76	19	2	31	29	43	62	28	47	46	9	37	16	18	50	5	40	18	83	62	72	11	84	13	66	14	69	15	41	59	71	35	68	70	
57	4	61	34	70	61	32	72	11	49	57	58	45	47	30	79	22	13	33	60	56	16	28	38	15	66	2	31	10	24	49	19	20	65	5	44	37	34	67	45	39	76	68	30	36	84	22	17	9	54	67	71	18	7	55	70	83	8	14	31	25	17	48	1	78	9	82	27	43	58	28	26	51	42	53	34	44	30	41	83	40	62	21	51	69	
26	34	5	29	3	77	8	16	78	4	53	81	83	73	36	10	53	57	53	8	64	42	79	3	80	73	38	61	43	84	83	64	72	35	6	82	23	52	41	14	53	1	5	9	28	75	20	78	7	20	85	57	59	26	19	11	13	55	60	58	85	17	70	27	39	30	12	14	2	60	65	15	47	68	2	75	12	54	20	21	70	56	19	18	77	
30	4	46	36	18	7	72	20	31	10	11	59	60	64	47	62	43	44	63	64	2	5	74	53	22	39	33	73	11	70	18	77	71	75	62	3	22	45	62	50	16	80	18	21	4	17	81	48	61	65	19	24	58	51	60	40	78	56	66	84	31	79	32	13	49	5	54	67	4	27	64	12	51	78	82	52	8	62	55	23	76	69	29	84	85	
43	72	54	2	45	7	73	33	35	38	40	37	4	8	38	36	71	2	78	17	25	83	63	3	44	42	27	61	21	65	37	61	50	4	18	48	50	6	78	41	36	24	30	39	71	22	19	10	21	14	24	46	51	47	5	1	76	63	59	11	82	16	25	7	52	49	46	15	80	78	12	70	64	35	19	40	55	77	4	31	40	75	27	85	22	
64	6	10	42	9	17	75	15	39	73	22	33	72	74	25	63	81	7	31	69	65	26	36	11	71	20	50	49	44	43	85	27	77	76	13	40	46	85	13	39	28	27	72	11	14	48	29	47	19	14	30	28	82	18	37	60	35	4	21	77	83	85	51	26	32	35	63	73	18	70	67	3	51	5	48	67	8	79	23	14	84	4	45	80	20	
32	46	52	67	21	85	59	18	47	43	2	70	56	73	37	50	9	74	2	11	31	18	16	17	79	71	54	81	64	83	55	7	84	19	75	16	57	9	76	58	77	82	75	52	58	62	38	21	44	41	33	72	10	1	41	3	26	49	42	85	45	8	47	39	62	11	53	73	68	48	51	15	68	65	69	5	4	8	13	63	6	15	71	59	79	
66	48	15	27	39	55	69	80	14	62	18	82	29	84	20	20	36	32	83	23	44	74	22	55	41	25	3	34	51	49	67	28	51	42	7	43	4	76	35	17	47	44	52	31	38	68	2	30	54	39	45	10	26	21	16	21	85	19	52	44	17	33	22	22	24	26	62	32	53	52	77	56	50	46	79	41	62	35	66	37	72	67	61	57	50	
3	70	36	56	34	32	70	23	8	47	41	77	63	18	40	27	50	5	74	44	39	71	20	71	48	1	55	68	76	19	22	76	4	12	44	78	42	26	52	46	30	49	31	3	59	24	27	25	69	60	20	33	43	36	9	47	76	13	64	65	74	82	52	75	48	16	17	1	79	21	1	29	67	71	58	35	10	46	14	74	7	22	54	82	28	
5	76	6	15	8	64	84	44	73	31	4	74	79	2	17	5	45	77	61	26	37	45	80	72	4	16	30	70	61	27	32	22	55	30	33	60	51	71	59	74	48	60	14	36	60	28	82	56	21	62	3	44	52	23	28	56	40	55	34	49	34	19	71	43	46	12	57	47	37	29	78	82	1	81	72	18	21	65	25	35	75	24	27	53	77	
13	44	24	18	30	70	6	49	6	51	46	60	58	47	8	40	32	42	80	28	26	50	42	45	72	24	71	43	5	19	33	11	21	53	27	2	78	34	45	81	37	48	51	54	4	14	80	35	51	74	9	36	34	6	73	18	68	15	58	75	81	3	38	2	17	17	1	3	19	1	39	43	43	7	77	45	12	19	40	12	10	36	56	55	82	
68	9	66	79	64	44	63	24	36	19	28	49	17	68	48	15	16	76	13	55	14	56	15	30	43	26	75	74	23	69	22	51	69	84	34	2	85	50	71	25	66	3	73	38	31	31	21	82	60	17	50	28	37	58	14	65	37	5	6	54	59	29	9	42	17	81	82	52	1	57	71	64	20	11	62	38	83	61	28	54	32	33	35	58	83	
46	73	77	82	75	83	54	11	4	49	67	40	50	29	43	54	55	59	68	63	32	55	56	40	80	64	26	23	11	1	58	10	65	45	8	13	82	57	59	45	61	38	78	62	24	70	23	74	38	42	5	17	11	63	11	44	9	35	22	85	68	80	49	66	20	51	16	71	73	69	27	32	72	52	43	76	34	63	21	27	60	18	48	2	31	
7	32	19	45	44	20	19	75	20	18	9	71	23	77	84	51	48	70	9	62	35	81	1	42	13	67	14	66	25	77	12	66	60	26	17	49	2	37	33	13	10	74	35	68	60	38	22	62	30	26	28	78	65	68	34	23	53	46	1	36	3	7	15	84	72	15	47	64	3	31	31	52	10	66	29	24	11	55	43	69	39	27	51	54	3	
81	63	48	81	17	31	24	64	23	32	47	75	18	65	32	1	8	78	44	70	19	34	74	22	17	3	7	41	52	44	38	2	14	50	80	28	61	55	46	84	28	6	26	84	66	53	76	75	43	76	53	16	52	82	33	68	38	74	25	2	35	10	85	83	2	36	62	60	85	20	14	67	69	29	63	45	80	8	66	79	80	73	11	3	4	
80	65	60	64	35	58	45	83	12	52	81	84	53	61	46	70	15	18	48	42	75	40	77	80	23	65	30	5	25	71	25	16	7	81	41	36	8	78	72	27	70	65	20	37	72	46	57	42	59	57	2	3	9	26	39	25	4	64	29	74	46	14	82	6	85	69	21	13	17	66	60	38	84	73	68	32	19	78	67	83	50	15	8	53	43	
33	77	80	52	57	69	51	17	24	52	14	35	46	56	49	26	28	79	60	64	15	84	39	6	60	40	56	72	73	56	66	12	3	57	59	62	72	65	74	36	28	41	67	71	46	25	47	1	63	30	79	80	14	28	43	32	15	75	55	78	44	32	45	84	48	18	52	68	77	81	29	59	76	80	42	24	67	2	50	82	58	53	54	5	22	
81	53	38	25	27	22	25	52	74	36	46	39	26	32	64	55	47	36	75	75	40	12	5	71	24	72	42	12	81	66	31	80	31	60	54	48	43	74	56	54	50	11	41	28	78	18	83	71	8	68	61	82	34	15	62	4	44	58	13	35	36	45	63	65	56	28	73	5	71	31	30	58	85	51	83	69	23	76	52	6	13	79	64	1	33	
83	2	72	55	13	71	39	52	38	57	23	24	51	66	50	21	33	85	56	43	41	79	58	67	85	82	77	63	12	75	52	44	78	33	47	42	48	14	6	1	52	65	13	61	84	3	18	36	78	34	61	73	19	75	49	16	24	81	31	76	2	77	32	15	68	76	59	25	74	11	18	8	31	70	80	37	21	47	9	53	5	24	44	4	60	
84	17	72	77	46	72	12	81	3	65	53	38	27	33	58	78	4	61	21	29	76	45	46	39	27	12	24	28	44	63	76	83	80	18	24	1	32	35	25	75	19	30	21	76	62	74	67	64	4	41	43	65	40	1	26	45	10	29	41	8	46	16	50	36	72	68	67	16	10	47	5	59	73	17	14	43	7	44	57	85	79	13	11	60	52	
20	16	69	4	49	21	47	12	80	37	79	80	59	49	51	18	53	58	85	61	66	83	29	82	52	49	15	18	67	73	71	32	40	80	45	34	60	34	42	71	74	75	75	50	54	20	10	37	32	7	62	4	44	33	40	70	72	57	76	82	78	24	26	31	22	19	77	5	46	15	81	36	44	8	20	34	65	27	78	9	73	83	10	30	11	
48	78	79	59	58	30	49	13	56	75	54	72	61	51	21	16	38	9	20	83	21	4	64	2	68	69	70	13	30	12	24	34	5	71	84	14	17	15	23	7	73	81	22	68	74	82	43	67	81	8	57	53	23	29	50	76	48	10	38	39	1	55	62	40	20	33	5	80	11	25	57	33	63	77	18	36	69	6	65	19	28	18	27	26	85	
