72	12	16	1	59	33	72	40	68	52	48	11	65	60	13	71	61	32	18	34	23	25	46	80	85	70	8	68	24	9	6	40	56	37	47	27	24	31	64	46	81	25	14	14	82	21	82	15	50	55	43	28	34	44	20	31	26	25	54	4	31	57	41	42	48	2	66	26	73	43	69	20	67	77	32	17	52	74	26	19	35	23	83	67	22	
14	52	45	36	60	3	22	71	41	61	73	80	81	11	20	36	77	38	55	23	24	26	72	4	49	41	79	27	34	15	45	46	64	44	36	82	47	12	62	39	28	48	74	21	13	6	54	45	83	63	65	19	1	50	62	5	7	53	28	76	66	70	34	84	29	24	32	67	33	51	18	57	50	8	75	68	56	85	25	43	58	2	59	69	9	
76	58	41	41	40	30	61	22	18	14	45	39	43	66	69	46	81	80	8	38	66	67	84	61	42	44	73	30	53	83	70	83	10	22	78	47	6	51	66	21	19	65	57	16	43	82	59	79	72	64	29	51	85	25	68	34	18	9	20	25	3	84	23	53	62	11	54	21	17	33	40	35	52	51	4	8	48	59	1	28	35	71	33	31	45	
53	62	18	58	35	40	16	31	15	66	46	65	74	65	78	19	59	65	26	22	67	73	63	79	25	46	27	4	76	12	3	42	29	20	54	61	13	67	47	25	2	5	44	74	24	76	48	80	11	70	14	32	12	33	22	36	75	46	37	21	13	81	60	39	9	68	12	23	47	55	83	4	17	82	75	38	69	77	69	84	28	38	30	25	71	
40	57	11	40	47	28	50	38	42	43	1	22	52	17	23	62	54	24	30	47	53	20	70	42	2	60	55	78	34	34	14	28	4	22	25	5	5	27	82	3	68	80	62	74	51	39	5	59	18	33	18	69	7	1	64	5	15	73	38	6	21	49	71	63	69	8	65	29	31	17	72	56	9	84	41	58	35	83	32	50	36	10	37	75	44	
49	77	11	35	69	53	52	30	36	69	54	39	3	78	24	17	15	73	24	11	66	36	44	62	19	48	44	18	33	31	14	80	62	64	27	43	32	33	70	63	56	78	58	56	25	35	71	38	62	50	46	41	82	45	57	13	47	55	72	77	40	39	69	59	16	50	60	43	37	79	60	5	68	71	20	5	21	84	40	81	45	42	73	83	39	
84	6	83	8	31	73	46	68	11	15	38	59	65	35	50	55	49	53	77	33	66	79	48	19	32	80	61	27	22	54	63	18	14	59	24	85	44	25	22	52	77	57	65	12	47	28	20	7	36	9	79	56	1	82	28	72	74	43	11	10	51	71	66	62	84	3	16	40	23	35	58	55	60	67	63	4	48	81	64	37	2	42	69	85	39	
71	69	65	26	77	71	74	18	49	6	14	6	19	9	68	52	10	35	52	73	11	54	76	46	59	25	45	55	69	43	4	52	66	67	33	13	6	20	28	9	22	81	54	82	2	77	47	9	24	9	37	74	17	25	32	30	4	75	83	70	72	41	77	7	61	22	21	64	80	84	27	58	78	79	50	85	1	49	42	46	12	3	5	8	56	
19	11	55	48	48	38	74	1	69	79	59	45	50	77	79	47	17	5	80	50	52	25	73	55	63	30	22	7	18	45	58	76	10	26	78	56	20	65	54	41	13	68	83	60	57	31	61	28	34	10	75	40	32	62	8	7	44	69	64	15	26	24	3	33	47	81	43	19	14	52	66	23	32	9	37	43	39	53	69	70	59	67	21	3	72	
68	50	26	6	16	80	29	37	38	17	39	29	57	55	81	21	67	58	7	74	7	48	65	14	29	46	71	39	23	72	63	44	75	43	49	3	36	74	83	71	45	73	54	15	82	47	75	61	17	40	4	63	82	66	75	69	25	18	16	1	84	77	42	28	32	2	70	22	31	62	5	73	8	56	42	2	57	76	59	30	24	15	51	19	79	
33	34	58	45	47	56	82	78	52	64	65	53	47	84	37	21	2	64	23	12	61	61	67	45	72	7	20	85	50	32	76	37	21	46	36	64	14	73	12	66	49	74	69	8	27	60	70	26	38	46	79	10	19	57	9	3	18	26	42	23	13	30	57	29	30	48	47	41	35	56	59	39	84	83	1	24	55	65	4	46	68	80	53	81	5	
59	38	21	39	36	83	48	62	9	74	5	54	33	85	41	2	13	34	40	50	28	18	59	6	20	17	67	53	24	19	13	37	9	31	73	42	68	33	58	74	23	17	43	6	14	36	49	67	65	1	29	7	15	42	51	74	56	70	82	35	41	8	25	5	77	10	44	57	82	60	43	55	69	38	61	38	29	63	59	52	57	45	64	26	81	
54	55	6	37	49	37	32	10	16	34	84	23	32	12	59	84	7	68	23	43	38	15	26	10	71	71	21	25	77	2	18	45	57	63	34	58	54	64	65	67	10	17	44	39	24	19	77	29	80	12	27	72	24	48	37	50	74	13	71	62	11	43	61	20	18	5	73	69	28	8	9	30	20	46	23	41	58	56	31	14	66	46	35	42	49	
68	4	35	77	29	9	43	70	66	59	42	25	2	66	45	48	68	29	65	27	49	60	39	58	38	1	76	82	32	30	43	12	73	75	44	57	40	83	81	16	14	36	84	53	55	41	13	36	67	31	17	68	5	53	46	47	51	26	78	80	11	72	46	50	63	2	7	52	39	85	22	5	79	15	56	54	61	22	3	70	62	64	7	10	18	
43	2	17	23	74	10	73	59	10	24	72	51	70	79	45	68	13	47	12	67	57	51	75	76	81	54	38	81	60	1	5	56	85	20	34	28	69	19	41	33	40	68	82	22	58	39	44	25	83	11	5	9	16	77	82	52	83	75	45	11	30	4	64	27	63	53	9	46	71	48	74	61	28	26	38	42	61	36	63	15	44	65	20	57	8	
57	62	3	1	18	11	28	19	29	9	79	78	15	77	58	17	21	31	84	43	25	37	59	56	54	27	12	73	1	23	78	55	82	36	10	55	45	77	28	30	40	20	18	13	51	32	24	26	14	63	26	34	12	80	4	20	22	60	5	61	75	37	33	26	35	76	81	69	38	19	51	62	83	66	67	83	49	46	22	63	39	43	49	72	77	
49	46	50	16	48	21	45	39	2	68	64	33	16	3	53	74	50	67	64	70	47	16	31	47	35	46	23	32	8	6	65	11	49	67	66	51	1	23	44	42	52	22	72	59	61	79	2	24	60	69	47	62	76	33	19	71	76	38	52	40	83	73	4	5	49	75	49	54	45	7	44	63	65	78	58	43	62	57	17	75	34	17	55	77	80	
20	82	78	12	4	28	7	71	30	5	32	51	8	34	8	53	75	50	71	14	20	64	73	31	77	61	60	6	61	76	8	79	28	83	2	29	23	48	12	9	7	84	12	17	29	18	19	58	21	2	70	80	20	13	23	10	27	37	55	85	67	60	35	7	15	74	1	81	36	41	3	39	38	44	6	22	59	64	33	39	20	16	67	40	66	
44	1	47	78	53	2	15	67	32	61	76	60	49	63	7	44	11	1	35	52	46	55	64	22	83	52	39	52	31	31	72	30	30	33	20	37	31	74	59	17	48	4	75	51	21	36	49	71	34	82	35	38	50	54	56	84	59	57	48	45	32	79	72	61	18	46	58	3	33	23	17	40	23	62	42	83	80	5	66	67	81	68	13	39	24	
20	78	34	20	37	76	49	24	60	62	81	19	25	82	6	85	53	39	62	13	75	58	44	73	36	23	66	46	79	59	64	49	50	52	67	40	41	70	18	13	3	12	71	66	48	74	63	55	26	80	68	11	7	65	39	42	43	17	84	27	31	16	32	76	69	54	29	61	44	1	28	77	56	12	57	14	83	71	72	21	63	4	70	30	2	
21	18	9	77	56	76	62	69	61	50	4	25	34	19	56	32	45	1	38	54	51	48	49	76	67	23	10	19	48	29	73	23	45	39	55	13	70	29	36	40	76	80	63	64	11	72	50	53	70	85	19	77	2	23	65	66	85	27	82	3	53	25	23	12	16	78	62	37	58	11	74	3	5	6	64	13	31	68	19	57	71	79	7	22	54	
19	43	52	44	79	51	9	16	28	58	71	57	33	20	27	83	48	28	85	7	46	49	78	29	21	47	47	11	44	66	62	17	63	68	58	55	74	22	25	14	33	10	69	23	68	8	15	71	35	52	76	77	56	24	58	73	65	17	38	63	37	55	80	13	36	5	67	21	69	2	33	12	50	56	70	31	61	82	60	49	4	43	81	13	64	
7	83	82	21	76	15	12	43	47	22	75	6	41	51	68	84	38	33	45	6	14	30	21	52	83	24	53	81	16	19	13	20	56	8	80	44	61	5	84	23	66	29	25	62	34	3	57	69	37	56	31	1	84	49	50	79	69	58	32	39	71	40	14	46	44	9	85	59	50	35	77	71	18	54	45	55	60	14	73	42	67	17	82	27	19	
44	54	37	11	80	74	80	32	85	74	30	45	67	1	8	56	75	36	71	42	75	75	51	43	15	47	64	67	41	82	79	39	48	28	48	45	56	84	26	10	68	53	53	4	52	15	16	81	45	44	77	74	27	82	29	81	46	47	61	37	49	52	73	55	34	75	38	3	40	61	12	50	69	17	7	33	29	19	68	28	57	58	14	37	59	
82	31	48	42	4	39	37	10	24	78	41	55	70	83	77	85	50	80	66	62	84	53	4	15	34	71	25	47	83	60	10	77	45	12	74	46	49	23	53	27	57	48	79	37	44	26	76	4	58	55	20	54	21	63	23	8	47	51	51	2	60	17	73	18	25	16	19	28	43	29	52	3	70	84	80	67	64	67	30	33	34	56	41	9	61	
62	56	19	62	63	15	76	75	43	5	55	56	61	79	4	82	44	46	20	81	37	42	56	59	64	1	47	61	83	53	34	57	63	7	71	37	21	59	24	17	18	33	70	77	24	29	27	65	28	2	58	62	41	68	35	60	23	78	36	17	85	22	26	16	25	10	50	84	66	29	67	39	72	80	69	80	30	51	14	44	52	27	73	3	7	
47	59	28	79	46	42	73	21	65	1	1	29	5	39	50	73	7	2	44	83	67	80	57	72	47	55	34	71	28	77	76	31	51	58	18	48	12	3	67	32	43	22	60	3	62	20	73	63	18	74	15	45	20	69	24	64	36	12	6	18	4	78	44	8	5	61	48	14	17	70	42	66	45	68	15	16	71	49	75	50	26	7	37	85	25	
15	62	59	24	64	31	23	11	73	22	13	45	26	66	60	48	62	71	6	29	40	19	54	80	48	10	18	5	2	16	69	13	32	82	34	50	26	55	15	12	30	67	10	9	45	66	56	61	7	15	44	44	74	11	36	75	60	14	34	58	64	20	68	50	17	57	61	33	65	72	41	8	46	48	63	47	70	64	76	30	77	16	28	18	27	
19	7	38	67	37	8	43	50	30	47	58	83	13	45	61	76	84	21	75	1	73	73	24	51	44	8	80	57	34	55	35	52	56	70	29	47	33	26	53	59	70	23	56	37	21	69	67	60	2	12	58	30	81	36	76	82	42	26	49	73	77	38	78	3	63	62	45	9	40	10	64	22	70	74	13	5	54	79	17	65	85	72	4	39	63	
25	26	17	5	30	44	35	65	33	33	40	47	32	44	84	81	62	60	20	48	70	63	55	59	78	62	13	19	11	45	79	75	68	8	77	10	6	24	29	36	12	23	37	82	22	33	79	81	49	50	82	29	28	50	42	15	24	52	32	74	53	23	61	34	71	50	83	74	39	64	65	80	85	14	73	17	2	17	54	46	64	51	30	56	51	
69	56	29	76	42	16	81	20	74	25	45	79	60	31	61	78	51	9	82	19	79	46	60	50	10	18	69	12	2	26	59	26	35	1	56	32	57	49	49	43	29	52	75	2	77	7	34	83	13	21	22	47	23	70	7	28	41	30	39	83	54	50	24	42	5	74	71	58	35	75	55	61	36	84	17	64	2	48	14	11	27	23	53	40	62	
14	22	42	42	12	37	48	17	12	2	18	83	27	73	72	55	82	3	43	78	59	62	77	61	73	85	81	51	52	74	51	19	50	5	57	60	81	21	75	5	63	46	45	41	73	30	8	67	69	6	14	44	65	3	13	7	42	48	55	47	34	64	70	83	63	31	10	14	4	38	16	68	38	58	55	23	40	17	49	18	20	66	56	50	14	
65	44	53	66	53	54	13	26	31	48	44	14	12	55	56	49	68	70	82	79	37	61	27	51	17	84	69	27	51	20	38	71	18	46	50	69	15	15	7	80	60	5	46	27	59	14	72	80	81	23	73	30	83	52	36	9	55	17	33	54	76	26	82	7	74	39	30	35	9	34	26	24	37	26	47	48	41	75	40	77	8	23	58	42	78	
6	5	74	62	78	40	51	15	31	11	43	24	38	70	30	27	52	8	19	74	54	63	66	37	58	51	84	79	21	38	20	24	40	9	40	31	85	4	84	28	53	35	6	7	17	76	70	22	81	42	50	2	17	29	80	72	33	77	23	55	68	82	30	25	37	69	4	34	26	1	60	75	75	32	33	10	7	59	65	85	13	36	85	71	9	
76	9	40	20	68	4	85	57	75	60	6	53	18	37	32	16	50	62	3	69	50	47	28	19	66	26	69	8	65	49	12	10	13	49	30	78	7	67	5	78	39	8	1	54	84	72	25	11	46	67	33	7	70	50	71	48	30	15	50	14	50	19	17	21	64	81	20	24	60	22	14	53	58	55	23	27	38	83	52	41	63	74	2	43	82	
22	44	23	25	6	68	24	20	37	39	37	30	85	58	1	48	27	51	16	35	25	65	70	63	29	62	82	58	59	77	49	31	33	32	48	37	4	70	11	38	63	2	64	60	60	34	21	38	31	76	70	5	10	9	64	40	69	12	7	81	8	10	28	32	41	70	23	36	13	42	26	69	73	1	83	41	62	61	77	40	47	16	43	54	23	
60	45	3	69	49	41	24	56	60	53	44	84	30	72	5	15	9	28	84	49	26	38	68	79	70	16	83	1	11	3	59	25	46	60	6	52	10	71	60	24	35	56	20	63	40	64	32	4	46	29	7	67	20	27	17	1	37	49	43	3	50	11	25	51	23	70	55	73	51	74	9	85	35	75	15	34	45	47	71	8	26	31	25	48	54	
79	84	44	40	81	44	47	41	67	47	60	48	54	2	54	33	51	49	22	32	18	5	31	16	73	32	42	16	12	85	23	2	34	65	81	24	21	80	61	42	38	75	44	46	74	10	33	37	15	52	66	71	55	9	43	83	81	82	9	50	29	30	6	60	51	1	37	25	30	9	20	21	3	63	64	69	26	9	58	4	59	39	27	66	7	
59	60	34	50	23	78	33	7	35	49	53	70	82	31	12	3	55	30	38	65	7	17	5	55	74	37	68	62	54	46	16	26	60	47	31	37	79	16	42	69	60	51	52	54	76	60	14	79	44	47	56	5	20	15	58	45	48	38	21	14	38	75	81	57	34	63	2	68	77	83	5	59	83	61	55	29	67	64	20	24	65	84	68	1	42	
38	39	2	30	56	55	23	44	2	72	31	60	28	53	46	63	56	4	17	63	13	42	43	74	16	21	52	44	3	2	83	79	41	82	64	49	8	85	45	5	25	31	62	10	38	65	26	6	21	37	24	33	33	67	18	47	40	29	3	42	23	41	75	59	78	46	68	82	83	19	47	62	48	57	27	82	32	45	50	49	51	69	36	70	84	
50	26	33	28	70	24	53	63	7	61	56	8	35	3	44	8	40	19	52	51	39	3	37	38	85	41	72	61	72	57	12	34	31	42	16	53	64	62	29	25	77	79	71	26	36	27	71	73	85	35	80	37	78	28	74	76	65	20	10	50	65	15	38	47	12	55	12	30	68	80	54	60	28	81	36	66	16	21	5	17	9	79	6	41	67	
31	28	81	42	73	43	57	43	39	16	52	41	67	80	63	59	85	75	84	76	23	14	44	82	18	55	44	48	15	84	21	43	65	14	83	7	11	8	49	1	21	13	2	85	46	57	17	41	45	19	69	22	62	26	14	74	35	13	77	51	49	53	47	26	20	80	33	28	3	32	68	61	42	64	60	6	34	26	78	72	74	61	5	55	39	
58	77	30	68	65	30	31	28	71	10	45	63	80	28	17	25	8	75	21	24	3	14	52	26	46	78	12	60	37	58	11	9	47	79	30	33	21	14	7	4	27	49	64	56	31	38	81	82	23	10	16	23	64	65	48	64	12	59	36	53	69	2	52	70	83	36	6	13	48	54	13	67	56	34	77	84	65	72	75	85	32	5	66	51	29	
21	27	31	31	61	75	12	23	81	79	7	30	39	16	75	4	68	11	14	12	85	10	31	24	83	29	54	40	4	56	59	64	80	2	8	10	34	59	30	25	9	69	53	1	83	39	43	63	5	57	29	3	62	58	21	17	41	28	51	42	82	22	62	30	65	65	79	7	78	57	32	84	41	36	37	76	73	6	12	31	44	33	30	60	45	
8	71	83	31	34	79	65	53	52	12	28	72	41	33	62	10	18	13	3	55	47	76	80	79	37	21	35	66	5	7	67	8	36	61	36	63	53	15	70	19	60	11	42	56	85	16	63	54	69	20	21	70	9	47	61	1	68	8	22	25	54	83	30	2	54	23	17	74	75	82	32	45	47	73	14	83	3	31	51	26	48	19	24	10	32	
64	4	84	27	61	62	78	54	4	31	63	22	44	36	7	80	66	6	39	53	60	34	4	2	40	28	4	10	70	53	29	47	12	65	72	71	42	18	79	45	5	54	59	85	44	22	77	23	25	70	30	80	61	70	37	8	49	81	16	31	46	83	74	54	67	14	78	11	71	69	7	71	35	62	68	82	36	15	53	58	82	38	8	57	58	
81	16	19	73	32	4	30	66	32	38	38	43	28	46	26	10	57	9	1	64	32	74	56	44	81	31	85	27	71	47	82	63	59	55	5	42	58	32	20	85	24	60	83	50	65	21	18	57	70	13	76	14	81	51	12	33	21	4	12	7	6	9	22	17	15	25	62	68	10	30	23	34	39	19	78	6	36	8	27	60	15	6	29	47	3	
37	32	22	80	41	64	82	2	82	11	15	61	23	35	66	50	54	52	1	71	42	46	60	1	24	73	52	21	13	53	68	4	82	84	81	77	58	33	75	11	83	85	26	17	35	43	20	40	7	62	63	6	67	76	1	78	61	7	12	71	14	70	72	50	27	23	39	33	53	28	39	47	65	16	18	51	56	3	4	69	54	25	70	29	10	
16	12	68	62	62	9	75	85	78	36	19	13	30	6	20	11	43	22	73	13	79	81	66	69	79	38	31	55	55	10	62	65	60	84	82	33	5	72	32	38	58	3	5	14	7	22	9	8	84	35	14	74	25	34	59	59	28	40	26	77	3	42	12	64	39	4	5	44	26	76	80	81	33	78	45	78	57	1	83	50	30	47	78	15	35	
2	23	58	41	2	46	82	42	10	54	77	53	14	74	76	1	17	26	72	56	59	66	16	54	11	20	38	13	10	4	45	9	67	17	3	64	16	82	16	29	48	47	73	59	31	24	14	5	41	43	49	13	18	62	22	68	80	14	79	44	55	34	8	30	4	12	9	19	6	61	79	7	20	21	18	15	36	71	5	75	24	52	84	79	69	
60	61	20	29	50	58	80	34	63	22	35	26	67	7	66	40	83	68	15	15	41	17	53	23	62	77	46	28	30	36	47	2	48	66	27	8	37	68	84	49	42	70	72	65	73	50	11	25	74	64	38	24	36	43	2	12	29	1	74	56	76	44	13	37	10	79	83	78	10	81	82	48	57	69	16	3	71	67	22	18	5	13	33	32	17	
74	39	75	72	68	45	61	14	11	55	60	2	48	8	51	76	3	10	3	66	63	85	4	83	61	13	80	76	1	24	76	73	19	20	15	83	62	72	52	26	36	23	68	37	28	33	29	27	79	67	46	57	69	5	7	79	16	84	65	55	64	8	40	77	25	56	78	41	81	35	21	67	20	1	16	80	72	4	62	71	60	22	71	82	64	
75	70	77	28	2	44	3	49	40	35	74	43	20	66	33	8	85	12	60	40	68	53	25	16	27	41	78	1	26	20	66	54	2	10	84	1	7	37	47	44	68	76	85	42	8	71	4	47	35	61	45	56	72	63	69	11	59	11	48	82	28	65	4	73	79	38	25	32	83	80	29	64	12	5	51	59	50	49	19	38	23	58	9	6	13	
72	51	46	81	52	82	63	29	83	45	54	34	67	40	18	6	69	25	57	47	27	31	50	75	2	2	56	58	4	8	1	29	15	2	65	61	80	39	48	75	84	52	66	17	5	78	21	70	59	75	71	85	58	30	24	61	26	72	68	68	35	67	10	44	23	73	64	15	22	16	45	74	76	20	71	26	53	54	55	23	76	32	56	49	13	
35	16	79	61	38	59	8	59	23	50	80	7	22	7	67	77	49	78	12	68	61	82	72	64	39	5	50	19	17	8	71	6	69	62	63	14	75	25	27	13	29	19	55	11	65	37	83	68	30	46	3	39	36	72	15	68	31	60	44	9	23	26	2	83	84	19	51	76	41	76	40	68	49	2	74	68	33	19	48	11	65	12	52	16	85	
61	33	59	74	71	56	10	9	12	46	47	28	9	32	67	39	63	4	42	63	72	22	58	45	24	59	20	68	61	69	54	31	16	25	58	83	35	29	3	45	64	47	76	26	37	6	62	50	7	60	67	36	34	29	75	14	52	49	77	18	41	85	1	40	66	65	34	15	74	77	53	6	78	2	30	70	38	55	26	44	15	48	30	4	74	
59	13	70	20	1	84	47	45	38	41	16	48	31	24	79	60	32	81	50	72	20	27	14	62	7	11	33	52	38	73	80	15	82	19	68	37	17	69	74	6	23	8	52	18	66	40	64	10	39	27	28	6	12	42	23	54	48	21	62	83	79	55	47	35	69	29	75	37	9	8	43	29	51	47	33	30	85	51	82	70	37	17	76	44	53	
9	46	56	14	18	52	54	25	53	75	6	76	9	4	82	14	78	65	61	36	52	43	75	17	32	57	45	49	85	37	54	48	81	21	17	59	26	61	77	75	50	34	22	54	29	57	23	60	1	83	9	42	37	38	11	23	8	11	67	47	2	75	7	36	55	21	3	31	84	73	62	10	18	12	6	1	51	27	69	40	19	24	32	10	58	
83	35	18	49	54	19	4	39	25	37	50	42	76	71	76	18	44	72	75	39	74	73	36	12	1	27	70	20	14	78	31	51	63	6	11	27	22	13	20	84	3	61	38	79	44	44	48	85	51	41	81	43	26	22	3	21	5	80	78	57	24	66	27	82	28	77	17	2	35	40	77	46	7	69	8	48	7	29	1	16	58	73	47	33	48	
5	48	7	73	82	59	6	27	75	40	33	57	51	68	47	37	58	79	41	80	14	44	42	37	84	52	49	23	53	81	68	59	83	28	85	34	84	43	46	31	71	29	39	32	9	1	28	21	53	18	13	42	57	55	76	8	17	37	29	24	69	54	76	65	76	72	8	29	25	44	56	48	30	50	77	77	45	55	10	71	70	61	26	81	73	
55	1	39	46	27	60	28	33	5	44	21	31	47	48	49	45	57	14	70	17	43	15	61	53	63	83	32	36	25	25	74	30	23	11	74	6	65	56	35	24	15	16	51	56	12	55	58	66	18	81	38	59	7	8	60	67	45	10	15	20	26	71	50	4	37	76	52	62	1	47	75	13	1	38	22	11	7	78	34	29	40	76	31	28	30	
4	8	71	47	60	5	72	85	6	29	31	35	36	39	34	65	26	83	63	18	16	28	63	48	57	38	74	77	23	11	19	24	48	45	32	62	85	52	60	7	77	50	77	20	81	23	39	61	22	56	78	73	84	9	30	51	53	54	40	64	4	12	43	49	52	66	23	55	29	37	7	69	80	81	38	44	58	27	9	73	82	35	15	74	41	
41	79	39	43	75	57	43	46	54	4	8	32	67	10	15	16	60	29	50	58	17	78	62	41	80	3	34	69	19	62	77	11	11	14	51	39	25	6	76	77	55	35	67	29	42	33	45	9	16	47	11	31	37	71	69	35	69	61	50	39	74	25	48	82	81	13	34	57	18	63	49	61	12	65	44	6	20	52	54	22	85	21	68	36	70	
74	17	66	85	63	18	71	42	62	65	74	27	53	43	38	28	2	54	78	63	52	83	26	5	4	45	48	20	56	75	60	81	45	40	75	67	8	61	58	68	37	44	49	47	85	42	68	41	6	15	59	13	8	81	16	10	82	14	69	84	1	46	74	9	32	64	60	39	33	31	58	25	29	18	21	72	55	50	23	20	55	33	34	60	26	
80	24	61	6	5	57	55	3	1	2	29	60	16	20	48	1	76	24	28	47	44	8	15	81	69	70	51	14	8	62	38	43	84	53	4	42	27	4	40	20	3	25	34	16	6	35	22	27	57	82	72	53	11	41	47	26	30	50	37	71	22	31	67	60	82	83	18	56	32	8	33	24	74	70	80	36	9	49	79	63	7	75	28	45	37	
28	64	3	75	13	27	50	47	5	23	34	36	75	5	4	38	24	69	61	40	60	84	46	65	40	63	60	67	45	13	7	27	74	47	58	2	71	30	77	35	41	19	10	66	56	12	15	39	77	32	71	8	23	73	66	18	3	80	81	2	9	40	29	34	42	79	72	24	11	68	14	1	35	22	25	3	76	33	77	59	17	17	60	37	1	
79	10	43	71	44	43	77	39	70	62	78	15	46	56	22	20	62	61	11	37	80	52	12	65	41	65	1	56	81	79	17	27	77	51	11	75	48	39	31	27	16	18	40	56	26	16	33	85	76	38	32	66	3	80	85	83	19	83	8	49	59	21	72	6	21	82	35	72	31	58	48	2	28	42	52	53	55	39	7	84	29	9	18	34	23	
17	23	36	46	72	81	59	83	76	63	59	16	51	13	43	63	41	38	46	80	45	9	4	35	54	4	61	84	58	2	22	70	71	50	28	47	2	1	85	61	16	14	73	24	4	73	82	3	62	39	76	64	3	37	10	55	74	67	5	48	23	27	69	52	26	51	42	20	5	81	78	60	6	20	79	7	44	71	8	25	23	34	77	23	21	
39	36	7	18	75	6	80	8	28	42	27	76	37	44	78	23	79	55	68	57	82	72	7	66	30	67	43	16	54	21	76	49	4	38	63	76	40	17	80	65	1	62	11	28	63	85	6	48	4	71	52	83	13	57	25	80	34	14	14	43	32	38	45	32	73	62	22	68	74	56	46	70	70	10	53	41	75	58	85	51	41	50	3	48	77	
60	85	49	82	45	46	17	79	3	1	66	64	61	47	52	70	44	74	52	59	37	6	55	54	45	19	83	9	61	5	24	75	1	68	60	35	72	28	68	69	69	45	4	42	50	46	30	43	72	34	48	21	33	16	67	77	73	22	41	8	56	58	74	10	78	71	78	18	27	58	84	7	62	81	65	57	81	25	11	65	53	14	40	63	26	
63	28	54	73	66	61	83	71	80	84	18	37	75	73	19	44	25	22	24	59	29	25	69	2	33	71	57	1	67	4	78	36	72	34	63	4	38	58	27	46	54	1	21	3	69	45	39	12	17	7	62	32	30	68	31	17	9	37	15	71	81	79	65	68	70	40	74	57	50	49	84	71	43	59	53	28	7	10	66	27	50	41	3	35	76	
32	14	68	33	17	52	18	51	26	78	70	17	10	41	64	52	80	37	47	60	1	68	71	49	3	34	58	83	26	35	53	12	38	34	39	52	43	3	57	22	78	81	36	42	54	53	50	66	42	7	40	81	26	46	78	23	59	44	14	52	70	28	5	19	52	84	25	48	76	36	63	23	31	52	24	17	27	65	45	13	56	62	11	49	12	
81	29	24	72	83	17	54	13	19	28	62	49	7	21	80	5	38	15	67	2	74	1	58	55	31	68	75	47	72	79	56	22	17	76	9	11	47	16	19	64	39	37	67	6	10	59	84	46	28	65	2	18	14	60	66	81	85	8	47	69	12	7	39	14	38	42	62	43	54	78	25	51	71	40	48	79	7	41	75	32	52	77	44	61	1	
66	52	80	32	4	12	21	51	48	74	49	3	48	81	11	80	64	55	62	81	15	47	45	5	76	72	55	63	73	27	18	5	37	9	26	35	18	2	43	70	74	82	23	73	30	28	67	74	8	51	25	48	39	64	14	27	6	59	46	29	40	59	28	31	21	7	24	78	16	54	13	28	3	33	13	71	65	76	56	4	69	35	6	68	55	
10	42	55	34	84	81	19	12	64	51	71	67	58	61	24	24	70	56	65	75	62	50	74	7	58	66	28	47	68	1	15	28	43	69	52	79	15	76	42	37	20	25	77	33	41	80	9	30	79	72	28	16	74	85	11	44	58	36	4	76	78	13	18	32	40	63	23	1	82	17	31	15	45	82	46	33	47	60	21	35	76	49	25	62	38	
74	19	51	64	62	34	53	35	5	56	61	65	11	13	65	23	1	29	25	78	30	46	79	31	53	75	20	2	57	80	81	82	52	30	59	68	63	66	10	20	62	24	82	67	33	11	40	31	3	54	60	20	22	32	5	27	70	21	58	28	54	43	22	69	69	37	41	84	55	48	17	26	44	71	49	73	18	78	38	9	45	10	72	12	81	
70	23	57	43	39	85	56	74	55	24	67	44	20	52	14	22	23	40	48	77	69	11	85	60	3	8	59	10	28	20	46	50	82	13	47	30	44	10	15	18	74	26	61	6	72	17	67	49	46	24	30	75	74	31	83	74	76	16	38	63	27	80	19	21	4	61	53	5	26	20	53	29	39	3	57	65	74	37	25	78	57	54	55	2	33	
11	72	62	15	65	29	39	57	44	57	15	58	59	15	83	74	22	47	27	78	19	44	81	8	68	50	61	74	18	61	18	28	2	77	35	63	16	28	78	13	46	2	30	25	56	63	41	75	32	18	23	76	60	84	80	38	46	24	31	18	33	79	85	26	80	6	39	42	12	36	10	46	82	70	13	77	52	66	37	19	64	40	49	75	43	
84	25	37	7	3	52	70	80	2	67	17	68	83	14	32	64	51	76	42	41	48	77	32	84	6	5	15	22	62	13	85	47	78	25	12	23	39	34	55	47	79	27	53	72	38	82	5	34	29	4	65	65	72	10	26	37	11	70	30	16	70	33	18	24	83	18	28	27	19	78	35	9	21	31	36	1	57	40	28	45	26	8	13	52	53	
73	82	25	51	66	77	75	48	8	78	36	66	58	59	74	54	71	27	29	1	55	12	55	78	38	6	56	3	58	22	5	83	56	23	44	38	48	75	71	50	64	21	80	77	32	13	38	56	37	53	57	85	31	20	29	58	65	39	6	79	60	10	76	25	68	68	14	45	54	4	31	81	55	18	62	84	24	69	15	34	61	63	65	84	35	
85	3	52	38	7	47	44	51	27	26	30	46	40	55	16	29	41	41	81	61	13	35	30	21	43	9	2	53	49	25	84	1	24	48	69	66	50	66	33	62	4	57	78	34	66	70	31	64	63	50	74	79	82	53	6	77	45	42	52	6	73	79	51	11	54	28	18	77	8	57	15	43	55	66	72	83	6	12	49	67	4	37	9	5	75	
54	30	32	48	25	77	26	36	75	69	9	54	73	42	54	72	46	52	49	65	56	69	29	75	45	45	77	15	8	28	1	21	12	74	62	34	19	81	5	8	8	31	57	38	53	65	35	45	33	14	64	20	80	1	49	65	1	41	75	11	19	37	62	43	57	36	27	73	79	19	34	78	40	48	67	39	63	84	70	5	10	46	67	43	4	
26	20	85	17	50	48	32	52	72	15	3	10	29	30	36	45	65	77	25	82	58	51	34	42	32	79	5	32	63	3	32	33	62	70	46	25	70	35	13	44	44	15	8	27	41	49	69	57	62	16	68	23	11	14	60	41	4	19	26	12	22	18	53	35	43	45	31	21	28	24	16	37	34	76	54	29	66	38	39	34	80	28	61	7	30	
65	81	73	38	67	49	11	70	45	70	19	74	54	76	14	75	47	38	64	23	65	47	38	74	5	67	24	17	78	63	83	53	13	27	85	72	66	50	54	15	5	28	36	19	16	5	1	16	40	19	36	39	68	70	77	16	10	85	35	76	18	65	44	37	3	77	56	61	42	21	71	84	2	15	12	59	17	62	68	31	67	60	47	13	46	
27	15	1	65	85	74	38	58	77	71	68	56	42	31	55	7	52	48	83	25	64	13	36	18	75	12	36	40	6	75	37	69	3	35	14	78	67	37	8	51	11	63	9	76	46	50	73	16	61	26	71	78	79	74	33	49	61	66	44	19	57	45	42	22	63	43	46	80	77	44	39	52	23	4	81	16	5	20	84	47	72	49	82	17	23	
