35	41	46	54	59	74	1	32	15	4	82	69	54	30	33	64	29	67	55	25	42	50	6	23	5	62	12	6	56	6	84	58	53	60	10	24	46	9	53	16	52	5	81	60	75	68	79	16	47	46	38	2	9	83	64	57	57	73	13	26	33	11	38	40	23	48	61	23	14	69	36	58	71	29	31	57	17	64	27	11	22	62	18	70	14	
28	78	69	55	3	49	85	52	41	37	72	84	53	8	47	76	41	60	59	24	45	70	73	21	10	82	82	26	46	22	38	72	12	61	39	12	64	40	62	17	28	4	56	79	50	15	66	48	29	80	66	71	19	9	51	27	5	41	6	46	63	83	74	30	13	24	35	75	16	54	7	42	11	57	77	58	31	65	14	67	1	32	78	18	43	
79	81	80	32	41	81	46	37	65	69	47	1	58	34	55	63	77	8	68	3	78	77	26	83	43	33	82	30	66	8	22	57	43	15	43	84	8	44	31	27	24	32	70	36	20	35	54	9	40	34	10	72	66	75	68	21	62	17	5	42	65	25	9	23	37	6	14	84	48	84	28	67	29	3	59	3	38	24	11	30	12	58	16	75	2	
37	51	62	51	10	14	28	32	63	3	23	66	14	19	25	53	82	46	36	82	58	38	72	36	85	15	46	13	69	75	12	60	80	71	24	4	40	6	32	57	6	54	77	59	26	56	24	20	57	16	15	27	48	41	61	45	10	64	12	33	49	22	5	83	47	68	83	42	28	70	52	73	34	43	44	17	52	29	32	21	34	1	7	39	50	
18	36	47	76	45	78	78	64	37	73	66	17	68	19	42	7	69	27	80	65	26	7	29	3	37	48	77	35	5	25	29	20	58	31	8	57	63	40	79	12	28	54	71	48	30	23	52	50	6	46	32	28	9	54	28	40	56	16	33	58	81	13	32	10	41	37	62	59	34	50	70	54	19	49	57	82	39	67	51	38	72	69	11	66	83	
35	60	2	6	2	15	40	55	43	45	8	34	19	64	63	23	1	71	36	4	82	72	27	58	29	10	74	53	17	9	42	7	67	84	52	23	11	5	75	8	46	38	39	62	56	56	83	54	40	73	55	35	14	36	47	40	44	75	12	59	81	3	20	60	48	69	38	13	69	25	9	28	17	16	49	70	56	81	36	18	22	50	82	33	79	
82	28	34	69	72	46	63	71	62	77	65	42	69	67	66	49	73	6	64	30	4	46	84	39	36	4	59	36	40	46	27	35	71	16	58	56	16	75	81	32	22	59	74	3	80	7	49	23	10	67	50	53	67	47	5	15	4	61	5	43	68	29	31	45	84	1	55	12	33	8	41	51	70	67	52	10	76	54	37	35	38	44	2	12	78	
45	66	35	18	69	31	33	52	59	75	48	15	84	14	43	2	10	5	17	31	9	25	57	60	9	4	5	40	44	56	29	1	36	61	61	58	6	4	64	18	34	67	72	30	35	70	32	42	71	47	71	78	22	82	7	28	83	11	65	82	73	48	37	52	68	8	64	74	51	83	38	81	62	76	65	12	46	6	13	39	4	41	62	23	26	
66	49	20	30	68	56	48	29	6	54	5	11	73	25	16	68	17	9	42	79	29	51	38	32	52	22	75	79	81	11	18	16	14	76	44	36	1	46	62	4	12	21	54	82	43	67	62	58	31	58	53	57	19	45	43	24	60	31	59	55	81	28	24	50	58	65	83	57	23	61	58	74	75	69	70	73	47	85	85	33	63	64	3	29	7	
41	7	14	26	62	65	19	3	1	65	15	20	59	69	82	70	82	25	15	61	48	85	61	46	82	5	56	83	44	84	36	2	1	49	62	18	67	78	21	22	12	72	40	26	54	75	8	5	55	23	63	15	60	36	58	53	80	68	48	37	64	81	73	17	4	48	32	66	80	6	9	47	74	74	71	10	18	33	12	70	50	59	13	24	51	
9	29	42	74	31	76	48	66	61	62	62	63	49	36	56	50	30	15	37	58	39	30	75	68	69	56	72	39	51	6	43	56	77	39	45	17	27	44	80	42	60	54	64	21	45	71	26	73	39	18	84	79	1	70	55	66	38	82	67	42	85	15	52	28	51	53	42	32	46	34	28	19	43	2	79	3	78	17	81	65	31	22	47	29	5	
57	49	82	51	21	79	5	33	43	30	38	4	26	67	6	57	50	20	12	47	54	9	69	25	32	83	10	11	43	78	11	55	40	48	59	58	39	18	46	80	2	41	37	25	19	38	36	22	13	3	23	64	51	49	43	81	42	51	7	44	41	52	5	35	14	24	8	4	45	6	84	74	53	71	15	13	63	56	32	73	58	53	17	16	11	
4	43	7	52	84	43	47	5	2	80	55	17	40	56	4	44	5	75	38	30	41	49	6	42	35	33	37	85	79	84	51	80	81	12	44	34	53	45	36	52	82	4	24	31	14	69	28	17	12	64	44	50	67	4	1	14	39	77	54	26	74	59	60	67	70	58	13	33	15	48	46	8	5	18	35	61	82	19	29	6	79	30	10	15	32	
49	26	18	38	34	83	24	5	55	45	71	25	55	58	39	56	52	84	15	67	73	71	62	3	12	23	36	37	29	48	21	33	29	40	68	60	32	46	63	85	3	5	64	57	58	14	66	27	11	79	2	80	19	19	41	30	38	72	20	22	32	42	51	16	28	74	72	17	32	47	53	33	4	31	43	64	44	21	45	4	13	78	38	75	9	
73	11	1	14	70	61	85	62	67	12	2	53	81	14	40	83	64	69	84	5	24	13	85	4	47	42	51	80	34	34	44	62	43	41	73	66	56	71	40	35	36	81	45	29	7	79	68	25	17	20	69	39	30	22	78	32	63	41	26	50	72	64	27	68	59	9	46	27	37	40	18	75	34	15	49	6	46	28	60	74	45	48	54	29	19	
44	58	33	82	36	80	25	12	16	4	26	64	5	7	9	42	21	29	30	73	76	23	32	58	81	5	57	75	56	83	5	13	11	36	48	44	28	69	14	84	28	34	60	30	37	24	26	15	50	54	85	38	31	69	52	23	71	19	52	1	57	55	47	22	45	7	20	27	35	39	23	56	17	81	40	8	18	63	17	41	74	54	43	46	77	
61	76	60	35	41	53	46	50	54	65	7	58	39	31	43	22	9	53	40	44	5	39	15	24	10	34	48	18	45	62	8	18	6	21	51	43	28	52	47	79	27	8	10	63	37	49	82	85	13	71	41	57	66	55	34	29	83	80	2	40	11	6	12	11	67	16	52	14	63	56	42	44	59	46	19	50	57	56	64	13	81	3	68	58	17	
56	42	2	48	43	81	54	1	5	20	65	18	69	27	35	76	65	76	47	22	50	10	65	19	11	33	53	7	13	24	53	23	63	53	26	58	3	34	56	6	51	36	63	32	58	53	64	77	41	22	12	4	71	30	60	78	17	26	40	28	8	9	5	21	55	28	33	13	59	1	61	25	74	75	9	44	40	70	75	79	46	40	37	29	25	
51	19	39	31	56	21	32	59	23	7	68	48	37	78	61	77	48	81	64	36	45	62	30	68	50	24	26	2	12	52	25	60	69	63	3	38	79	74	8	14	35	31	16	26	22	76	15	24	27	82	14	28	51	42	4	55	17	29	54	34	77	80	40	58	6	83	53	84	70	13	50	57	41	20	85	18	49	9	1	70	43	5	48	44	10	
50	10	56	75	61	79	21	6	73	77	9	67	81	45	47	5	49	16	43	66	51	13	28	55	4	51	47	48	12	2	2	17	9	57	45	68	4	63	28	76	52	77	54	46	34	56	7	37	26	45	18	74	12	82	83	55	3	42	15	53	41	56	69	4	24	23	25	26	84	50	58	5	81	21	8	27	31	11	18	14	6	79	85	57	70	
35	24	24	33	78	75	26	46	10	27	25	72	6	48	28	54	15	28	49	75	74	29	61	33	1	70	36	71	22	47	7	11	68	28	40	58	16	62	58	64	43	80	48	50	82	73	54	12	53	55	39	79	37	56	24	35	78	14	18	12	59	23	20	38	5	13	50	19	29	63	44	69	55	41	69	51	20	36	17	30	3	6	21	81	57	
81	27	48	7	84	13	62	60	72	54	63	82	58	33	23	33	66	47	42	15	27	3	74	17	13	56	61	58	71	52	28	65	76	29	30	31	38	43	1	64	53	61	18	22	48	36	9	26	35	48	80	19	5	23	32	59	77	3	34	20	52	10	79	82	37	59	67	39	21	64	46	68	83	70	41	39	50	2	19	84	47	54	10	6	74	
80	61	19	81	2	33	2	51	24	39	83	81	16	65	49	34	24	66	25	37	17	19	82	58	77	75	59	43	39	63	71	32	36	3	67	77	35	23	40	11	16	78	46	30	12	8	61	76	28	41	24	85	14	20	55	4	6	27	85	5	2	68	71	79	25	7	67	15	27	62	21	41	52	21	26	69	26	42	48	8	84	29	9	4	44	
58	47	3	82	44	85	38	67	68	27	4	29	48	55	11	22	72	6	70	5	28	1	70	65	3	76	13	27	78	56	69	5	15	67	84	59	22	34	37	44	16	79	71	61	46	79	80	72	39	20	33	64	62	14	2	59	45	50	41	77	19	61	81	31	83	34	6	17	64	75	15	82	23	7	8	24	32	85	52	71	59	8	85	35	49	
38	44	4	85	82	35	16	12	26	46	7	13	84	63	75	72	76	21	49	28	68	70	14	66	33	35	79	65	33	23	24	25	64	67	22	15	14	36	66	81	78	28	5	74	3	34	17	39	10	62	19	77	1	27	10	73	16	2	49	3	29	70	25	41	50	45	8	18	35	30	54	25	55	55	53	11	43	31	42	50	40	12	48	79	80	
45	63	6	1	66	7	62	48	71	13	52	28	61	25	60	2	74	39	10	83	47	18	39	26	14	2	60	23	80	51	13	36	68	59	76	46	20	50	49	3	18	15	29	76	77	43	32	64	37	39	62	81	11	52	17	23	53	31	43	41	79	11	32	16	69	19	65	44	24	19	45	40	71	25	69	21	65	16	35	22	6	9	49	56	12	
20	76	59	48	74	54	81	82	82	9	18	56	22	57	77	38	51	28	64	75	51	78	7	18	25	60	21	70	21	31	79	38	23	8	40	6	59	33	42	11	39	57	26	58	67	10	50	30	77	68	57	40	16	61	12	41	33	76	63	8	15	14	43	32	58	80	35	72	67	35	80	24	44	13	34	21	62	35	19	8	17	65	4	28	84	
11	21	21	80	38	27	7	46	25	79	59	59	70	43	38	12	35	11	51	2	81	27	18	28	30	65	40	44	64	65	32	29	40	9	63	75	74	67	76	10	58	47	23	81	4	16	5	34	66	53	77	58	78	5	42	61	68	77	60	85	11	6	26	49	15	1	82	37	22	69	3	35	31	22	33	36	83	72	12	55	37	84	68	71	45	
20	84	64	51	57	61	17	15	41	19	63	81	10	13	58	73	12	7	53	31	72	74	63	56	84	30	47	38	52	70	78	26	24	54	74	77	70	47	4	65	61	65	59	68	32	29	11	41	73	66	26	60	4	1	67	85	71	69	35	77	51	67	16	72	33	2	18	57	44	62	37	62	81	48	82	25	31	5	20	23	21	43	27	22	84	
48	61	67	28	8	16	33	72	27	59	60	26	75	71	24	6	60	38	84	20	33	21	5	77	39	60	11	35	84	71	31	1	44	52	69	7	65	14	33	1	28	49	66	15	31	45	60	46	80	56	22	25	74	22	18	66	81	64	17	35	47	85	32	3	48	55	7	68	66	40	64	6	42	84	61	67	41	32	25	76	42	51	55	73	23	
24	48	10	85	16	83	44	12	69	2	14	36	48	77	56	40	11	60	78	48	75	56	44	61	35	32	58	31	84	41	47	21	42	11	60	55	6	59	22	72	62	75	20	18	64	74	13	28	3	2	73	31	15	29	46	5	19	23	30	54	53	31	33	7	43	1	17	85	57	35	71	27	25	45	85	49	72	52	26	29	51	50	63	17	76	
58	16	46	71	1	12	78	30	38	40	23	79	54	21	48	43	45	31	20	6	68	14	33	32	34	54	39	81	67	52	26	37	22	69	20	62	36	53	46	28	5	66	18	56	41	63	11	83	46	70	39	29	82	21	13	28	72	48	64	51	54	2	42	30	25	59	5	23	66	49	39	76	68	11	47	32	35	2	61	75	73	52	55	65	70	
63	45	12	65	20	17	73	61	56	15	40	69	18	51	48	19	44	28	85	52	21	61	77	22	37	25	41	39	67	26	63	84	59	72	62	34	43	3	50	11	23	1	78	72	6	80	4	5	20	48	11	36	16	2	8	7	58	47	80	38	24	56	76	33	82	6	64	46	9	66	49	20	67	78	54	24	70	53	26	57	44	34	35	57	74	
41	14	1	42	6	36	57	59	66	85	54	70	17	46	73	79	4	48	12	38	6	33	61	7	13	18	49	1	8	60	30	46	71	28	42	32	18	11	3	82	50	11	63	64	11	5	13	16	51	22	4	10	52	62	14	19	78	17	21	83	75	44	83	59	27	81	44	43	2	45	36	9	10	53	68	65	12	78	31	16	15	29	23	20	24	
77	34	36	6	5	72	78	4	24	6	28	15	47	67	57	46	57	61	11	64	83	69	76	72	9	2	38	35	65	10	77	54	83	68	66	85	51	5	43	73	8	70	42	9	13	11	53	16	74	18	78	62	41	21	3	47	67	81	36	39	44	67	48	39	49	17	79	10	63	34	40	23	56	76	29	58	84	37	75	24	52	19	37	50	37	
37	5	53	72	80	5	27	63	49	63	19	21	11	68	35	84	16	55	52	47	85	23	1	73	49	61	78	22	10	36	13	3	82	63	70	73	23	54	2	26	69	60	85	77	39	33	74	14	85	81	11	37	57	8	63	18	66	53	79	31	43	4	30	42	64	54	71	6	20	65	22	7	35	62	31	29	6	59	78	9	51	15	83	20	25	
54	77	27	61	68	55	17	69	39	8	2	5	68	83	21	1	59	60	75	33	3	16	36	59	6	79	64	46	28	81	50	79	70	32	10	51	40	24	73	76	29	73	35	51	68	10	49	82	25	37	71	25	7	59	38	10	8	57	11	33	56	15	66	33	44	76	37	40	51	23	67	34	8	14	84	30	22	43	72	43	41	47	22	42	62	
15	2	66	69	11	57	74	22	31	18	20	59	12	53	22	30	32	10	77	85	4	61	19	1	40	17	32	41	78	27	14	47	64	34	71	72	84	56	47	29	28	63	43	35	70	60	19	21	68	50	12	26	24	73	25	18	46	11	58	75	73	33	33	51	56	28	36	53	69	35	39	9	13	73	3	35	4	15	49	37	63	16	52	41	38	
27	56	75	77	66	18	62	7	49	24	14	19	12	22	44	44	53	5	8	80	1	40	36	57	41	58	73	7	60	26	45	41	37	71	31	14	43	4	59	5	68	25	62	34	43	17	33	50	61	37	42	59	32	75	69	36	2	54	31	63	35	27	13	67	52	81	38	9	43	50	51	20	72	74	51	66	81	82	28	54	71	24	70	64	55	
49	82	53	57	67	66	4	48	33	25	56	26	15	15	20	59	63	37	82	43	42	60	78	76	42	1	17	64	68	71	71	69	26	79	38	43	58	81	45	43	18	11	24	39	23	41	44	47	33	40	46	30	53	28	60	50	68	74	70	45	14	51	68	75	40	21	72	51	54	29	6	68	48	27	55	15	24	10	53	61	5	7	79	12	70	
52	14	50	79	79	51	48	41	29	35	36	2	20	84	51	47	44	74	39	26	40	7	46	3	57	53	45	14	44	11	48	50	21	85	83	54	3	49	50	75	76	83	73	50	38	76	55	34	19	85	58	12	4	57	56	15	22	12	68	23	61	18	70	37	60	63	3	62	19	59	42	64	2	66	11	42	54	69	67	70	16	78	44	56	65	
5	30	67	56	7	85	29	64	22	63	33	40	63	3	59	68	84	59	67	63	69	15	71	79	36	11	4	68	47	15	70	46	38	7	13	83	8	39	60	66	56	6	19	75	47	28	54	44	85	34	19	20	2	10	14	77	12	55	15	52	24	82	10	61	1	63	16	45	58	68	23	26	73	80	57	72	21	19	32	62	9	49	76	48	18	
40	79	8	49	6	19	70	43	63	83	41	38	7	83	10	72	60	72	11	9	36	79	31	9	20	38	54	16	73	14	13	62	48	64	23	51	71	48	6	46	44	2	39	47	42	85	34	12	69	39	21	58	73	84	64	11	76	72	61	13	1	70	75	1	51	50	49	67	9	12	67	52	51	22	9	4	15	45	53	37	32	26	7	59	64	
25	16	52	10	73	62	48	13	3	46	11	50	49	72	56	14	51	18	61	24	27	63	36	20	68	71	2	6	75	15	67	55	28	74	62	16	5	64	64	7	22	69	53	25	17	63	37	59	79	51	80	65	70	70	29	47	53	78	50	84	82	76	8	24	58	66	77	60	42	55	80	18	85	70	45	83	46	30	54	40	79	4	49	57	31	
32	17	35	15	21	30	9	5	76	71	60	54	21	35	50	65	55	22	52	34	59	47	79	44	55	66	35	12	69	46	36	14	60	68	25	35	52	73	38	40	13	9	48	26	80	53	44	84	71	57	29	85	51	58	41	62	82	33	27	60	77	59	28	2	82	10	76	3	34	31	83	45	75	85	23	66	56	21	63	75	36	45	72	30	61	
67	44	49	51	71	63	79	81	45	78	75	49	24	32	80	46	27	78	33	25	56	52	29	31	70	16	14	68	1	38	39	22	80	42	72	19	16	65	9	59	9	40	62	37	69	55	76	7	2	60	71	13	24	12	43	4	26	49	73	66	41	61	85	75	17	68	4	70	47	10	83	50	46	57	35	74	77	20	29	82	83	18	75	54	64	
70	13	5	73	36	67	27	10	20	14	21	85	57	45	83	66	40	43	65	11	73	45	34	47	28	50	77	42	80	44	15	62	54	56	48	48	76	29	51	8	84	27	49	52	69	46	71	22	81	5	72	24	55	13	26	31	18	22	65	12	16	34	77	25	53	75	63	35	12	68	79	7	6	39	13	78	77	1	58	28	2	74	19	84	3	
70	25	56	39	46	63	49	32	47	22	74	70	38	60	80	18	52	41	63	45	8	48	34	43	51	16	42	37	61	76	76	44	55	44	79	12	20	82	83	19	57	69	1	8	52	35	65	53	30	58	5	35	3	78	75	6	49	67	50	22	13	31	63	66	70	11	31	54	4	26	60	59	8	64	20	4	68	82	7	77	35	8	69	80	40	
10	78	9	74	75	64	84	56	80	18	81	3	46	37	51	26	54	58	73	23	76	76	25	27	77	55	60	45	33	3	34	40	36	77	68	63	49	64	35	41	36	28	41	83	59	42	18	23	12	45	1	43	32	65	66	63	32	80	57	62	80	5	61	70	31	37	47	78	55	36	48	4	69	27	38	67	29	13	3	44	52	53	70	52	19	
53	15	51	83	24	65	34	66	77	16	10	25	23	85	34	45	70	35	10	54	29	74	80	33	31	56	84	28	39	32	1	42	2	4	37	21	67	66	85	13	38	50	36	4	47	22	45	71	55	9	34	41	40	59	66	25	27	62	48	63	55	47	63	44	48	52	20	69	30	59	78	18	20	67	20	68	1	64	3	10	26	46	56	61	6	
63	38	29	78	84	47	38	85	60	36	2	22	10	26	52	66	58	21	83	79	43	17	34	54	15	41	77	3	38	7	4	55	1	72	46	38	72	42	39	44	28	76	64	40	56	66	14	31	84	59	20	34	21	49	45	33	44	75	75	48	37	35	3	53	18	5	68	43	49	57	85	65	45	19	56	14	82	65	80	50	71	55	23	8	55	
64	77	11	50	65	1	83	9	43	70	67	44	51	63	36	20	60	54	18	32	20	71	68	40	63	14	66	27	35	67	80	52	14	45	56	76	42	8	39	43	75	58	38	41	33	71	10	47	82	26	76	55	9	57	6	70	24	69	53	13	5	85	72	16	84	73	46	81	79	82	34	66	60	67	62	85	7	74	84	2	4	73	59	52	13	
12	80	19	34	39	30	82	78	48	49	74	32	7	66	65	43	13	1	8	35	57	45	37	75	41	74	76	69	38	40	63	2	72	37	77	21	21	67	15	65	30	40	51	33	18	81	73	29	69	36	14	79	42	42	68	43	28	20	10	19	6	41	22	84	62	49	50	37	31	16	56	11	54	61	82	71	44	25	46	67	59	58	60	47	52	
37	73	74	2	37	5	5	19	63	31	78	24	76	69	7	3	37	14	50	11	10	75	9	30	71	74	43	33	44	85	79	38	27	22	77	61	24	79	82	42	64	26	20	53	49	24	12	83	36	14	48	83	81	60	25	63	41	21	50	40	60	84	29	84	20	18	15	1	51	46	77	27	28	9	39	72	34	41	25	32	52	35	14	4	79	
78	19	76	11	67	68	30	19	8	21	76	65	74	28	70	75	18	10	13	63	83	39	6	36	17	64	42	47	77	42	81	22	61	60	73	79	82	9	12	44	71	84	22	56	66	4	43	33	54	10	8	49	46	53	85	17	31	37	56	59	34	42	38	5	57	20	80	51	27	45	14	15	83	72	24	59	40	58	4	83	23	51	41	22	29	
75	37	1	66	47	14	11	44	47	53	12	65	2	17	46	44	67	13	39	48	25	10	70	36	54	15	62	59	7	32	33	79	73	30	14	67	81	68	23	45	30	32	60	71	4	61	28	65	65	69	64	43	29	1	77	38	13	3	7	18	31	34	51	55	16	19	39	52	81	9	5	65	40	19	50	81	80	30	74	10	7	76	51	78	82	
82	23	40	38	76	20	23	58	17	72	29	33	58	79	68	67	37	2	56	10	5	53	83	34	60	47	36	49	10	65	33	48	43	35	81	25	37	19	37	51	45	63	41	55	57	61	31	44	62	40	52	63	43	3	7	16	50	82	66	12	69	48	59	15	73	12	37	64	26	28	69	21	5	77	70	13	36	14	53	7	8	16	71	48	22	
29	60	63	22	75	28	80	77	38	10	62	42	82	80	17	22	19	31	66	76	14	74	23	66	44	69	71	9	4	73	35	29	46	39	48	78	68	81	65	15	84	81	11	35	72	25	16	45	56	74	32	21	17	13	20	53	75	26	24	79	12	37	18	11	30	20	40	49	13	27	31	51	8	27	42	34	49	48	33	57	85	61	75	5	36	
30	12	12	9	26	43	17	17	18	67	44	35	25	6	84	74	22	49	36	46	84	24	50	2	53	61	32	26	11	35	52	34	44	19	80	24	55	10	38	31	33	37	54	4	40	8	75	59	57	22	59	6	85	63	47	51	78	79	30	81	65	33	68	64	45	60	85	56	28	78	76	54	27	1	6	73	5	34	77	15	10	13	14	7	23	
15	54	13	4	81	6	66	26	27	42	68	83	82	80	17	78	65	23	14	62	65	29	21	11	18	31	18	63	83	28	82	11	74	8	55	67	53	76	48	78	72	28	75	65	60	47	6	36	19	15	56	44	82	71	49	12	16	63	29	51	39	24	59	68	77	25	51	35	53	5	67	37	72	10	17	85	9	61	34	25	69	41	64	20	73	
65	71	34	84	12	82	31	74	53	10	57	32	13	45	85	55	25	73	81	32	2	79	38	14	67	17	80	62	36	10	40	50	78	75	42	44	66	27	30	77	77	43	17	45	83	53	51	24	38	1	6	75	8	83	9	13	15	32	72	3	79	26	46	26	10	42	69	28	67	52	16	13	7	67	58	5	74	18	59	68	19	20	11	49	21	
48	53	65	75	79	62	23	15	64	5	69	27	28	44	81	75	14	48	34	74	11	31	20	64	45	84	30	60	46	72	28	8	77	6	79	26	22	57	80	83	59	54	52	81	55	2	25	59	48	57	3	56	47	18	74	1	53	24	13	15	42	81	17	73	41	49	10	60	61	2	12	32	16	21	65	62	19	45	36	61	29	32	75	10	4	
59	48	54	3	59	22	67	11	75	52	47	37	59	61	9	16	25	79	24	39	13	81	53	62	67	26	23	11	9	33	17	63	83	21	4	4	41	68	10	26	32	12	17	48	69	65	58	8	56	38	43	24	72	8	34	56	73	11	69	79	40	27	12	71	46	13	28	47	36	77	60	21	45	31	64	24	14	76	70	19	66	31	42	51	85	
31	18	59	36	77	7	35	51	19	52	13	68	78	84	15	24	56	33	63	84	51	42	46	81	26	62	63	4	56	29	75	81	79	5	28	20	7	12	66	67	60	30	44	6	21	56	27	31	1	44	34	8	83	32	84	22	2	58	71	14	32	50	9	19	11	82	31	16	81	17	28	53	71	73	25	23	37	37	38	77	39	14	40	30	41	
34	3	81	44	63	8	73	68	9	47	71	39	31	38	30	77	62	37	60	43	49	61	35	39	7	67	71	19	16	55	11	51	55	10	46	73	7	32	52	55	37	36	4	60	27	77	49	1	22	21	84	33	80	72	23	42	54	42	14	20	17	21	65	20	22	70	5	27	12	53	82	79	43	37	66	67	25	57	66	85	74	24	62	26	3	
77	62	51	37	70	69	2	45	2	11	64	64	14	45	27	21	79	63	71	29	30	41	8	78	59	1	20	75	70	40	76	6	56	81	82	78	18	69	44	60	40	55	78	85	53	17	19	1	32	30	74	53	25	71	84	37	33	65	28	4	10	57	2	26	7	33	52	22	14	42	34	3	49	34	84	15	81	66	68	31	47	36	38	67	72	
33	51	84	85	83	79	50	82	35	22	42	23	71	16	75	25	47	74	72	69	27	43	63	37	5	85	81	82	72	1	53	14	49	49	54	80	2	15	28	72	77	67	7	59	5	3	38	4	67	19	65	48	11	6	80	58	34	21	51	19	62	14	36	23	61	39	54	55	8	36	10	78	15	9	11	52	79	40	43	12	13	60	14	27	52	
6	75	41	67	35	58	40	47	40	60	61	74	68	70	34	17	64	24	71	19	31	75	51	65	72	60	33	1	76	52	9	39	81	44	11	28	13	48	29	18	63	45	50	1	68	78	56	2	3	42	18	73	69	66	15	10	84	36	8	21	41	12	53	43	53	22	23	20	18	85	25	35	82	15	32	63	3	1	62	36	80	77	26	18	14	
63	31	6	53	72	70	6	81	74	36	3	83	8	21	62	45	85	4	41	12	74	19	10	29	73	78	65	20	14	79	30	27	57	75	75	41	54	77	34	36	67	76	76	28	9	83	70	49	5	21	15	69	33	56	59	60	47	27	37	10	66	18	35	28	21	63	24	13	55	11	3	80	84	32	14	48	27	7	16	64	57	23	45	58	81	
55	16	77	75	9	82	51	20	70	28	65	45	50	75	52	57	32	40	52	18	7	12	42	43	61	18	15	77	19	53	23	65	25	58	9	27	42	60	43	24	34	62	23	80	49	82	6	35	24	63	50	31	20	46	68	79	18	34	23	74	48	1	10	65	54	14	41	38	20	43	17	8	21	36	2	16	26	85	5	84	11	9	66	67	56	
7	57	25	40	33	23	31	70	59	48	22	28	85	13	45	80	26	51	2	16	4	20	76	49	17	72	6	24	7	74	30	9	80	53	1	29	19	26	54	32	73	31	58	24	35	57	21	14	63	14	27	63	68	64	62	39	4	66	32	2	46	44	50	38	56	45	30	24	38	19	55	60	39	65	27	75	34	41	43	8	10	28	68	34	73	
84	65	68	60	35	25	61	76	78	53	85	71	72	59	8	84	75	11	77	49	35	17	81	74	55	80	32	73	18	58	16	15	3	34	29	25	57	1	56	47	51	51	23	2	62	6	26	43	78	17	82	32	30	26	51	83	18	4	17	7	8	30	42	9	57	67	61	70	39	33	19	71	36	81	13	14	23	37	50	10	20	81	77	37	27	
37	67	77	41	40	64	77	62	79	74	73	82	45	52	17	28	25	85	57	18	12	64	35	5	59	3	7	10	70	80	27	24	58	62	4	9	77	83	25	50	19	53	47	17	16	58	42	38	14	11	10	66	26	84	63	39	37	63	4	27	18	32	78	69	65	36	29	29	68	50	81	43	15	82	55	76	45	21	61	54	60	33	70	55	63	
43	77	15	60	85	71	67	65	18	17	11	52	27	79	74	32	68	27	1	53	80	24	54	44	82	61	67	62	48	11	37	83	4	47	12	33	73	34	55	2	33	9	51	14	85	84	43	40	19	5	30	53	20	79	57	64	51	25	29	49	30	21	1	72	65	26	54	50	42	18	5	29	59	23	46	60	6	38	39	61	34	58	28	10	8	
36	20	16	58	84	59	37	18	57	16	39	21	29	40	17	81	41	44	46	49	38	65	49	72	2	27	59	15	6	19	59	43	32	68	47	28	80	84	42	9	42	32	67	64	71	78	60	21	75	51	25	45	21	74	51	66	48	23	31	6	50	2	54	25	26	77	56	21	13	51	62	52	33	35	70	22	68	34	73	63	53	10	34	68	78	
83	73	85	60	58	84	53	56	81	76	34	30	80	47	29	81	61	34	26	7	17	35	29	6	20	8	44	27	72	51	59	65	5	11	79	49	6	51	16	78	33	48	9	25	63	1	20	66	21	43	67	35	36	9	37	47	52	38	39	32	45	46	55	27	48	40	72	57	37	60	83	70	45	50	65	48	33	19	23	51	14	44	62	41	54	
31	46	55	62	67	32	9	73	32	81	23	75	60	28	64	15	65	42	14	27	44	59	52	56	79	57	67	36	20	66	41	45	17	1	53	39	77	15	18	15	4	76	61	17	24	8	29	35	7	82	68	47	54	67	48	49	73	70	76	80	43	71	73	19	34	79	58	9	10	21	65	63	9	13	69	84	28	50	9	72	40	25	48	11	78	
8	3	21	30	42	13	71	16	44	39	43	31	2	2	77	60	78	80	69	30	55	80	3	13	2	59	9	60	23	51	54	64	51	24	6	82	34	30	52	33	70	46	14	27	44	48	38	62	38	25	4	5	49	4	65	5	20	62	74	71	76	66	56	31	12	15	73	77	77	32	16	17	73	79	33	81	27	68	10	1	37	11	67	40	47	
76	50	17	8	18	2	73	79	1	58	35	6	41	23	1	66	80	5	9	60	77	36	84	15	38	58	16	78	77	43	38	66	39	8	27	52	5	13	85	4	74	32	55	60	10	11	40	3	4	1	61	31	34	68	85	26	25	5	13	56	85	7	76	46	10	29	42	13	67	39	57	12	30	24	63	33	54	53	82	51	52	45	36	53	10	
34	59	75	5	69	3	75	28	82	64	35	7	19	4	22	13	12	26	35	68	38	27	39	3	8	6	9	17	74	12	19	19	16	43	49	82	44	35	67	69	12	14	21	70	53	40	79	63	17	72	43	52	45	74	53	7	29	16	9	11	20	60	71	34	23	30	65	10	25	41	70	77	7	33	53	57	83	46	31	36	76	71	65	25	58	
69	29	83	40	48	46	55	49	27	38	17	11	56	21	31	52	46	11	16	4	61	67	84	63	52	51	50	36	82	18	48	53	44	2	1	35	45	20	37	23	85	51	30	53	28	13	59	27	24	75	36	37	58	76	11	14	74	6	3	52	21	5	15	16	42	54	7	37	19	38	66	14	47	40	22	67	60	78	57	26	59	37	73	62	68	
68	32	37	23	4	9	37	75	51	8	70	60	52	18	73	8	28	3	83	71	60	22	2	50	65	8	69	21	22	39	56	49	20	3	64	3	46	53	33	46	66	13	18	67	26	54	61	55	84	24	71	59	30	11	60	17	57	35	55	76	27	36	30	47	65	62	2	63	29	38	26	30	80	75	83	77	33	12	66	34	25	49	82	7	15	
54	55	67	43	21	60	68	41	42	66	60	41	65	32	53	6	5	22	44	77	62	13	64	25	76	7	2	79	49	7	6	49	75	70	50	81	78	26	72	71	4	3	25	23	31	20	27	80	45	27	24	54	35	83	82	19	59	75	16	38	36	53	57	8	38	1	37	64	73	64	47	25	63	83	45	56	85	26	40	75	48	14	40	74	67	
71	47	22	14	13	82	52	80	78	23	49	76	84	29	12	61	69	77	77	8	33	37	38	59	27	25	55	36	21	45	83	56	42	46	55	50	77	58	66	68	65	28	15	13	51	21	30	74	8	28	74	82	51	69	16	34	3	60	75	64	53	19	18	11	13	31	26	48	80	79	24	10	57	34	36	62	42	47	6	66	58	38	53	63	12	
13	8	23	64	28	29	36	2	46	82	52	43	42	9	18	72	81	30	45	70	6	58	67	84	61	77	19	25	83	72	20	1	34	73	21	16	10	7	17	7	79	22	30	38	74	50	58	56	33	11	26	68	27	47	71	3	85	39	85	72	54	62	41	1	35	44	10	53	52	76	1	5	79	37	48	31	51	32	66	7	49	40	68	69	11	
