74	36	30	72	33	51	63	40	68	11	45	9	49	41	66	50	43	65	45	42	7	10	44	45	85	19	64	22	18	71	43	5	7	1	75	37	48	7	76	71	15	73	34	62	68	12	66	23	75	67	62	38	73	20	78	27	76	13	3	48	39	85	52	40	83	79	74	2	83	17	68	53	3	14	69	68	24	4	46	53	70	20	6	9	80	
33	33	66	41	75	27	74	73	31	27	68	23	13	22	60	28	3	25	70	56	48	50	34	51	8	84	71	68	39	78	15	69	65	78	24	53	59	9	80	45	75	17	22	85	36	79	67	81	61	49	47	19	54	35	66	16	76	50	38	26	82	52	55	62	83	29	72	11	77	18	57	63	30	72	58	64	21	79	10	83	1	2	4	6	5	
71	61	73	75	12	52	69	16	55	82	11	78	18	62	63	30	69	36	57	54	48	74	29	81	38	18	76	5	22	36	46	5	10	77	34	19	79	15	74	47	53	40	37	24	14	54	51	80	44	62	3	4	5	31	41	41	1	70	85	21	19	2	65	26	72	12	84	18	66	70	64	30	23	56	51	83	20	58	68	61	32	68	25	76	59	
57	71	50	81	68	68	12	65	46	77	4	55	73	19	33	13	36	18	74	1	23	62	60	77	84	34	63	21	8	9	70	20	76	33	14	56	13	64	75	13	54	33	66	81	6	53	48	39	25	35	80	45	51	52	77	47	40	9	22	2	58	4	24	44	34	72	54	3	46	83	12	11	28	32	5	73	82	49	25	61	38	59	18	85	65	
49	1	60	12	20	59	65	21	75	21	10	14	29	9	57	24	60	66	6	4	24	77	40	27	56	13	62	27	71	17	46	74	15	18	84	74	76	61	49	19	37	58	30	63	19	41	42	77	22	45	35	81	34	30	23	2	40	38	68	65	51	28	52	25	43	48	7	72	64	53	44	12	67	28	31	80	66	69	26	39	26	16	32	70	46	
7	57	37	42	38	14	5	62	63	23	58	65	68	84	41	33	40	50	51	66	77	85	1	58	24	37	82	78	24	10	32	28	63	67	67	55	34	70	71	10	47	84	72	27	80	25	15	74	30	63	9	61	60	8	32	39	43	68	26	20	31	12	46	48	75	25	16	22	49	41	73	13	37	17	33	29	79	2	16	19	64	22	81	76	69	
63	25	66	85	5	83	70	15	41	31	44	64	44	20	67	82	3	73	74	13	60	57	44	59	27	61	75	47	6	63	71	24	42	48	65	44	45	46	56	39	74	14	57	72	30	37	23	73	26	9	40	36	64	81	49	3	10	43	4	13	53	72	76	7	74	11	48	77	52	62	24	80	29	78	21	10	69	41	84	45	8	32	78	28	25	
39	23	74	29	67	85	79	8	30	40	36	36	43	21	42	56	44	76	80	74	9	1	57	48	36	14	7	22	46	27	2	39	4	73	23	25	27	58	30	55	9	22	3	6	39	5	59	35	73	50	21	82	10	31	83	80	84	43	15	11	67	16	35	68	12	60	49	24	66	75	33	72	50	34	75	13	72	17	37	62	50	18	19	9	81	
43	2	75	83	14	71	19	67	61	41	63	70	1	41	48	31	71	74	78	59	61	79	43	18	64	55	65	72	16	29	62	13	28	6	50	81	32	66	17	5	20	77	72	60	73	75	3	13	68	79	69	77	25	76	7	4	76	27	26	47	54	42	57	35	45	20	80	74	40	84	76	15	33	18	82	21	49	72	30	20	22	49	9	44	34	
56	83	59	80	21	18	2	60	29	34	17	46	58	47	41	54	76	52	81	6	36	51	50	21	31	25	38	77	73	35	60	41	30	31	33	48	3	32	62	29	22	33	39	75	76	68	83	65	37	40	26	66	82	30	42	67	53	44	13	37	69	70	33	8	55	20	9	12	50	71	43	24	14	23	12	4	3	57	27	74	84	45	9	49	28	
47	10	34	35	21	25	12	45	55	59	55	73	65	64	77	3	57	13	14	77	66	55	78	26	31	67	60	29	70	4	54	72	11	85	19	71	22	70	30	75	41	38	17	61	15	6	18	26	16	71	20	35	39	48	15	23	23	74	49	50	73	21	79	39	24	46	22	76	31	5	18	27	40	32	42	9	36	54	32	5	37	44	80	30	7	
6	50	65	76	13	67	18	66	9	54	33	53	31	19	36	33	34	14	28	20	8	35	52	16	21	11	8	19	3	35	22	48	39	38	36	5	59	10	69	66	60	14	32	3	72	21	77	24	74	17	35	79	4	41	12	21	7	55	36	49	2	9	15	80	45	84	40	58	5	23	37	63	75	25	20	59	39	26	30	68	21	27	59	64	29	
21	82	17	73	31	63	29	79	26	22	78	22	16	49	25	34	82	42	62	16	18	74	9	22	19	74	83	74	4	59	85	21	53	14	51	38	33	75	72	54	51	64	31	65	23	10	52	60	6	26	76	19	12	36	38	68	65	77	55	65	46	50	40	53	20	1	46	47	80	30	56	81	46	84	57	67	48	66	39	58	43	69	70	9	61	
60	74	75	47	81	52	48	1	47	55	17	45	12	18	73	81	28	22	40	67	32	61	26	6	54	74	46	75	54	53	84	27	81	72	27	76	36	71	72	37	38	43	41	4	59	22	39	41	83	33	21	29	6	44	31	14	30	74	2	42	81	82	61	77	66	42	19	56	67	3	48	16	85	82	62	56	58	11	9	54	49	68	78	5	24	
21	13	51	50	53	1	85	4	16	72	24	12	2	34	76	43	79	4	41	73	18	52	44	28	14	54	64	80	42	20	15	18	31	20	22	81	19	19	82	73	45	60	82	44	6	70	42	83	29	79	68	44	46	66	67	10	30	3	1	27	21	14	84	3	32	23	81	4	35	32	74	77	4	26	75	49	8	29	47	36	63	67	33	59	45	
11	66	30	51	64	11	67	32	7	66	18	22	16	61	10	2	47	41	45	27	71	6	33	12	48	21	29	69	51	85	68	16	20	13	70	39	60	84	25	65	62	40	40	32	17	49	73	15	1	30	39	72	76	26	36	78	3	19	59	7	23	43	28	79	4	82	27	63	81	50	38	10	44	75	81	14	77	74	24	76	52	31	14	42	83	
47	29	82	21	85	2	35	37	60	65	80	54	5	53	2	9	45	51	7	33	44	16	22	65	39	52	29	10	64	65	4	65	8	40	83	46	38	72	37	11	7	30	19	55	80	61	57	79	23	61	24	21	32	1	84	66	7	25	29	28	44	31	45	49	67	82	50	59	24	6	24	34	25	3	76	59	56	2	58	41	17	29	12	46	70	
44	67	73	23	8	11	65	36	10	25	57	4	28	71	26	24	49	50	3	43	80	16	51	79	20	36	9	3	81	52	69	38	73	12	58	79	62	35	70	69	16	80	74	40	21	8	61	66	12	18	63	5	31	68	81	6	17	44	7	53	55	73	2	36	82	14	27	56	47	8	39	59	45	61	54	60	66	72	39	76	84	56	83	75	37	
71	73	7	70	76	56	33	18	12	66	12	24	6	22	68	53	13	81	8	72	46	67	50	69	59	80	74	27	70	5	61	11	75	23	78	20	76	65	36	1	43	2	64	3	22	44	54	74	79	16	58	79	37	63	62	49	55	82	74	83	83	4	45	71	66	77	44	57	60	85	10	9	77	15	10	84	14	19	40	60	21	10	51	64	30	
66	25	36	59	11	28	54	55	27	78	34	16	35	42	67	25	6	31	55	74	38	20	12	10	14	69	37	63	75	13	2	53	36	39	25	1	18	33	53	43	24	41	56	13	40	77	76	44	20	46	69	14	18	79	19	29	17	57	5	48	64	3	12	58	80	76	60	8	21	60	47	84	61	22	9	5	50	83	43	65	81	67	74	15	57	
48	38	29	55	81	72	74	39	38	42	29	68	5	35	2	20	35	40	73	5	4	74	49	41	71	25	34	50	11	42	63	13	36	2	66	70	29	51	21	21	6	47	2	52	35	43	65	67	80	50	74	83	78	30	34	62	12	22	66	18	19	39	75	50	81	53	74	64	11	7	82	54	51	85	15	44	36	37	23	71	45	1	69	31	76	
53	45	78	72	23	50	3	16	33	8	9	78	79	70	43	41	65	10	46	15	64	84	49	52	16	32	3	56	50	30	81	57	71	28	84	49	77	41	61	63	46	68	11	80	7	50	75	26	14	34	39	32	72	42	82	84	73	82	12	75	66	47	48	5	71	83	51	59	36	23	76	37	54	83	74	50	2	58	85	59	3	4	85	1	20	
36	25	45	74	74	33	49	34	32	51	15	27	13	28	60	76	16	9	33	53	77	37	54	47	65	20	5	43	60	31	61	8	10	19	79	39	6	81	25	35	46	37	18	12	19	73	42	75	36	77	39	26	64	45	29	41	20	71	82	78	56	12	39	21	30	71	57	38	67	80	18	22	70	40	73	48	59	42	29	7	55	22	72	31	66	
53	27	38	78	22	27	4	30	64	22	12	4	33	80	69	66	11	42	5	81	28	45	51	13	28	15	19	4	82	4	23	2	29	58	77	3	82	36	31	15	14	83	17	41	74	39	62	81	84	63	32	59	62	85	23	44	46	39	47	37	40	65	78	24	35	25	23	71	57	8	42	65	1	12	61	28	6	34	43	77	53	7	48	68	9	
68	25	41	61	24	32	56	1	65	76	75	85	53	16	54	15	11	77	55	62	47	81	63	35	17	9	41	64	54	66	14	77	1	9	52	64	39	60	20	18	48	7	57	56	67	20	69	27	48	36	43	49	29	19	40	83	66	78	56	33	53	71	70	8	74	68	73	67	42	2	35	44	50	4	11	72	61	38	46	79	66	3	25	51	59	
61	3	37	7	12	23	58	35	84	20	62	21	44	41	59	85	31	13	4	71	63	65	1	9	23	64	30	24	1	76	35	14	31	69	18	40	5	30	73	43	8	3	67	46	41	32	1	28	2	1	10	59	66	50	22	40	25	49	17	62	79	49	33	27	31	47	26	75	30	42	34	32	43	45	76	38	37	77	70	29	36	25	52	4	74	
59	83	52	62	54	68	53	16	11	30	1	10	44	31	38	83	14	67	80	57	12	30	41	40	3	21	66	68	58	24	13	71	21	15	3	28	80	55	83	46	37	39	52	78	65	44	32	33	66	23	1	75	7	81	34	50	14	48	29	35	70	79	9	44	6	51	69	40	17	65	45	8	15	5	84	35	4	69	72	65	47	22	56	16	18	
35	53	25	80	37	48	19	27	11	60	30	60	84	25	31	18	61	36	72	19	74	21	19	14	39	38	12	57	3	16	25	77	67	4	28	16	49	43	40	15	58	26	29	11	4	13	26	62	47	52	36	75	33	9	85	62	44	51	73	2	65	10	76	45	11	59	14	17	55	20	67	68	76	8	75	75	60	56	5	22	19	39	49	46	44	
46	58	85	9	43	84	28	7	34	26	57	41	37	25	8	43	5	72	69	52	16	55	24	68	15	83	42	6	44	81	47	44	12	1	10	50	40	33	11	24	56	65	62	48	45	71	49	47	13	26	53	23	35	31	3	51	26	54	49	29	78	50	66	1	57	70	2	43	59	52	67	67	73	80	27	30	60	69	31	24	61	80	63	82	32	
1	41	4	83	44	25	73	7	45	26	13	69	67	50	38	32	68	59	16	17	84	84	75	22	26	53	69	18	9	64	80	7	59	42	2	15	18	29	19	60	9	70	41	74	72	33	60	10	4	76	24	43	69	54	62	52	20	85	21	24	61	55	70	78	6	27	2	23	56	63	35	25	83	30	3	67	28	62	74	31	5	11	15	34	60	
74	72	32	71	4	53	2	13	77	33	16	16	74	76	24	44	65	38	81	7	38	60	63	54	3	36	8	10	48	72	25	76	55	53	17	13	61	57	65	50	85	79	20	68	26	41	66	2	78	59	49	68	40	67	75	32	14	79	83	59	63	60	5	72	27	18	39	40	73	17	46	69	50	62	49	28	15	28	29	46	3	30	31	70	10	
55	57	61	3	8	74	21	65	76	5	45	6	84	83	30	55	39	11	17	13	15	42	68	82	25	26	35	8	6	18	55	19	32	29	16	34	14	34	12	43	78	54	44	74	49	72	83	43	37	56	10	50	9	75	85	73	55	33	34	22	48	1	31	81	68	41	20	36	29	70	76	23	37	74	51	39	27	45	79	52	10	43	53	58	77	
51	42	39	81	30	8	83	70	33	27	50	28	45	40	54	26	28	29	16	58	73	52	69	28	1	73	36	40	38	47	24	43	43	17	78	72	23	74	52	10	11	56	36	9	8	46	78	75	71	2	44	54	7	77	37	5	57	31	84	44	75	63	85	26	79	75	12	12	61	15	62	26	80	13	32	76	8	18	19	75	59	20	83	65	81	
32	20	45	56	17	1	39	77	40	19	66	28	25	33	44	38	7	66	61	56	52	4	18	23	20	5	77	34	43	51	69	73	68	26	82	39	67	75	28	19	9	49	45	71	37	41	21	84	62	36	8	26	41	22	47	55	67	36	44	30	41	27	48	64	10	85	15	70	72	83	48	35	44	42	17	78	80	77	74	54	26	75	46	61	53	
79	70	31	69	26	6	65	9	52	41	14	7	53	36	75	48	73	21	47	28	77	38	62	66	60	29	4	4	61	19	53	8	2	37	32	67	41	11	70	49	47	33	50	54	63	80	57	8	54	15	30	44	5	4	64	62	72	22	23	1	42	28	10	80	22	78	16	16	84	43	58	43	71	62	55	4	57	20	7	77	34	76	60	35	39	
36	51	19	55	27	59	50	8	20	83	25	10	11	36	6	49	49	3	74	23	53	75	31	69	36	6	56	26	63	45	57	54	51	30	62	74	1	23	81	61	59	59	68	67	7	29	70	53	32	57	33	35	44	60	59	37	21	28	57	38	27	69	4	76	52	18	64	7	38	10	65	55	66	9	34	39	29	13	78	12	24	63	47	23	40	
16	55	8	82	66	42	22	46	82	9	52	13	24	56	4	31	35	53	54	76	38	78	17	5	24	27	69	85	25	4	74	80	57	79	32	77	75	50	76	28	13	44	78	81	10	37	63	1	45	26	69	84	56	40	38	78	23	19	32	43	20	18	36	30	51	65	60	83	70	48	20	39	85	58	24	61	3	40	41	42	19	71	2	73	60	
26	63	77	84	7	33	59	64	23	43	69	85	17	62	27	61	36	57	59	2	35	19	41	29	18	81	46	33	25	32	5	5	48	79	3	9	66	58	74	4	13	8	42	68	68	62	42	16	72	55	56	61	71	10	3	40	45	46	70	67	31	30	70	82	20	28	41	84	83	63	49	48	78	77	36	48	51	25	19	80	77	73	49	60	36	
6	54	78	6	77	15	34	18	82	64	78	20	15	32	55	75	67	57	56	56	83	58	61	20	33	48	10	16	52	23	6	59	31	84	16	21	51	47	36	53	66	26	22	35	54	28	24	33	85	33	45	37	45	62	9	74	19	58	44	25	36	47	38	63	1	47	3	46	49	29	50	30	11	18	60	65	43	36	49	81	26	45	27	66	17	
34	9	76	45	50	11	78	51	84	53	5	44	46	47	7	29	47	71	35	63	84	49	60	75	51	56	10	11	33	30	64	21	37	52	67	40	15	53	4	11	61	48	9	66	54	53	2	12	36	79	24	74	38	38	65	43	2	26	49	32	53	24	49	47	28	68	81	39	41	39	6	46	84	10	19	44	62	60	5	55	6	70	40	3	22	
52	39	17	77	85	3	83	68	8	39	6	70	32	43	56	26	42	14	63	6	72	19	64	1	66	68	11	44	59	2	60	24	38	31	53	78	32	48	54	36	84	54	61	71	50	30	51	45	81	26	51	22	43	69	21	61	47	65	18	60	24	74	82	11	19	3	85	4	49	9	79	5	15	51	70	20	34	33	62	71	57	61	7	54	12	
64	69	83	83	84	54	15	70	4	24	42	5	63	85	50	27	77	55	79	39	75	9	27	62	22	10	73	81	10	82	31	29	62	25	23	57	78	35	1	34	12	80	36	30	74	40	8	62	46	3	56	76	6	37	47	70	43	32	16	7	25	45	32	41	67	52	10	13	43	46	51	8	35	38	76	66	72	81	44	70	2	48	55	47	11	
14	15	38	1	28	85	64	71	29	17	7	36	67	23	31	35	15	37	14	47	25	75	73	18	68	12	50	28	65	83	65	33	13	58	74	78	55	49	17	38	21	21	75	85	77	15	72	48	5	32	52	69	20	75	2	85	4	4	67	61	84	6	51	53	58	34	42	24	39	11	16	18	29	19	56	60	54	27	19	57	57	24	82	31	8	
34	75	5	35	6	20	31	5	66	34	59	54	27	37	46	35	51	55	18	5	19	76	56	85	49	66	13	67	58	39	73	4	63	32	78	68	49	69	77	28	10	84	36	36	78	81	24	82	4	41	81	21	68	7	59	71	27	72	51	40	61	80	83	37	23	73	58	74	49	1	50	57	34	41	47	22	74	70	11	2	60	47	50	43	52	
22	24	74	43	29	26	16	19	21	7	80	48	62	60	10	57	66	23	1	18	64	63	4	85	69	35	57	28	80	51	33	13	34	19	54	58	84	24	32	59	28	67	25	3	79	26	13	54	49	53	27	62	30	38	61	56	64	73	31	8	76	60	68	17	33	36	27	37	5	9	52	29	72	65	71	58	39	38	75	38	6	9	12	74	70	
26	30	84	50	58	3	38	72	60	56	19	40	34	44	45	40	85	68	63	12	10	75	5	46	53	40	47	54	7	26	37	75	10	33	34	22	32	73	6	46	77	21	84	69	20	42	60	59	59	39	67	65	22	70	21	31	64	23	81	68	43	76	52	9	16	2	28	2	24	32	55	61	48	84	35	71	41	3	35	8	76	57	74	10	79	
85	79	55	60	73	77	14	57	42	60	28	79	83	69	55	36	69	24	26	65	48	46	53	4	77	58	77	2	76	42	82	30	33	3	1	61	81	54	72	31	26	59	70	63	35	74	41	59	7	65	78	9	22	43	56	54	52	42	10	44	38	1	25	69	47	22	5	34	30	67	19	53	39	48	70	23	24	29	80	32	11	26	84	62	68	
41	70	79	38	35	68	75	75	5	12	31	66	7	62	9	37	80	16	59	29	85	36	50	19	70	33	61	7	62	77	28	58	58	20	8	47	79	39	42	40	1	63	15	49	80	21	72	71	34	4	54	29	43	58	6	57	48	60	61	64	47	11	30	65	54	81	19	10	68	51	79	67	69	6	24	61	73	50	1	56	5	52	81	78	64	
38	46	20	9	19	78	54	59	62	68	68	51	84	24	30	52	15	49	71	19	27	44	82	75	42	6	34	7	84	23	26	76	66	83	82	41	29	5	11	3	70	33	9	24	55	36	28	67	4	9	85	64	50	34	8	4	37	39	53	75	60	70	63	80	25	16	32	48	59	40	54	42	74	57	65	43	45	1	61	82	12	10	67	11	47	
64	12	32	58	15	62	30	39	79	22	60	48	51	26	20	45	21	59	75	77	76	60	74	31	29	67	39	36	80	43	31	17	9	60	69	21	82	53	57	25	72	71	70	83	84	2	77	18	15	61	45	3	73	30	32	19	52	24	47	46	17	78	56	66	5	36	44	35	1	51	59	28	32	41	60	33	81	6	1	10	19	47	51	4	28	
37	58	80	11	17	34	26	47	43	45	8	76	83	81	32	46	50	15	33	44	28	17	79	31	23	85	5	55	10	6	36	40	61	27	5	35	56	28	34	12	28	82	48	65	71	27	25	77	3	13	31	20	23	24	6	38	62	8	51	22	57	76	59	69	14	19	14	29	44	4	74	41	2	69	7	61	9	66	52	1	73	34	64	9	16	
65	84	28	26	39	47	76	26	67	14	79	77	30	57	75	40	43	17	56	24	56	30	72	34	33	31	20	64	2	68	30	22	62	55	84	54	14	37	78	29	42	25	18	21	81	7	84	36	59	52	12	27	45	82	60	66	66	35	1	63	71	32	35	33	79	73	83	47	15	38	75	52	5	46	41	85	49	23	69	62	74	43	3	48	4	
15	41	48	2	38	64	54	20	53	37	52	38	30	12	49	10	41	56	13	83	80	54	2	17	72	18	41	23	59	21	50	71	58	6	27	47	68	35	66	32	70	28	69	54	39	70	19	31	38	70	69	73	31	71	41	59	40	80	74	12	52	32	42	17	77	62	62	14	9	38	60	33	63	63	85	55	5	57	45	40	39	25	64	67	43	
18	37	81	52	65	5	17	50	39	71	40	55	47	49	19	37	46	6	54	64	45	66	67	14	28	54	51	35	30	72	75	49	62	34	55	42	27	63	43	20	57	80	31	53	83	3	79	41	8	7	15	48	68	31	16	76	82	64	69	36	48	9	26	22	30	74	21	54	5	56	29	48	10	59	5	1	13	44	80	23	58	50	24	54	78	
32	85	73	8	61	52	10	66	35	72	20	15	3	17	17	11	85	19	12	10	65	9	21	24	43	37	5	9	7	14	38	36	16	65	4	25	30	6	3	13	75	51	26	29	66	82	35	63	56	44	71	31	7	45	84	7	33	1	7	39	59	84	71	60	62	67	82	49	27	40	68	58	45	47	83	65	74	72	2	39	72	23	73	32	65	
67	33	11	18	79	45	69	75	28	84	5	49	35	46	34	72	54	85	71	48	37	53	26	21	44	19	52	64	83	74	41	16	19	50	31	59	7	54	39	74	17	83	78	39	42	21	68	50	20	48	5	9	13	73	27	50	2	70	30	38	14	22	58	30	69	37	38	29	51	76	58	56	77	48	43	70	23	24	71	82	22	29	1	70	15	
25	75	49	50	55	85	61	74	5	46	21	81	80	38	39	22	50	43	48	52	82	63	76	55	2	23	77	30	19	14	78	84	1	35	3	60	74	62	41	79	60	50	70	10	41	63	29	47	18	27	10	12	44	51	21	42	56	8	65	31	19	53	25	59	40	26	24	28	40	64	17	54	68	44	60	69	16	42	20	31	66	67	85	71	58	
15	19	26	63	81	55	35	2	36	6	39	53	38	63	47	43	33	13	64	70	71	80	42	67	6	68	3	27	20	65	83	74	81	63	48	32	69	38	34	12	44	23	21	25	43	20	22	70	31	37	11	56	27	49	35	70	71	35	9	1	62	46	72	47	73	75	76	44	28	61	10	29	81	74	1	34	85	16	58	78	7	66	37	30	67	
27	11	49	15	59	4	66	60	37	68	35	60	13	39	82	71	48	58	22	64	51	53	65	21	67	43	25	45	35	8	64	61	64	36	28	30	68	7	44	56	71	76	25	42	22	69	22	19	30	47	79	78	48	12	54	72	7	81	75	41	39	49	51	10	63	76	1	85	37	34	53	62	3	73	13	46	47	80	14	31	77	4	21	83	55	
29	53	57	60	32	50	11	69	55	18	85	1	50	82	35	81	2	51	15	30	20	56	77	7	64	17	73	25	78	15	76	61	70	84	36	7	46	41	72	58	19	26	53	59	24	45	10	21	9	22	47	67	42	75	68	7	49	9	71	78	26	11	54	84	7	38	46	27	79	72	59	43	11	83	14	71	31	63	3	28	4	5	85	80	34	
21	76	35	79	9	69	46	17	38	84	22	22	42	67	10	39	80	7	35	60	17	18	78	36	61	56	72	19	12	50	8	78	77	82	56	83	61	13	10	45	23	74	64	5	6	31	28	85	31	19	55	3	75	2	34	11	58	20	24	65	68	73	47	8	64	54	4	76	25	50	40	25	81	51	26	3	76	14	30	21	23	41	28	52	44	
8	53	6	23	34	23	41	7	24	47	22	75	2	11	12	7	83	78	82	47	54	25	35	58	52	16	40	46	68	84	80	79	49	39	57	74	63	4	35	42	5	54	71	47	19	28	53	15	15	83	17	18	62	48	73	68	13	20	27	77	59	20	63	23	54	30	48	67	70	81	21	31	4	1	73	26	64	78	76	29	33	2	44	5	14	
30	77	14	4	8	7	17	76	21	79	32	2	39	52	25	73	66	54	29	16	79	47	77	70	75	18	55	32	17	57	34	43	82	5	1	45	44	15	22	19	18	9	23	84	56	48	64	37	50	6	5	40	6	46	63	35	9	41	64	51	49	52	20	36	53	61	77	60	33	53	66	73	58	38	67	25	76	85	15	38	42	62	26	8	7	
42	76	56	68	57	35	71	61	13	52	65	65	85	27	11	48	53	35	19	83	55	81	28	49	8	59	45	31	40	1	67	81	75	41	20	82	64	34	58	69	83	72	2	78	12	49	80	13	10	51	14	47	48	33	51	8	50	62	25	40	73	5	32	36	78	3	74	11	37	39	77	36	22	43	61	79	84	53	4	29	16	44	75	14	38	
79	60	75	5	81	29	44	39	14	34	71	17	18	1	1	12	26	69	71	61	42	13	5	50	51	31	21	5	66	73	34	9	45	63	3	80	2	1	79	55	76	57	22	47	6	22	54	30	2	81	40	85	4	53	4	50	70	19	11	84	46	83	3	6	57	7	37	15	2	24	66	74	35	16	77	38	65	43	65	64	75	72	13	10	19	
12	80	40	70	45	33	32	38	34	70	50	79	20	18	78	82	52	18	30	77	6	65	55	2	84	65	74	58	74	20	27	40	54	56	25	10	2	8	3	76	30	11	63	50	28	9	83	57	66	25	4	25	47	50	24	82	68	53	49	59	29	25	49	78	84	26	43	34	34	43	22	12	7	82	64	31	44	9	35	21	39	34	60	29	41	
22	26	19	30	36	31	53	48	74	1	38	54	41	72	37	42	55	46	39	82	57	22	37	63	4	60	49	35	13	75	29	83	8	45	15	31	28	65	84	55	64	69	21	58	8	54	50	50	12	43	59	68	56	47	82	61	3	52	62	54	27	33	40	85	34	9	18	53	71	65	20	6	79	81	16	77	46	67	7	14	19	80	35	40	51	
28	43	69	66	42	36	47	69	44	34	23	37	7	29	61	53	74	19	83	66	33	25	70	51	30	75	24	52	20	54	33	1	5	14	64	51	4	25	67	73	12	78	65	16	2	37	26	32	10	14	8	41	36	72	45	8	18	67	19	76	30	48	77	74	13	6	31	14	82	10	85	77	38	60	5	81	53	25	22	59	79	69	55	68	21	
11	31	23	75	46	52	20	41	79	4	51	82	75	62	21	47	16	12	74	78	53	24	80	33	41	50	23	32	26	4	30	24	74	7	53	29	13	67	66	6	25	71	43	53	48	56	46	61	19	32	2	70	8	79	15	53	83	79	24	14	35	8	81	28	54	39	4	65	61	27	65	40	8	36	49	51	38	9	64	44	85	34	68	84	54	
40	83	53	27	19	16	16	78	47	34	37	37	77	8	52	14	70	48	20	41	11	24	66	9	45	64	43	60	44	36	35	39	30	44	59	4	84	30	68	81	17	55	30	7	59	83	17	84	38	75	79	1	11	15	47	54	75	84	28	73	73	13	20	61	73	33	62	26	58	82	23	76	46	47	50	63	80	51	13	72	35	6	68	2	25	
31	48	3	65	40	37	51	69	49	21	54	80	34	77	6	55	8	32	27	9	62	41	2	25	57	71	11	12	14	8	39	74	56	65	60	34	10	15	15	10	79	66	1	22	13	46	4	64	75	67	70	50	23	28	26	25	5	34	32	58	81	17	43	47	76	3	78	32	63	47	40	45	67	82	62	6	42	18	16	25	83	68	11	57	50	
52	81	46	83	69	11	77	80	5	85	53	5	26	40	62	70	77	60	7	75	75	82	19	5	40	83	84	61	25	55	17	3	6	21	27	64	31	59	4	30	48	12	73	28	49	4	53	38	57	58	65	2	6	78	3	45	29	42	20	51	7	31	1	50	48	22	25	32	74	68	9	76	8	37	18	38	35	71	83	47	41	49	54	39	77	
2	36	21	44	50	24	46	42	17	48	35	32	36	15	18	8	63	7	84	11	67	33	85	43	60	45	32	62	47	25	50	46	59	23	81	63	9	81	53	16	49	84	4	66	57	60	71	29	20	65	79	80	52	83	76	25	34	20	6	54	43	7	69	14	65	64	74	66	55	12	76	51	76	77	29	5	47	55	66	70	31	58	14	13	56	
3	62	34	20	56	61	60	11	42	28	73	59	56	51	68	58	80	33	78	68	57	83	68	65	55	2	14	64	15	44	40	12	58	54	29	26	35	45	75	23	25	75	79	82	22	64	80	17	48	70	37	57	13	16	34	21	57	4	80	67	41	57	78	50	31	60	77	4	69	17	24	85	6	63	30	52	76	20	25	29	46	10	5	12	27	
72	70	42	66	62	14	68	31	3	21	26	18	48	51	74	62	75	27	49	84	50	54	71	65	73	52	67	79	4	80	56	73	60	3	61	71	57	23	59	14	51	61	33	43	25	56	20	50	76	21	4	39	77	69	55	12	78	30	45	81	83	58	62	70	15	69	52	82	4	66	76	1	74	64	39	53	27	22	17	63	28	65	8	54	81	
13	64	68	10	63	57	50	33	74	73	81	11	31	30	14	51	46	61	30	21	43	2	84	53	47	22	34	17	23	85	12	62	18	75	55	79	2	76	62	41	41	15	38	26	25	8	74	69	8	20	42	49	85	39	54	46	42	5	58	7	1	65	27	55	10	80	46	9	3	62	78	41	82	28	25	51	32	85	34	35	48	67	45	45	65	
5	44	53	46	56	58	81	76	78	49	83	23	52	46	23	23	82	19	50	18	39	12	2	37	82	77	41	62	69	3	73	85	78	43	71	6	53	63	2	84	26	28	60	27	29	80	55	18	54	51	1	7	18	75	79	12	22	26	33	4	60	56	71	51	8	10	59	10	75	13	11	64	22	66	74	47	17	76	20	67	39	14	19	19	42	
8	65	58	32	47	56	52	14	81	9	61	8	15	66	72	16	25	75	68	45	61	70	59	49	46	67	44	49	83	11	1	4	69	51	75	73	19	38	78	57	81	5	76	56	27	84	12	50	77	78	85	6	15	4	10	60	74	2	17	23	9	62	22	28	71	51	53	40	81	19	1	42	13	54	79	21	7	1	21	28	35	26	29	44	63	
69	55	1	65	41	17	25	78	48	10	51	42	55	82	79	50	81	21	52	3	58	21	6	11	50	30	38	13	21	36	72	82	3	68	63	27	83	40	60	74	39	64	28	4	61	57	51	7	75	54	62	83	70	51	5	64	36	81	76	85	29	14	72	73	36	4	53	78	22	66	15	56	47	80	59	16	66	65	67	84	27	33	74	12	31	
75	78	17	13	14	19	52	81	40	36	27	30	43	45	50	21	55	62	61	49	30	29	52	8	43	44	31	61	32	79	42	59	22	13	85	31	24	46	14	61	40	1	4	33	22	11	56	75	65	67	77	51	15	55	53	5	6	37	20	66	72	60	41	3	70	35	82	49	38	16	69	26	61	39	51	50	27	28	24	48	54	61	10	40	23	
16	4	44	14	18	21	80	43	15	75	55	83	61	48	28	17	78	45	31	54	49	64	81	60	41	80	16	20	43	7	13	56	84	11	60	62	29	12	82	51	77	52	35	8	69	13	27	13	24	42	62	58	56	23	70	9	44	40	34	84	74	64	19	25	85	23	79	68	25	73	49	65	36	50	63	50	46	75	33	11	71	74	66	37	54	
4	42	43	31	9	38	16	28	38	39	56	15	69	22	40	51	27	7	42	79	22	1	20	9	13	70	33	41	85	67	44	85	72	66	73	36	52	83	8	48	80	59	58	56	46	50	61	68	52	12	29	29	11	84	77	62	63	22	35	17	44	15	14	32	65	5	1	30	45	6	71	63	64	80	37	54	47	53	51	49	56	19	73	81	42	
70	5	59	16	10	73	40	47	85	12	29	34	52	7	65	59	31	83	73	25	26	39	18	71	13	63	80	56	49	12	10	66	3	66	68	48	8	52	7	62	19	81	78	76	74	14	82	59	11	63	38	77	55	52	13	69	27	6	76	45	15	83	17	15	21	21	61	66	30	22	28	2	4	67	23	76	75	14	18	28	78	42	20	83	33	
22	18	27	66	16	11	82	44	19	50	59	84	64	80	17	80	20	26	85	71	40	27	7	55	32	31	78	65	41	27	21	18	43	2	38	52	11	28	5	66	29	24	54	13	9	68	81	22	39	31	45	25	55	56	68	1	77	12	14	72	78	34	2	37	31	8	75	6	20	28	59	4	81	33	4	10	48	46	58	3	67	15	19	79	35	
45	6	9	17	48	39	82	23	33	69	41	25	11	2	84	37	18	42	32	40	43	71	43	36	58	76	57	9	24	46	49	10	69	70	49	31	15	44	47	2	67	2	77	75	51	20	30	56	59	8	50	57	74	3	11	75	76	59	31	52	16	54	37	83	36	12	55	5	85	60	4	60	53	68	66	7	1	35	13	73	73	63	34	21	59	
