69	13	19	76	20	59	13	64	22	73	40	9	28	17	39	55	25	1	58	56	40	84	32	72	20	2	52	53	19	14	16	70	62	2	46	36	15	13	12	34	83	49	83	65	21	34	33	85	33	45	10	27	42	40	11	16	80	60	23	11	29	36	78	3	35	78	79	47	3	4	35	41	6	30	60	24	19	48	63	49	5	71	73	7	65	
38	13	57	53	33	22	36	23	54	78	55	44	68	56	1	67	4	80	70	73	52	48	4	58	24	7	55	49	34	9	26	27	62	37	34	50	56	69	70	64	57	79	62	79	51	60	58	6	10	83	33	16	43	77	66	21	81	75	67	71	82	47	51	59	81	84	17	6	18	85	72	29	76	41	20	2	61	32	38	63	27	74	3	25	65	
53	43	8	83	23	32	77	24	80	2	18	31	16	21	46	55	44	72	85	81	46	75	49	75	67	65	57	47	52	79	59	59	34	22	54	11	7	1	33	84	3	5	69	55	65	27	25	20	53	61	56	11	48	59	40	27	36	9	28	42	42	41	58	74	60	64	39	63	61	26	16	15	70	82	67	50	63	45	29	30	17	75	78	18	51	
73	84	36	79	24	75	34	20	43	62	33	19	55	9	34	80	64	46	61	16	67	63	76	65	83	59	34	27	6	49	28	77	2	61	68	66	49	56	83	47	72	28	70	39	78	50	72	53	11	3	23	30	63	54	7	15	24	38	40	28	42	22	16	41	80	44	19	85	48	14	45	32	40	57	26	70	21	10	77	69	52	12	52	29	71	
13	82	41	49	76	23	45	10	79	83	45	29	57	40	32	68	36	18	62	47	41	46	64	6	76	1	55	1	8	37	18	19	74	56	64	63	77	63	27	25	59	69	51	28	21	38	50	11	53	67	56	48	66	74	9	54	73	18	12	35	52	24	60	38	39	69	58	66	44	79	3	15	61	8	84	42	43	2	65	50	70	12	14	1	85	
58	52	25	73	59	57	37	37	62	30	26	43	39	4	84	30	46	54	44	52	48	33	49	5	74	53	24	40	17	22	78	72	72	60	61	85	69	49	34	43	35	15	83	69	16	36	53	63	2	51	66	5	81	70	6	25	38	28	19	48	47	9	75	76	21	45	27	50	5	64	41	77	71	42	58	55	26	65	55	29	28	79	31	23	56	
73	44	44	13	60	47	15	25	34	42	84	75	67	82	35	81	35	24	20	26	37	58	48	14	68	71	40	12	11	59	66	82	57	64	49	71	23	18	49	54	58	45	84	79	39	73	72	71	51	3	50	85	15	16	54	38	79	6	47	46	19	67	83	30	43	84	21	21	17	17	29	27	59	69	22	53	52	43	78	61	1	41	12	28	6	
63	4	82	23	48	81	81	69	74	23	66	71	76	84	40	5	68	64	18	4	36	25	54	76	16	66	73	11	75	39	14	51	40	50	28	42	44	22	24	72	43	2	12	72	41	49	31	62	67	47	64	15	70	30	45	46	52	30	6	37	67	57	42	61	62	77	16	19	3	78	44	83	79	54	80	72	17	53	46	38	12	26	55	36	7	
7	29	53	76	73	45	12	42	84	71	16	64	41	73	63	73	72	59	20	38	81	4	7	46	4	43	13	24	45	3	69	6	30	35	79	14	77	5	11	73	31	66	50	25	52	67	9	78	80	26	28	73	74	74	75	71	32	44	7	27	48	76	33	67	62	21	36	8	64	1	82	47	64	83	68	70	19	75	60	12	55	85	39	37	34	
67	62	54	20	66	78	58	8	62	80	25	80	29	30	14	26	63	58	45	15	39	27	33	68	84	41	77	39	35	26	65	14	42	73	31	20	21	44	68	79	36	47	28	18	74	39	83	50	10	40	19	3	20	48	68	59	1	57	10	75	38	29	2	81	56	29	52	30	70	74	64	60	34	3	76	19	82	71	23	4	64	43	4	85	85	
26	52	42	80	16	70	72	84	68	62	9	51	68	36	34	54	11	48	84	55	36	57	48	60	35	6	78	73	7	74	26	75	78	21	21	49	3	6	45	25	22	52	74	2	85	62	10	51	23	48	17	12	59	63	27	6	65	17	32	26	43	13	10	37	31	28	37	76	77	79	11	50	43	39	5	83	13	14	3	33	58	17	1	30	38	
23	74	10	80	19	75	35	29	39	24	14	21	58	42	7	49	8	53	46	44	56	83	55	22	83	45	34	54	38	17	84	16	3	6	9	19	36	40	2	71	61	56	5	72	10	11	75	15	18	76	57	26	71	66	46	25	20	77	75	12	6	73	27	48	32	30	28	22	31	21	13	40	78	7	33	39	59	54	51	26	43	62	49	67	40	
49	3	14	81	33	66	83	59	3	1	3	73	20	22	10	80	67	47	24	28	25	60	81	76	65	61	30	40	64	10	34	26	52	3	18	82	66	57	53	23	54	11	8	28	72	15	20	51	16	41	77	39	13	27	29	76	42	12	70	19	62	16	43	25	58	14	31	36	68	32	63	75	35	71	15	21	33	74	37	45	28	56	38	80	84	
20	68	34	29	50	7	2	21	45	66	76	13	83	67	34	23	36	22	12	52	75	71	81	62	9	81	44	63	73	36	12	5	59	85	73	24	4	29	82	4	8	27	56	46	6	3	26	39	63	32	3	51	57	39	69	64	74	23	80	59	14	48	19	70	85	10	3	11	73	38	45	78	62	15	35	65	13	16	58	74	41	16	79	52	17	
58	28	80	35	62	8	45	22	24	27	59	26	69	58	11	61	57	43	36	25	32	55	35	41	68	63	36	81	11	1	2	66	68	36	56	42	42	60	16	65	79	72	43	17	85	9	75	12	48	65	33	77	75	67	73	55	83	21	5	7	19	46	27	84	82	85	3	32	47	50	49	80	37	4	51	74	53	38	82	13	64	29	43	45	48	
28	12	43	3	14	4	62	57	29	58	5	63	8	76	64	55	38	13	44	82	61	72	45	53	69	10	23	49	9	65	9	74	31	7	75	84	8	50	53	77	61	55	11	23	1	69	34	36	36	78	71	9	16	70	17	80	35	37	41	39	56	4	68	85	49	55	81	15	58	6	84	73	13	46	9	18	27	39	2	17	67	70	24	83	52	
79	29	84	28	24	80	38	25	58	77	72	67	71	80	37	29	34	64	81	77	70	5	59	63	3	73	43	30	51	77	35	42	19	72	24	40	62	59	20	74	49	46	53	75	82	44	57	26	21	50	58	45	52	76	21	10	13	18	76	61	49	23	57	65	7	36	18	25	54	77	55	11	39	17	41	27	16	8	9	78	11	64	33	18	47	
8	25	13	65	15	29	27	75	83	4	36	73	61	57	34	50	62	41	39	77	33	64	47	79	69	35	2	1	22	60	44	28	81	11	47	51	37	71	78	33	30	26	18	45	36	6	50	14	44	5	42	31	62	43	67	43	76	20	84	9	80	82	85	27	10	78	32	39	63	21	26	46	85	3	3	7	1	52	84	12	16	80	34	66	35	
3	62	64	21	58	27	10	51	16	76	53	48	19	47	22	36	70	21	77	66	63	64	65	67	17	61	69	9	42	3	83	85	63	59	60	75	83	24	80	55	12	3	13	28	49	74	20	29	50	7	49	25	26	26	4	39	41	26	2	37	28	39	34	5	10	6	33	52	27	23	56	37	30	22	31	24	54	35	57	11	81	14	74	18	78	
31	11	72	55	10	22	79	46	10	35	10	14	63	12	38	40	64	29	18	41	46	39	3	35	44	54	71	11	43	2	85	25	13	27	77	59	5	68	18	10	57	28	21	74	34	14	30	52	82	84	6	82	36	47	30	37	54	15	42	48	53	81	71	17	20	60	74	22	83	4	32	52	69	7	45	58	14	64	21	51	16	65	49	5	24	
29	36	76	81	75	37	47	26	19	61	43	34	4	18	29	6	85	78	28	42	71	82	54	48	15	59	16	35	16	20	56	43	53	1	36	83	77	38	20	50	53	17	81	54	74	64	14	71	12	39	26	80	33	34	84	2	5	9	44	60	25	45	21	75	46	6	69	74	82	3	37	49	57	72	14	51	55	67	27	58	22	7	50	8	9	
43	4	39	50	36	12	72	78	66	16	75	26	40	62	21	79	53	65	49	37	33	6	83	12	71	11	69	76	58	71	25	55	73	19	17	63	28	44	10	48	14	82	29	51	13	47	42	64	66	46	15	54	47	52	20	31	15	2	61	70	70	44	79	18	56	56	72	38	57	41	59	60	74	67	69	83	26	62	22	46	23	68	27	64	30	
30	49	42	71	64	66	53	58	58	20	27	65	46	19	24	80	59	81	65	36	60	17	16	33	30	62	6	10	26	25	80	10	70	34	78	3	55	2	59	67	18	40	42	61	56	63	10	28	13	29	16	32	44	30	14	71	45	17	37	67	39	28	76	66	22	22	68	25	21	76	4	35	28	85	51	41	17	69	62	31	42	38	51	84	72	
62	23	15	76	13	38	68	38	67	43	9	85	19	31	18	51	33	7	32	30	55	68	46	68	1	27	64	28	75	61	85	8	36	54	36	47	45	17	39	65	58	45	63	30	75	35	37	61	40	63	48	49	43	44	71	41	69	50	64	14	60	19	58	9	27	11	9	26	63	52	4	34	3	64	21	56	57	59	4	5	65	47	10	20	3	
75	13	26	77	31	36	48	4	6	11	28	10	17	8	70	17	9	57	60	27	28	45	77	30	47	36	7	6	40	66	49	70	76	71	15	61	61	62	62	68	26	44	29	82	50	54	12	13	65	33	38	5	69	27	74	27	63	35	72	55	13	78	79	43	16	14	18	80	22	34	51	44	32	37	81	78	85	5	46	19	70	83	21	7	20	
49	75	35	81	61	2	6	2	36	3	15	80	59	43	14	4	6	12	74	79	5	22	34	49	65	50	73	58	26	78	75	73	64	64	23	76	20	68	77	52	69	48	45	40	85	13	83	46	64	70	36	67	3	24	70	65	72	56	35	10	7	65	37	64	41	56	53	16	37	82	65	18	81	64	14	84	31	51	77	8	30	68	29	1	11	
11	50	30	22	40	37	21	60	28	39	54	81	46	68	72	41	2	44	34	20	10	66	49	56	57	55	84	78	37	26	79	2	32	23	63	67	13	42	80	80	75	4	31	33	25	15	27	24	58	58	85	21	82	45	76	4	53	71	83	2	51	29	43	1	3	18	15	56	59	7	48	41	8	77	28	73	4	61	12	15	69	5	33	62	4	
62	57	54	2	5	10	50	29	51	41	30	66	53	83	32	58	85	27	20	74	52	7	35	17	53	3	79	13	31	4	14	48	58	24	47	17	72	10	43	35	52	27	59	13	64	42	24	65	67	44	8	73	85	34	44	9	32	78	18	20	78	71	62	5	54	22	19	33	29	17	67	76	41	75	46	60	32	62	36	14	16	80	37	55	25	
78	60	11	67	32	24	15	16	41	17	61	60	77	48	43	5	26	71	1	55	27	57	82	83	45	45	53	35	79	21	13	69	35	20	5	65	84	19	36	37	74	8	51	22	11	7	23	34	31	60	2	52	72	38	47	73	85	55	61	76	75	71	9	25	46	54	39	42	25	80	76	56	40	81	69	44	84	46	30	69	18	70	50	43	28	
34	26	13	1	84	38	28	68	2	3	29	11	39	23	32	65	10	40	53	45	21	8	41	20	34	64	34	59	9	31	76	82	54	43	38	51	35	63	73	76	24	53	85	14	77	70	76	37	22	42	78	82	3	73	15	75	49	45	46	12	30	79	6	82	33	41	4	20	60	72	9	76	44	46	7	63	36	32	55	16	27	47	83	32	70	
10	13	73	9	13	82	37	85	85	31	28	83	30	2	52	56	7	82	47	7	84	22	36	68	29	33	8	69	71	73	11	78	84	79	84	12	72	75	6	26	18	74	61	2	32	67	13	76	62	56	80	14	32	25	78	58	12	40	81	1	26	3	27	64	34	66	35	17	53	72	5	28	58	59	67	43	37	77	29	54	45	22	62	38	4	
9	2	10	47	38	46	70	36	69	5	67	4	27	38	55	11	75	79	23	1	57	62	76	50	3	40	46	22	14	32	20	20	33	70	21	25	29	3	57	51	45	78	9	71	70	61	78	58	8	13	56	63	73	49	64	30	39	63	52	49	10	24	24	77	6	42	13	72	84	28	76	42	56	82	34	38	12	55	53	17	66	60	35	7	59	
51	34	9	68	38	11	72	61	74	18	19	70	28	3	23	6	35	62	59	70	40	52	79	54	14	9	72	29	82	74	41	45	63	47	25	12	12	51	26	40	66	41	22	49	83	43	53	71	59	24	55	53	30	44	16	83	7	81	27	44	31	20	42	84	28	21	50	30	69	73	68	5	75	48	51	32	84	57	4	15	35	58	63	64	52	
75	58	14	69	37	54	5	53	9	43	71	27	6	56	51	33	78	53	55	34	58	30	73	27	31	83	17	39	58	76	46	3	3	57	26	79	65	70	44	75	26	77	53	80	80	16	58	72	66	25	58	81	10	50	59	82	38	74	74	52	62	32	51	19	43	1	11	20	56	52	47	36	76	12	23	68	24	74	61	44	60	20	84	63	18	
47	53	12	33	39	58	49	25	63	65	65	50	73	41	60	79	83	8	24	48	68	4	26	10	8	24	61	67	13	76	40	56	84	47	43	77	59	46	57	35	25	76	38	51	28	10	85	65	64	20	69	79	63	5	1	25	27	17	51	77	54	83	3	2	42	43	34	13	4	9	45	66	80	38	70	57	6	23	81	18	82	72	5	71	58	
46	36	40	60	79	28	61	74	28	59	70	26	3	81	67	1	80	1	29	72	68	41	72	4	30	83	82	82	2	8	9	44	41	45	58	74	31	31	62	53	44	43	33	47	84	55	5	32	52	68	12	74	20	81	34	48	34	69	82	77	73	6	30	71	46	49	54	35	27	69	83	69	66	76	67	14	33	75	39	82	7	48	26	19	10	
54	63	30	34	56	16	60	14	85	40	15	82	48	40	20	71	73	45	49	53	65	61	39	41	55	75	81	57	13	11	52	65	27	36	11	38	6	72	49	45	62	61	80	64	14	58	47	41	10	9	5	74	23	83	67	76	77	60	43	81	26	48	59	50	84	23	1	41	46	8	42	21	19	32	44	78	2	83	25	66	46	3	31	68	65	
52	53	48	66	49	84	4	9	11	51	44	32	5	39	75	47	76	49	63	20	42	47	57	38	70	17	81	14	45	17	71	53	24	74	30	70	73	31	76	78	37	80	22	81	26	51	40	13	55	57	72	9	18	42	2	41	56	82	50	58	12	33	19	79	16	59	55	41	32	10	31	67	72	8	15	52	13	54	62	22	25	6	77	3	1	
69	31	53	18	75	20	66	59	81	51	32	38	19	69	24	17	52	2	43	57	15	9	67	21	24	44	83	25	25	72	64	6	58	29	63	1	3	45	59	36	5	85	30	63	21	51	34	73	6	75	40	19	36	61	79	60	58	33	36	80	15	12	41	26	4	16	37	39	55	37	71	15	77	12	78	10	59	22	34	62	9	28	35	42	1	
68	54	56	10	44	6	64	55	44	7	3	57	70	38	69	16	22	79	4	31	66	10	50	85	42	18	48	67	53	45	23	76	53	33	80	9	39	56	17	34	13	18	46	77	58	25	8	29	19	6	14	36	60	55	78	10	71	36	34	75	35	8	20	85	40	9	49	29	19	63	21	30	82	61	61	1	83	64	72	53	24	81	2	77	5	
74	41	30	70	70	60	12	76	75	52	68	80	13	10	53	73	67	37	21	40	11	65	77	29	84	42	50	34	82	43	37	30	38	64	45	17	36	54	47	22	60	71	56	78	33	22	15	16	56	79	49	21	4	39	48	84	44	14	31	72	5	66	9	36	83	51	8	32	61	9	12	32	85	62	57	21	46	24	30	55	50	82	67	58	69	
26	47	58	33	34	41	76	51	48	25	46	52	72	75	65	78	39	51	22	12	20	40	4	82	73	49	45	14	28	7	37	9	8	10	81	79	50	70	42	46	53	54	14	33	79	77	65	23	78	85	31	11	79	74	47	61	36	5	27	62	50	63	67	13	23	19	4	66	85	2	24	55	41	80	33	26	15	52	56	6	57	30	55	43	17	
56	52	50	14	33	65	62	49	2	72	69	17	30	46	56	28	24	14	25	52	1	46	21	50	4	66	52	74	76	46	3	44	55	5	56	2	68	73	44	27	56	29	80	41	25	48	32	4	20	43	10	57	6	70	18	43	51	24	30	37	67	68	80	74	71	3	70	8	75	67	31	82	7	63	77	68	23	12	26	78	53	75	47	8	58	
18	48	19	39	30	10	63	11	42	47	79	43	74	84	27	49	69	66	7	84	53	73	19	64	53	51	68	40	10	75	10	24	76	70	20	18	76	32	28	31	77	59	71	58	12	51	61	80	69	65	29	34	7	46	50	57	54	36	55	56	72	60	34	49	81	52	62	78	82	43	53	25	14	35	36	67	40	10	13	83	72	37	85	2	41	
15	45	85	85	51	53	55	64	1	56	57	2	75	44	78	27	45	58	79	77	4	57	72	11	66	5	81	60	54	26	6	67	26	2	22	74	52	73	50	5	84	19	47	67	14	80	47	59	49	81	1	61	7	27	21	26	29	7	82	80	76	82	16	10	81	33	81	3	60	46	62	55	17	5	83	26	8	36	34	40	71	74	43	75	13	
54	14	39	15	4	74	84	83	2	8	33	76	85	32	47	41	77	56	12	35	2	78	29	77	23	23	60	10	63	48	20	31	14	16	41	15	43	39	53	1	42	83	72	3	70	70	79	15	81	85	51	80	80	73	69	11	9	45	59	26	42	34	53	53	5	48	22	40	6	29	7	10	67	18	75	49	83	62	64	76	19	66	25	12	48	
6	51	16	1	22	34	82	53	44	47	8	2	24	46	41	52	77	31	71	5	58	32	1	73	47	36	3	23	11	10	27	14	7	74	55	26	20	53	35	16	56	81	15	72	80	57	76	70	36	60	74	9	46	27	77	6	59	75	25	21	33	3	38	39	75	43	14	48	3	11	61	51	83	30	79	71	42	22	54	72	36	84	30	80	19	
61	40	29	48	19	49	33	19	35	21	6	72	74	50	72	74	66	77	19	8	66	2	41	1	10	65	76	1	12	68	59	65	20	3	67	78	46	54	9	81	72	53	15	59	57	84	84	38	73	16	41	8	58	36	51	69	13	39	19	63	58	75	36	80	72	62	23	70	24	28	14	52	78	26	63	47	64	60	37	7	31	32	12	4	79	
57	17	33	5	35	4	65	62	80	6	46	53	23	70	28	5	40	76	37	61	54	39	38	66	73	84	9	18	8	12	36	19	67	66	27	6	71	41	66	19	80	66	64	57	7	46	21	41	39	8	14	42	44	10	19	72	2	68	45	49	24	77	69	82	11	40	13	33	32	22	47	74	43	73	47	44	25	5	83	13	14	50	52	9	15	
24	78	50	4	74	13	23	19	30	18	31	66	60	15	9	34	60	73	71	80	59	70	57	69	21	67	27	69	72	33	33	50	23	81	49	52	44	28	68	69	85	10	48	56	63	10	41	77	78	66	75	7	5	38	25	24	61	47	47	2	77	83	48	55	26	53	19	71	76	84	54	72	49	50	82	22	58	37	11	20	53	35	9	57	29	
29	77	83	30	36	39	19	67	82	74	7	46	44	26	34	42	71	60	48	75	52	68	51	39	27	47	5	56	10	58	81	79	4	31	29	80	64	78	15	16	19	18	59	62	82	52	55	65	24	9	53	26	25	57	63	49	53	22	65	17	34	49	8	35	33	69	73	9	56	12	21	33	51	36	2	45	79	11	64	59	20	71	40	81	37	
12	41	44	69	11	56	15	15	17	4	45	80	26	7	6	18	67	32	23	14	73	65	52	84	42	57	54	25	85	47	15	49	42	55	28	8	65	83	60	79	41	58	34	65	62	32	38	1	25	59	52	46	35	53	82	31	19	48	11	64	49	27	58	51	36	84	9	8	37	65	2	31	42	26	10	52	20	85	50	69	61	13	28	69	63	
21	73	35	24	81	4	29	58	60	70	43	15	74	49	3	8	5	31	83	68	79	47	77	77	7	58	85	61	40	41	32	15	69	21	36	18	66	60	74	38	84	30	3	27	35	45	75	33	31	71	13	22	29	51	52	78	55	49	48	7	2	31	23	68	50	12	83	67	24	37	58	62	9	64	43	80	63	34	28	1	12	75	62	82	30	
26	67	45	72	66	1	30	52	60	50	56	68	7	34	45	31	4	19	74	17	59	69	71	44	44	70	10	31	46	3	15	23	25	8	7	4	6	76	51	63	38	18	84	37	49	41	18	7	57	3	20	71	24	4	28	64	33	42	49	29	76	21	45	14	24	9	55	27	79	60	53	28	36	41	64	35	80	77	40	6	39	57	74	55	61	
55	74	46	44	41	61	74	51	20	84	72	23	8	53	15	66	12	39	52	49	62	85	83	3	36	1	35	48	30	5	59	40	73	13	82	63	70	24	29	42	62	56	62	68	17	30	4	67	26	54	70	78	8	65	77	83	63	24	41	6	69	58	1	11	63	33	71	1	64	48	43	38	12	60	9	69	7	72	5	21	28	73	57	75	50	
42	55	66	20	52	26	40	17	22	46	77	52	78	33	19	29	74	45	80	40	8	61	84	56	63	12	68	4	62	41	50	58	51	29	76	13	53	29	27	73	71	60	79	8	5	10	34	30	50	27	67	55	45	58	23	68	24	46	64	83	41	66	54	4	9	2	56	14	23	81	38	48	59	27	61	11	33	43	35	37	66	15	47	65	26	
24	35	47	74	50	85	63	28	7	21	34	3	74	1	64	69	34	67	72	58	32	79	5	31	68	80	49	36	39	23	59	60	11	61	82	62	14	57	83	19	76	69	19	20	65	37	81	11	15	22	23	2	55	26	26	40	58	73	68	9	50	84	66	56	53	60	29	65	71	63	44	15	45	54	30	21	48	66	75	57	4	6	12	52	70	
36	41	49	61	21	2	22	14	70	32	22	84	54	84	25	30	37	33	27	41	18	2	40	81	28	51	38	31	60	42	55	50	80	48	66	14	47	85	67	69	70	1	60	43	39	39	20	35	22	2	24	37	9	60	72	26	23	20	11	41	59	62	85	52	64	63	19	34	16	5	3	3	82	19	74	76	50	56	15	68	46	44	60	51	49	
44	24	26	19	31	62	75	47	15	80	23	75	56	5	3	53	1	41	2	18	28	31	18	74	43	46	72	33	12	71	36	11	7	63	26	81	75	55	79	2	4	57	76	11	54	31	58	60	27	13	21	50	41	78	76	42	31	61	25	82	44	59	48	5	73	28	80	60	38	27	65	84	10	2	3	47	72	15	66	11	26	72	16	20	22	
4	13	51	19	42	84	67	48	1	63	35	28	10	5	61	35	18	9	70	59	9	29	44	22	80	52	1	22	65	19	39	22	71	41	40	20	38	52	64	43	68	9	16	76	55	30	65	27	35	49	83	84	30	81	24	23	3	25	85	20	74	35	45	57	73	75	46	69	2	13	54	70	54	31	7	62	50	26	43	47	70	53	36	56	32	
50	32	74	25	28	5	49	63	46	61	2	71	45	20	66	7	71	82	13	7	3	73	11	24	28	48	49	21	80	16	5	84	45	75	59	27	75	64	41	71	78	42	54	35	14	76	39	83	68	47	44	64	34	9	1	14	53	4	73	8	17	85	41	22	18	12	40	6	29	36	33	19	72	82	52	12	67	1	38	10	47	33	65	31	39	
19	85	5	20	70	46	78	15	3	48	30	54	40	77	34	72	20	51	14	60	16	10	75	54	2	76	56	28	15	38	22	24	79	66	83	60	24	28	30	82	71	13	68	23	4	14	7	58	63	17	67	33	64	54	39	16	84	4	1	3	81	18	71	71	8	61	43	59	9	26	34	26	36	21	46	6	26	25	4	42	63	69	70	40	80	
21	10	72	64	6	72	59	65	51	44	58	69	38	28	26	61	16	49	9	70	46	40	8	51	41	4	26	32	72	24	9	47	27	39	66	73	63	36	48	67	81	59	52	24	42	21	39	54	64	11	37	64	40	84	30	77	43	7	52	68	65	17	27	53	48	5	32	23	80	35	1	23	12	2	50	43	22	37	67	56	62	45	13	30	82	
80	20	37	39	26	14	17	39	4	18	42	40	47	18	33	82	59	55	38	14	51	81	30	43	42	22	11	41	74	19	31	29	78	62	64	59	32	30	52	66	46	50	16	48	64	5	84	79	28	28	3	58	61	72	55	16	6	44	8	36	18	36	56	54	57	67	63	79	65	28	60	53	73	26	12	9	34	44	80	75	66	1	3	49	23	
55	9	25	54	14	15	26	48	23	75	54	5	6	6	8	31	56	55	64	39	18	67	17	56	11	4	36	46	4	28	65	57	34	44	23	7	56	47	4	76	73	56	32	83	59	37	62	66	47	34	14	65	48	71	31	56	78	19	14	73	45	35	84	31	77	61	38	43	19	33	73	51	85	20	35	61	52	13	74	53	80	85	41	40	68	
14	8	17	26	63	36	24	7	32	9	80	6	37	76	68	70	61	23	21	76	13	29	85	19	18	56	11	55	71	50	75	36	10	37	16	69	74	43	31	57	44	22	60	35	11	78	56	40	29	77	25	24	62	8	83	71	9	49	77	34	49	28	67	58	55	81	80	45	72	66	15	70	41	27	38	6	30	71	33	64	15	42	46	73	12	
78	15	10	37	83	42	83	18	21	9	38	56	43	60	41	20	21	25	16	39	80	19	5	70	46	66	33	84	23	16	1	11	22	51	3	59	8	40	32	64	6	51	75	44	66	28	17	84	5	30	36	40	47	41	58	46	62	3	53	45	27	82	4	78	48	7	10	2	78	31	20	79	80	9	34	59	74	29	11	34	76	44	71	75	39	
41	33	7	83	29	79	54	23	76	45	21	28	49	62	30	31	81	10	23	43	83	35	28	43	48	16	30	42	84	62	33	80	4	82	31	31	70	4	8	15	38	32	40	38	43	14	66	44	62	52	31	17	33	56	55	34	26	46	28	65	11	61	55	60	49	47	40	37	36	45	50	39	27	51	63	67	5	82	59	65	85	2	77	53	57	
1	11	32	38	36	9	4	6	17	13	52	55	50	85	2	10	78	26	73	70	43	52	74	36	20	50	75	59	81	9	67	83	60	10	72	15	57	73	14	29	7	61	81	4	18	37	48	43	17	33	27	56	39	53	46	14	16	71	71	50	77	47	44	49	12	25	24	23	58	19	49	8	34	84	3	3	35	49	41	23	79	20	22	73	76	
57	1	39	41	67	43	73	70	5	75	37	61	83	54	67	57	58	69	3	62	69	42	39	75	79	60	21	64	51	6	77	62	9	72	57	22	25	84	1	83	71	7	35	24	80	17	78	48	36	38	12	18	74	55	44	27	85	63	29	11	65	26	74	68	85	34	40	81	30	80	39	56	2	10	4	58	45	24	71	67	56	76	53	13	8	
81	19	27	11	46	30	73	31	7	10	58	1	51	34	29	35	68	83	55	6	22	74	37	43	49	58	58	65	16	50	53	43	24	32	52	67	60	78	84	20	82	52	17	78	44	74	67	21	19	36	26	38	15	14	35	55	70	1	33	32	8	35	72	26	66	77	47	77	24	42	18	59	48	60	54	4	4	28	62	24	17	9	13	34	8	
2	36	75	42	64	63	46	53	8	68	39	32	31	61	53	24	23	24	26	80	72	67	43	55	41	69	67	77	23	51	83	32	85	26	62	19	1	65	67	40	83	64	69	66	22	34	43	45	59	67	79	80	49	27	3	41	37	27	30	57	72	70	34	73	48	50	83	1	25	19	52	60	84	28	38	48	56	78	5	60	15	29	9	14	53	
9	56	3	30	43	14	57	27	45	36	18	49	73	16	31	5	51	84	30	23	76	77	27	25	61	84	37	2	48	46	10	11	65	52	80	5	63	58	63	63	39	73	24	24	8	5	28	6	1	53	69	35	69	11	54	85	47	83	60	13	4	50	64	62	14	49	6	75	66	59	5	7	44	29	32	85	38	2	45	68	9	33	11	72	32	
17	69	76	12	25	40	50	30	10	14	41	16	15	61	57	32	63	20	68	44	74	22	27	73	72	77	33	45	14	63	74	33	82	19	84	58	11	42	81	56	8	70	61	60	2	75	1	61	82	23	59	28	83	38	53	60	4	82	21	53	13	46	5	4	24	29	17	73	24	18	37	71	38	52	43	31	79	85	43	35	58	55	54	53	6	
16	68	52	53	45	9	69	83	47	19	57	74	33	51	44	39	30	27	31	46	24	53	42	61	7	68	32	59	66	38	18	74	21	65	81	55	65	59	7	61	70	62	82	56	60	37	11	82	34	73	30	83	37	12	54	1	20	41	11	78	73	36	21	63	83	15	14	17	67	17	75	3	50	68	56	85	59	20	36	76	3	20	48	79	35	
33	76	4	27	82	83	11	66	12	53	60	65	21	29	41	37	17	85	64	50	52	18	11	26	51	39	67	38	61	64	19	52	2	14	71	38	2	36	13	58	43	25	29	67	52	24	49	31	62	28	62	68	81	32	5	3	22	70	35	79	84	72	81	6	80	62	30	44	10	41	40	54	63	74	23	69	47	25	7	18	48	77	83	9	39	
42	81	54	75	59	3	57	43	76	49	76	58	34	22	16	29	60	18	50	79	82	28	78	18	29	8	62	44	45	13	38	84	6	4	61	21	9	74	16	32	1	12	36	26	23	46	51	36	30	48	27	20	76	59	26	63	64	42	15	63	55	48	17	13	19	35	30	53	16	24	76	14	2	65	66	64	68	27	31	84	71	10	5	13	54	
32	67	68	68	47	44	39	80	18	1	48	44	35	11	58	75	74	61	66	9	36	43	71	16	12	65	41	1	69	8	7	54	73	28	33	20	26	19	55	38	17	8	1	84	6	53	63	42	62	56	45	52	50	65	22	46	46	23	1	67	23	49	27	8	72	13	74	10	34	40	57	43	51	79	81	5	82	70	29	65	59	23	64	6	2	
82	5	81	16	2	58	32	45	39	79	73	59	58	80	75	46	84	72	6	27	69	33	22	76	19	34	40	37	18	83	76	61	1	69	53	39	40	48	54	85	72	23	37	42	67	67	43	3	60	76	30	71	22	4	62	36	33	58	74	38	9	64	7	1	13	1	12	33	8	30	66	63	7	55	65	17	41	12	68	39	10	11	64	21	42	
35	53	77	42	78	64	45	5	13	85	82	52	79	69	45	61	3	21	33	54	31	36	53	42	48	37	39	1	19	13	43	83	23	67	38	10	43	51	52	11	34	6	65	64	27	59	79	25	29	14	75	60	12	70	26	48	15	4	47	22	14	1	17	32	20	17	79	61	43	16	25	40	4	38	8	66	7	41	18	44	52	46	56	9	48	
54	59	28	17	55	4	25	9	61	8	47	77	42	45	71	38	20	11	77	63	55	56	60	8	22	48	14	50	20	27	21	15	29	39	32	38	82	85	46	54	9	25	78	85	20	65	80	43	69	72	7	66	77	23	81	51	30	84	1	73	57	12	10	83	37	58	41	49	62	39	16	14	64	80	13	29	44	1	70	55	33	67	75	54	74	
59	10	61	11	53	17	71	32	76	22	62	2	52	15	12	35	65	23	51	12	77	70	10	29	50	72	6	68	50	15	62	63	21	38	73	28	33	6	85	70	21	67	18	29	30	27	56	85	4	12	9	75	79	17	60	79	34	61	16	38	78	80	14	47	23	39	27	13	42	21	25	64	75	40	81	19	49	55	69	26	16	8	51	74	30	
22	42	61	40	54	11	80	41	25	64	18	18	3	66	55	76	45	70	8	51	23	1	58	27	24	38	46	80	83	85	68	59	5	37	50	3	48	26	83	24	44	63	37	2	36	56	63	47	27	69	69	44	40	60	66	19	75	62	13	28	12	30	78	4	64	55	57	64	33	49	83	65	11	78	29	82	72	79	27	67	21	50	15	9	43	
29	27	31	41	77	18	50	33	77	12	78	79	62	55	48	49	6	64	15	33	85	50	17	28	32	67	4	80	30	29	33	17	25	25	52	54	11	61	69	43	63	14	69	70	21	40	73	68	7	1	11	38	51	35	65	74	46	59	21	43	16	51	46	77	67	48	44	30	17	71	23	34	47	4	58	51	75	44	42	74	49	19	72	41	60	
83	30	18	51	57	46	20	50	49	7	63	2	9	1	59	77	63	52	10	65	18	15	56	59	85	78	53	79	67	5	47	12	72	26	19	68	22	30	37	60	77	16	23	1	45	28	24	20	74	63	39	53	75	58	15	81	40	65	17	54	32	25	55	7	38	70	75	8	73	61	63	42	13	33	26	28	14	66	76	41	29	23	82	41	64	
