36	6	6	52	52	7	80	48	41	85	37	49	50	79	60	33	68	65	22	49	45	68	3	63	62	49	24	19	77	21	41	2	21	51	19	27	9	53	72	4	7	64	8	55	54	22	1	76	84	19	81	84	42	80	16	58	83	37	74	72	12	27	71	72	30	44	11	78	10	37	38	14	12	43	23	20	61	63	56	14	82	43	13	75	35	
24	45	31	15	32	15	25	13	41	9	82	82	60	29	46	9	63	58	61	59	35	78	73	10	83	42	44	38	6	31	28	69	33	56	84	17	25	62	27	20	26	64	57	81	5	16	45	22	27	18	36	64	50	21	67	46	19	65	85	23	11	30	1	79	31	37	8	11	12	34	28	74	51	82	68	53	52	39	72	76	2	40	48	44	80	
70	44	7	47	79	66	10	55	22	43	83	56	48	48	21	35	74	7	82	25	28	47	75	7	76	20	85	47	23	84	80	4	39	42	6	31	24	55	40	81	11	36	50	13	38	25	45	26	71	40	3	11	41	32	15	69	49	55	72	68	50	63	27	44	59	72	29	34	81	67	30	4	14	77	15	5	53	14	73	36	51	69	46	52	13	
14	28	16	66	11	38	29	29	62	70	42	3	11	73	82	74	13	83	41	41	52	44	7	64	24	82	69	47	81	28	15	8	54	27	71	19	63	55	2	79	78	42	80	43	27	75	71	84	26	67	75	33	23	36	51	1	30	32	3	25	17	14	31	34	85	56	81	18	65	81	4	53	35	38	9	16	37	77	50	5	56	39	35	40	72	
40	74	54	26	74	32	38	42	15	58	35	67	52	2	42	3	46	49	76	81	12	4	60	2	8	62	12	43	51	85	66	3	71	75	26	14	19	19	10	32	77	44	53	80	84	50	79	42	55	24	37	62	27	50	18	73	24	69	70	29	66	5	29	6	77	9	59	51	25	68	37	56	64	45	7	61	5	82	15	11	16	13	72	81	57	
85	24	30	24	6	56	2	8	39	48	83	45	19	3	25	83	37	76	59	78	76	74	37	26	43	45	81	45	70	31	51	27	52	78	46	55	3	4	61	40	47	13	38	63	13	60	16	5	48	29	79	80	57	71	16	12	69	51	11	51	82	17	32	44	7	72	54	49	71	28	41	72	84	77	50	46	58	18	53	52	1	80	9	62	62	
55	65	43	19	31	49	11	44	76	9	5	60	17	50	1	83	4	70	74	78	72	32	81	44	33	2	45	25	84	11	85	52	30	82	25	58	46	75	15	73	81	18	45	12	21	85	48	22	27	35	54	9	21	6	53	52	7	51	74	47	56	28	7	40	22	29	53	20	59	65	8	57	36	3	16	13	1	62	73	23	51	83	71	69	10	
76	75	42	36	62	82	4	44	43	84	63	69	49	36	81	68	37	44	58	37	15	66	77	31	51	54	36	45	38	17	82	26	47	36	60	21	30	18	19	70	56	79	9	17	27	1	82	20	85	9	52	54	73	84	83	78	50	30	35	42	2	30	23	45	24	80	22	48	52	39	72	63	71	78	3	50	33	29	65	32	40	72	5	62	74	
32	53	72	16	85	27	57	69	47	56	2	81	31	4	2	64	73	62	3	63	9	50	9	77	70	78	25	54	29	41	76	58	6	60	29	45	41	83	69	42	8	68	77	36	26	77	55	11	8	59	29	61	65	79	45	43	24	28	49	51	62	37	66	67	52	4	71	47	44	45	5	7	67	80	37	10	22	4	74	70	13	82	38	84	28	
81	65	49	17	68	12	33	18	29	10	24	72	71	68	26	71	25	25	50	55	16	10	74	59	63	13	69	14	49	8	39	42	27	42	15	7	51	43	64	34	7	85	19	32	23	82	15	44	62	20	11	75	27	40	47	2	50	70	13	21	35	6	7	56	45	60	18	52	57	79	82	61	37	58	48	54	49	22	52	28	33	30	11	65	66	
12	13	17	36	65	68	66	25	29	76	68	1	6	74	11	40	24	69	71	76	70	79	38	83	43	58	29	15	26	40	67	74	51	39	23	70	20	1	8	2	31	30	85	35	15	9	72	78	32	12	73	56	45	59	51	3	75	34	55	7	72	36	80	77	70	14	60	43	53	21	44	82	48	82	81	17	46	16	10	33	22	29	84	63	85	
48	17	25	37	69	29	20	58	63	51	84	29	65	38	37	85	35	73	1	71	56	15	29	66	64	14	40	3	11	57	42	13	28	65	47	52	48	21	64	22	69	59	6	46	50	40	2	82	25	83	23	35	9	49	54	69	18	6	26	25	19	66	77	84	43	36	48	45	11	70	65	78	37	27	78	4	62	74	36	41	68	60	73	76	61	
39	12	73	84	36	53	55	14	42	51	11	32	54	53	40	32	72	72	66	9	62	20	25	48	53	21	70	21	5	13	77	83	23	63	36	15	27	3	24	24	52	74	10	60	81	49	4	66	75	25	29	6	42	16	50	7	26	76	25	71	85	18	23	19	30	57	30	12	58	7	33	63	38	82	35	29	1	79	51	70	17	75	78	55	41	
76	59	62	62	81	45	59	49	65	32	33	76	59	42	47	20	29	63	53	24	53	80	20	44	82	45	57	69	29	25	20	60	80	36	34	30	78	47	35	12	77	66	1	48	60	2	22	43	61	72	64	26	21	39	24	14	38	78	40	21	15	12	79	50	46	67	32	77	27	71	51	16	80	41	17	52	81	37	7	13	63	28	83	85	19	
15	7	54	4	42	72	58	51	20	60	8	84	5	39	64	21	80	77	13	75	48	62	69	39	25	79	15	6	67	8	22	78	55	28	37	9	54	10	14	28	23	62	24	23	16	1	43	47	32	52	35	34	69	17	71	47	53	40	50	70	3	26	17	57	4	59	18	12	12	29	38	30	44	16	11	11	56	47	61	42	63	3	74	76	65	
14	35	60	51	37	41	50	13	55	15	56	60	72	66	69	11	58	54	9	71	59	17	40	61	27	79	26	69	22	14	39	33	3	53	81	80	49	85	47	16	57	19	74	38	36	12	46	6	20	9	31	76	24	68	48	52	17	29	29	78	81	23	25	81	32	59	34	76	62	75	7	24	4	39	63	42	84	64	82	18	65	43	47	44	47	
8	44	18	75	71	8	68	50	29	61	75	2	46	64	12	33	23	33	75	10	46	24	6	17	58	63	36	79	22	76	38	69	32	10	56	57	16	36	59	42	51	46	82	9	64	7	81	41	78	69	48	36	47	9	52	15	70	40	53	44	72	41	67	14	49	35	25	62	25	83	16	31	81	54	79	19	56	73	53	55	10	65	37	60	77	
42	22	84	79	68	43	61	22	21	29	68	10	8	42	74	44	12	59	37	62	51	6	73	78	56	32	85	24	25	7	40	63	27	38	54	7	33	69	26	49	11	9	13	16	2	42	57	12	14	48	71	65	8	58	8	64	42	50	40	66	52	34	37	35	68	45	38	15	28	18	17	77	67	26	47	63	23	58	75	33	19	56	11	23	70	
54	39	21	14	33	38	22	23	29	52	2	73	1	53	53	58	66	42	34	47	43	10	67	14	36	11	71	4	57	49	25	23	44	85	76	72	35	8	47	61	59	46	45	11	55	56	24	74	6	55	38	47	19	60	17	53	20	83	12	30	44	40	7	83	31	80	26	62	48	69	36	62	69	37	64	41	2	84	27	50	9	15	46	28	17	
58	74	76	11	82	18	52	70	23	5	12	57	68	29	13	6	19	20	73	8	79	62	9	32	38	5	35	2	48	13	16	61	41	4	69	36	62	75	60	39	34	69	14	15	52	63	60	71	77	3	74	25	19	33	10	54	35	84	10	40	21	66	53	49	67	78	42	83	63	55	37	52	43	82	22	40	17	78	24	42	80	49	26	27	81	
28	18	69	66	25	61	73	3	26	76	27	14	68	20	31	33	8	80	21	2	13	58	10	46	33	49	36	81	24	42	28	50	13	52	28	35	66	56	35	47	85	57	14	23	32	42	53	36	77	30	78	44	40	85	4	71	5	77	19	25	74	1	29	84	6	11	31	70	63	21	34	22	33	38	38	60	35	45	50	67	72	41	64	22	82	
21	47	38	10	21	17	38	19	43	34	65	51	20	46	69	37	28	84	23	20	36	80	11	76	85	72	15	37	7	34	29	24	40	64	73	54	79	23	30	76	12	4	41	28	6	66	19	75	59	40	5	47	74	53	35	71	80	47	63	82	35	8	60	25	23	48	33	56	23	58	44	32	16	38	14	18	55	78	44	26	24	49	70	57	11	
59	36	2	60	53	39	51	55	11	72	32	11	18	85	33	30	83	18	43	76	29	16	43	13	57	67	77	58	6	44	65	20	32	22	77	84	15	40	7	23	24	36	34	82	75	61	25	27	76	63	15	62	33	56	26	4	77	17	57	80	14	77	54	83	55	44	35	65	37	41	42	15	31	71	8	58	3	28	82	38	46	10	44	78	21	
68	33	9	37	45	43	46	34	10	83	41	8	30	60	42	23	14	55	6	40	60	61	80	43	12	66	43	62	27	73	78	2	19	41	38	61	39	37	49	46	32	47	51	59	16	48	36	27	15	44	65	29	13	14	69	63	77	67	52	11	51	31	53	24	25	50	82	64	35	85	17	70	41	22	77	56	23	26	54	35	71	54	75	27	76	
84	2	11	62	36	20	25	21	27	47	38	25	83	9	57	81	65	75	76	41	64	85	61	43	34	50	58	84	28	82	19	66	42	29	35	73	1	15	44	26	59	37	4	11	43	58	49	63	45	35	56	63	32	72	18	22	34	74	57	12	24	76	70	60	13	17	1	14	29	3	77	46	39	77	51	30	5	51	6	7	83	16	67	71	79	
37	42	67	65	12	76	1	82	15	16	49	29	13	58	13	9	3	9	38	77	14	20	36	68	18	38	17	70	15	39	60	6	78	81	68	2	69	67	41	81	79	85	66	47	19	32	10	12	80	4	44	7	20	77	24	78	71	36	59	81	30	72	85	62	66	22	61	4	5	54	83	35	9	21	36	23	46	43	70	84	8	26	84	25	57	
62	50	39	53	20	74	79	47	28	53	25	48	69	68	3	35	64	35	83	34	25	14	34	23	81	27	20	61	65	77	72	40	39	24	5	14	52	82	15	36	4	80	79	70	59	37	59	85	26	55	23	49	23	57	73	60	41	43	31	13	33	15	50	26	78	52	84	1	3	6	30	51	2	66	71	58	16	7	45	36	10	20	42	27	29	
20	82	62	18	67	73	5	80	35	71	27	42	62	23	84	22	50	84	60	26	66	68	78	61	28	27	72	81	21	47	23	38	43	82	10	63	67	12	13	57	79	39	54	10	56	6	30	61	2	1	41	65	69	32	81	41	14	15	76	30	64	11	24	56	48	31	31	74	83	41	85	72	75	45	36	85	7	20	16	46	18	53	25	37	40	
58	32	50	70	21	34	42	71	53	52	31	37	81	13	71	36	5	12	62	5	46	16	49	65	28	8	38	39	70	27	73	40	57	76	65	33	22	61	57	29	28	43	20	19	53	4	7	12	16	23	56	58	44	18	74	66	23	24	10	6	46	41	85	59	25	63	45	44	40	56	35	60	10	47	31	17	46	48	26	13	14	37	68	47	52	
53	63	29	29	28	73	30	62	70	1	41	44	81	40	34	48	63	4	55	64	33	69	62	22	50	73	74	41	9	33	5	16	51	77	42	76	58	68	11	41	21	45	39	15	82	70	17	13	29	27	75	16	8	47	77	18	32	64	51	38	10	9	12	15	79	47	2	7	70	49	45	3	6	46	57	43	24	29	52	54	56	36	17	19	37	
6	25	24	67	29	16	31	36	22	42	69	66	43	73	5	44	75	6	47	23	17	41	83	43	4	84	50	79	13	63	71	16	45	7	81	68	20	26	58	44	63	82	60	61	28	62	58	9	22	17	72	79	12	66	76	56	62	39	47	73	14	74	85	10	76	38	32	51	14	45	46	31	40	58	2	60	34	15	23	19	28	8	85	80	69	
74	48	85	67	49	69	35	34	24	42	64	56	73	70	67	71	26	10	63	81	53	36	68	72	13	32	46	59	29	37	40	57	82	80	39	1	61	68	32	82	65	50	51	5	32	76	75	55	79	51	5	84	38	28	59	6	58	60	62	40	54	56	52	45	66	42	85	21	65	30	78	41	76	81	43	77	47	70	83	80	31	74	2	22	3	
5	24	68	20	83	61	65	52	25	64	11	70	61	71	42	45	41	37	75	16	78	49	17	17	35	9	44	63	40	63	74	84	41	50	14	36	67	76	41	3	10	49	22	68	33	18	25	28	9	12	42	41	15	13	55	2	21	11	60	19	28	43	10	27	47	21	57	25	51	11	69	58	23	43	39	1	15	24	29	30	73	31	60	81	33	
27	81	7	78	10	19	60	8	30	81	52	85	51	31	49	16	52	61	27	7	54	26	19	69	7	38	8	27	12	43	14	34	79	19	66	3	34	39	48	14	33	15	11	37	82	57	50	47	73	32	51	40	55	25	21	59	60	68	40	24	22	8	13	12	28	76	17	23	29	20	24	18	62	35	48	63	44	52	58	29	83	21	65	48	45	
40	61	57	20	55	78	39	63	3	6	39	77	55	49	57	65	70	67	40	57	69	7	56	34	66	81	27	37	15	30	35	10	45	5	27	13	38	20	28	41	23	71	67	75	29	78	51	50	14	2	62	81	48	28	31	21	22	8	14	76	35	44	83	80	3	64	45	42	81	72	32	17	46	49	52	26	39	9	31	53	54	4	1	11	33	
66	68	5	72	78	35	61	37	30	53	76	6	55	25	43	32	50	13	33	54	56	56	4	20	84	9	67	43	8	29	70	70	9	30	11	84	64	69	73	46	75	61	52	37	41	47	24	45	57	54	12	24	64	62	83	65	60	62	58	21	48	82	45	51	23	10	7	39	77	32	1	20	49	2	12	85	50	34	59	13	3	8	79	60	63	
72	75	74	46	45	50	3	81	48	8	17	55	10	10	85	81	6	18	41	4	71	38	46	14	35	15	52	82	2	24	54	73	54	83	71	53	85	28	47	45	33	62	54	84	68	51	76	28	23	75	29	5	22	30	19	11	40	21	6	1	43	14	64	51	56	47	16	47	78	60	46	63	75	12	13	13	20	42	38	80	26	25	81	49	5	
51	10	85	69	13	78	67	66	12	29	28	56	44	30	83	57	72	14	45	38	21	12	53	60	47	45	84	22	80	82	68	85	48	65	70	16	11	2	78	20	29	60	75	26	2	27	37	72	77	79	76	10	46	71	25	46	73	62	71	62	18	49	17	58	63	38	74	81	37	19	6	20	77	32	85	82	12	35	15	1	68	33	50	31	23	
71	69	81	2	4	13	13	5	68	24	63	18	47	47	53	17	7	27	3	35	25	29	43	57	39	41	37	24	3	19	35	28	84	70	28	42	37	80	43	21	58	60	33	18	61	40	74	63	64	74	51	1	16	8	55	9	1	48	31	45	61	20	69	22	3	52	11	79	85	51	10	55	65	38	30	44	75	14	56	56	49	20	54	55	26	
60	19	64	61	4	21	34	63	44	3	20	47	11	12	44	18	17	12	35	52	78	71	82	4	40	46	44	16	50	53	36	64	26	52	41	27	70	26	45	65	68	62	25	76	71	67	46	1	33	37	6	23	19	85	66	13	2	22	24	48	31	12	69	53	62	27	38	85	81	77	19	72	51	42	6	39	62	8	78	6	43	79	68	54	74	
47	21	72	23	84	74	7	9	52	58	26	22	47	65	15	36	81	74	84	36	34	73	50	36	59	10	75	47	76	38	76	77	14	61	55	11	3	60	16	9	71	83	29	30	57	83	63	49	26	17	37	66	43	84	5	56	48	74	18	78	67	4	28	78	17	79	85	68	4	62	70	29	8	51	56	58	6	73	64	24	43	12	35	41	53	
37	9	10	65	22	84	43	64	21	75	35	52	29	49	14	38	69	35	42	30	45	11	70	73	26	49	28	34	81	23	37	72	28	1	6	47	38	46	65	13	75	54	61	16	15	24	52	81	17	4	66	55	54	5	81	79	51	63	66	2	82	16	27	31	12	30	27	3	74	85	18	67	9	33	31	21	49	80	57	59	39	76	68	6	78	
61	37	41	35	15	81	29	72	31	7	34	47	26	36	33	66	44	48	72	69	38	5	72	70	16	85	19	5	30	63	82	80	13	76	74	67	71	53	50	2	60	36	46	39	67	33	14	65	35	84	3	68	49	73	56	56	76	19	64	3	79	8	40	46	83	62	26	63	68	32	18	1	78	75	27	83	8	38	77	82	4	61	6	30	9	
60	41	69	76	53	28	69	58	18	26	8	33	6	72	16	31	83	45	48	14	69	43	62	61	60	55	48	32	71	78	31	44	71	57	29	36	36	50	7	8	73	12	39	34	35	6	19	72	49	64	40	72	61	13	46	30	65	47	16	52	77	2	84	63	10	67	9	53	38	59	11	57	66	84	4	67	44	20	37	51	36	74	39	13	42	
30	78	19	75	7	20	21	53	58	79	54	38	42	52	22	9	55	76	27	8	76	77	49	49	68	9	83	12	37	46	56	22	36	24	51	82	41	69	43	54	17	49	47	56	13	65	62	23	10	2	28	45	33	74	2	14	39	39	25	28	84	28	48	73	49	15	24	45	34	19	57	50	65	11	59	33	31	75	52	40	32	34	80	62	20	
75	30	54	68	8	79	20	32	81	5	36	45	70	77	33	41	42	38	18	11	7	5	34	36	55	69	65	1	56	81	61	3	24	71	23	74	16	44	17	9	84	2	12	64	34	39	17	73	72	76	35	35	77	66	67	5	4	45	43	15	37	13	54	16	40	74	80	50	26	47	12	83	52	60	40	46	11	19	62	81	48	14	68	82	72	
47	26	32	3	64	43	81	31	9	49	20	39	39	67	61	40	33	38	44	3	37	72	54	84	46	47	77	52	27	60	79	29	40	66	30	16	21	63	1	67	22	18	17	16	40	33	56	23	25	48	24	11	34	74	6	33	78	37	41	57	9	35	2	3	8	68	16	65	41	73	45	18	28	16	38	69	48	38	85	27	41	62	36	74	50	
38	58	76	71	10	46	35	83	82	35	85	61	7	18	56	19	17	28	42	31	56	59	30	49	54	52	2	26	39	27	27	73	1	16	14	48	15	5	39	53	77	78	67	40	8	36	60	64	61	47	6	72	18	75	77	29	81	73	6	33	55	31	62	9	1	32	50	55	70	1	20	65	76	83	66	39	74	57	15	3	15	61	34	72	11	
15	11	1	42	14	71	9	84	43	54	82	26	16	6	8	14	27	22	46	60	73	38	2	81	50	3	51	23	70	35	68	82	85	64	78	56	47	41	52	48	7	85	28	20	3	30	74	66	12	74	39	31	25	37	25	70	79	73	57	61	62	29	55	59	50	2	36	58	43	33	45	45	24	67	20	32	51	49	4	54	34	80	40	53	29	
63	77	20	4	80	35	64	61	45	77	19	43	55	21	81	82	63	81	16	84	55	83	47	15	1	55	48	71	10	52	57	23	83	31	66	75	60	84	51	16	30	22	57	85	39	7	78	56	42	45	53	9	37	53	65	71	25	26	12	67	26	68	45	28	4	24	51	66	61	74	36	3	72	1	5	70	54	26	34	2	25	44	8	60	6	
69	85	66	43	9	3	24	70	46	2	71	22	53	1	38	13	30	38	49	70	75	18	30	16	6	29	78	44	76	50	5	14	56	25	12	11	26	33	78	27	72	18	5	32	17	41	84	1	28	36	69	19	8	54	79	20	79	59	15	24	65	54	37	66	77	2	76	56	80	65	81	64	37	34	2	8	23	40	7	48	74	30	61	83	4	
84	46	28	56	53	51	32	20	39	55	50	40	38	19	24	57	52	36	7	81	77	12	16	30	58	61	16	85	78	49	81	30	8	17	83	18	21	70	74	57	35	41	58	27	51	71	80	57	20	5	49	10	53	19	82	21	34	6	19	65	13	54	9	64	68	3	67	84	31	63	9	15	42	59	37	45	4	72	14	56	69	66	62	73	32	
10	7	65	13	66	41	62	27	49	30	46	4	51	83	28	15	5	82	9	58	73	52	9	67	69	62	79	34	85	68	63	1	26	84	53	3	37	28	29	35	12	72	36	61	70	18	31	25	18	36	43	39	85	44	8	17	19	2	5	10	20	22	50	41	16	15	47	5	3	66	40	7	7	71	24	69	45	6	7	57	39	9	45	12	48	
50	8	13	4	52	22	19	71	32	58	1	37	12	1	35	31	36	77	39	61	11	58	18	14	20	23	9	17	65	45	52	30	4	63	72	59	40	6	35	60	62	74	55	24	73	38	51	67	25	41	35	37	10	6	3	68	27	7	80	46	45	14	27	47	18	16	51	25	10	84	26	21	69	70	41	15	59	53	28	81	42	17	76	48	20	
68	70	85	73	19	84	71	17	24	74	75	31	76	82	80	72	59	15	9	83	9	60	55	11	83	48	48	13	32	50	84	51	32	68	35	49	65	60	20	43	84	52	28	77	85	21	12	56	81	16	8	37	29	61	45	25	61	53	76	4	23	60	56	81	41	39	42	67	54	16	14	6	62	40	78	62	18	39	69	43	24	1	77	36	46	
77	15	22	36	3	60	43	65	66	36	13	58	32	26	66	46	38	69	64	33	18	32	1	49	61	41	12	41	31	48	84	19	59	62	9	58	72	49	30	5	39	84	63	69	63	81	68	14	62	85	84	30	70	82	75	38	35	85	78	19	4	42	6	11	40	83	73	24	1	50	26	40	10	41	67	62	41	2	29	52	79	25	7	19	71	
22	54	8	63	42	24	59	26	56	65	63	53	85	41	50	5	65	43	4	60	19	64	12	52	7	16	47	68	1	60	44	20	69	3	35	66	66	9	6	34	25	63	83	64	18	45	66	35	11	70	10	53	84	54	20	42	67	23	27	28	29	60	78	9	17	25	72	80	71	76	31	6	13	30	24	73	21	2	32	59	33	55	77	61	60	
80	15	77	50	34	8	76	48	83	40	62	20	65	54	44	4	39	47	4	12	68	16	29	24	60	43	1	25	33	59	41	55	71	32	61	60	42	4	21	71	41	35	45	18	43	3	23	76	5	63	84	27	76	69	2	10	64	85	27	49	56	65	6	81	9	19	52	78	22	25	18	66	57	17	31	55	26	11	2	58	22	6	79	56	28	
35	55	80	33	36	31	43	12	76	37	56	7	2	3	27	24	60	37	36	75	23	45	45	25	41	14	3	77	47	51	7	81	18	41	67	52	28	22	18	14	61	29	62	56	71	39	34	46	73	26	31	8	64	76	78	59	42	72	48	1	38	10	39	8	5	14	15	30	33	82	84	2	17	12	19	83	48	85	37	43	59	22	4	77	13	
66	49	2	7	51	42	82	59	74	1	18	85	56	44	73	38	84	29	52	5	79	1	57	31	31	37	2	8	30	34	53	50	80	54	11	85	7	11	22	36	3	28	33	58	69	64	46	62	4	6	20	34	2	66	63	72	15	19	32	9	50	83	3	43	48	12	81	9	13	6	47	68	31	36	63	14	10	22	30	43	67	45	33	66	65	
7	4	35	22	34	33	69	73	32	66	74	82	58	79	9	62	34	16	5	18	80	57	59	12	39	56	76	38	14	8	17	11	52	47	64	40	43	2	23	19	64	8	15	76	42	60	13	29	73	53	44	63	21	20	27	14	72	56	54	23	25	18	26	68	21	41	62	55	45	1	66	24	50	78	49	82	51	52	31	77	15	32	50	79	83	
32	1	59	42	5	79	63	62	57	80	79	10	64	43	48	5	20	18	8	49	62	40	52	68	19	40	82	42	44	26	27	31	65	40	75	67	32	45	41	50	76	74	7	41	27	53	1	2	24	1	4	46	39	52	22	55	46	56	45	10	77	69	72	55	27	54	37	6	49	35	3	36	15	7	74	81	13	72	38	34	28	35	73	63	47	
49	71	85	21	30	44	6	54	27	57	69	78	44	32	39	27	29	72	81	33	20	31	43	42	65	33	24	53	58	42	7	60	25	8	72	10	44	34	55	25	41	1	15	45	22	11	64	46	35	14	33	12	85	38	45	61	17	66	28	74	26	71	46	2	73	70	3	71	15	12	9	8	5	23	44	24	68	63	19	16	31	50	60	29	34	
17	85	48	38	65	75	12	48	73	51	77	59	9	58	23	18	67	28	65	39	26	75	63	1	48	30	31	10	3	11	83	62	50	44	52	28	34	18	33	18	66	59	69	28	37	46	85	51	28	57	45	52	3	12	7	47	81	78	11	81	83	19	53	53	47	58	27	32	76	13	46	54	67	72	40	51	29	31	20	10	5	4	16	84	14	
20	3	49	49	16	42	8	56	50	4	55	20	67	84	5	75	85	11	54	66	42	63	48	70	71	55	30	69	34	21	43	85	60	83	57	22	79	7	72	51	85	81	18	65	78	17	51	77	68	60	9	21	35	64	46	62	74	68	79	2	44	70	41	57	20	85	83	12	46	17	12	39	19	19	25	2	75	23	29	61	36	37	31	24	58	
31	29	63	10	23	25	7	41	57	62	59	11	6	27	51	21	71	2	29	3	57	69	32	75	10	83	65	5	68	1	84	12	25	15	60	4	44	24	36	85	37	49	8	42	71	13	58	54	12	7	10	28	22	43	60	72	82	30	33	56	67	38	21	46	35	81	48	22	16	40	17	47	78	64	83	34	76	17	39	40	50	34	66	68	55	
25	52	58	54	33	26	72	52	51	30	43	76	74	58	2	55	29	85	56	48	36	19	34	45	40	31	49	29	1	28	10	65	34	67	32	64	4	13	70	2	83	66	76	63	79	30	33	62	69	38	22	17	59	10	23	35	78	61	61	77	40	69	57	28	53	37	5	4	6	29	50	8	60	84	18	39	63	1	55	42	25	46	54	20	39	
23	53	33	79	70	60	74	57	69	14	50	19	59	8	62	84	51	59	2	39	31	81	13	29	48	6	51	76	60	69	75	35	76	55	68	56	25	54	60	52	66	24	64	44	30	80	74	79	9	73	69	38	65	41	63	26	43	68	56	49	7	39	81	82	2	65	5	71	32	66	27	48	83	45	85	72	38	67	11	45	53	77	47	72	1	
52	14	13	74	63	23	78	12	13	26	53	26	28	32	10	2	57	56	37	65	4	12	8	69	67	4	80	1	79	61	61	43	29	28	31	39	42	64	5	6	1	56	30	67	44	34	26	53	46	15	25	44	66	70	68	36	69	12	37	16	68	50	18	48	76	40	19	30	55	84	49	9	9	20	71	51	11	7	17	44	62	33	45	42	22	
21	72	36	29	19	52	51	67	59	50	14	54	44	45	18	82	31	22	10	81	49	48	82	9	59	80	68	46	34	20	13	9	53	58	78	61	55	41	82	61	5	51	67	2	41	42	81	21	16	81	14	22	41	11	24	57	44	45	65	74	60	65	38	16	69	28	31	73	23	78	83	71	27	62	70	22	64	25	40	35	8	56	41	4	14	
64	13	55	19	72	82	36	43	32	11	62	15	75	41	37	53	36	17	51	56	33	13	21	47	49	44	8	18	82	51	69	22	61	31	77	80	68	16	35	24	58	10	26	50	7	14	52	38	29	84	19	54	28	63	12	10	23	58	20	59	27	45	65	83	68	66	78	48	30	61	25	74	32	77	33	31	44	81	62	70	35	19	3	79	84	
41	5	11	8	60	30	25	15	84	58	39	1	3	37	58	14	9	44	57	36	32	16	79	62	32	12	53	48	81	40	40	36	80	6	43	20	66	17	63	64	27	49	16	23	83	72	34	42	70	25	73	13	78	63	28	23	28	75	25	22	68	19	49	17	65	38	31	44	49	45	19	73	85	74	50	80	59	38	33	80	18	61	3	7	2	
70	27	23	56	17	35	37	21	38	59	3	74	29	47	77	66	10	19	67	79	81	21	85	59	2	77	73	11	35	33	1	17	15	56	28	15	5	18	34	81	36	31	66	51	63	12	70	24	29	45	13	50	11	52	63	8	46	48	61	30	78	55	2	4	26	30	57	69	84	2	58	20	80	78	72	45	9	6	25	71	5	42	82	14	39	
56	59	78	55	35	62	84	38	61	41	55	46	14	32	4	10	43	12	68	33	39	32	76	36	53	17	39	83	1	9	76	5	63	69	58	50	81	51	79	11	45	47	21	52	33	85	15	73	54	46	67	82	75	48	72	40	16	25	77	18	27	71	19	45	1	24	6	35	33	80	44	2	80	7	34	27	2	12	53	60	20	26	22	76	30	
73	76	41	57	17	10	30	39	65	77	78	2	33	24	69	25	21	52	13	27	40	82	23	41	43	28	42	23	36	73	6	53	13	2	14	29	7	83	62	27	69	55	68	51	31	49	71	48	13	43	66	14	69	45	46	67	26	44	43	8	70	45	58	85	51	26	20	4	21	37	74	49	47	50	7	64	12	30	63	64	38	54	69	46	56	
69	23	70	66	73	67	48	61	37	40	16	17	14	59	36	46	45	33	69	3	82	13	58	21	29	29	4	66	52	54	59	39	62	33	13	74	12	65	48	7	52	20	17	68	74	8	63	80	78	19	26	69	71	76	49	7	61	81	30	24	32	84	12	55	70	75	72	85	79	32	43	40	53	7	60	75	57	33	18	44	44	38	10	64	66	
26	25	40	24	50	17	13	2	71	12	70	44	77	18	32	28	52	78	14	57	82	46	21	27	53	64	26	7	83	2	21	19	67	57	79	34	28	31	75	10	38	52	23	9	72	36	61	32	60	72	47	59	30	65	36	37	77	80	32	84	15	51	45	79	74	32	62	44	17	48	6	43	9	15	53	33	44	66	17	63	52	57	69	31	44	
16	62	61	71	54	47	40	54	2	74	72	75	57	69	2	7	76	42	70	79	50	39	84	23	73	4	32	23	74	55	52	9	71	23	63	74	29	58	40	66	44	65	48	6	45	5	59	30	51	60	60	53	8	67	21	77	56	44	36	31	71	83	68	1	64	85	79	37	53	17	13	9	81	13	80	33	15	83	21	56	25	78	54	3	8	
72	51	80	77	77	70	35	30	44	25	44	39	4	35	6	56	43	53	11	67	18	75	66	71	1	76	50	72	84	36	14	68	37	7	7	65	70	42	9	26	19	5	62	62	37	22	70	34	72	78	85	44	14	20	80	11	8	33	35	50	21	47	26	52	51	43	28	33	39	73	15	84	32	73	55	74	48	3	55	79	62	57	32	72	27	
57	38	75	41	27	33	70	74	14	23	76	83	5	63	20	75	77	58	72	15	30	82	64	59	52	51	5	56	42	17	2	82	58	26	77	78	53	48	17	67	25	6	59	27	24	34	65	8	7	73	21	69	68	80	40	31	77	35	82	62	45	32	16	47	54	2	1	60	47	9	35	28	55	48	10	71	79	33	36	37	11	51	18	17	85	
12	16	29	80	46	4	74	33	13	38	81	12	66	7	14	26	40	39	75	42	85	22	5	18	46	25	18	55	82	2	47	15	48	73	44	48	74	24	76	54	13	25	56	78	34	19	13	31	11	49	62	20	11	49	29	55	28	38	67	64	76	21	67	37	57	61	82	35	81	36	75	5	58	79	34	48	50	10	53	62	82	69	63	5	17	
43	14	14	75	74	75	23	4	16	54	51	68	6	48	19	31	62	63	77	8	10	65	55	7	32	25	6	20	45	46	3	80	64	50	24	44	79	47	85	44	50	11	25	53	79	83	38	10	58	71	17	65	52	26	26	33	9	79	84	45	69	35	81	36	82	57	39	30	56	72	73	25	29	51	21	20	60	56	70	16	12	40	49	1	62	
18	31	71	39	22	63	16	55	17	13	6	65	78	34	72	29	22	1	79	68	59	23	14	69	3	36	62	39	41	15	55	45	38	74	30	69	50	85	66	25	45	70	35	35	58	18	8	83	56	51	7	32	25	27	57	24	60	82	17	85	76	73	76	30	12	77	40	19	60	12	28	14	54	61	20	9	42	21	43	4	37	75	66	47	49	
70	20	69	58	38	21	41	60	9	17	18	71	48	33	35	34	56	4	12	70	47	3	56	19	70	18	22	57	30	16	66	21	24	48	59	6	66	14	12	30	40	28	27	25	46	84	77	67	43	80	6	42	36	16	61	17	29	25	73	50	81	48	63	13	70	72	64	70	49	24	11	52	6	65	30	28	10	31	38	66	9	51	15	41	54	
4	56	34	26	1	80	14	82	6	67	45	75	79	75	29	14	78	30	18	13	22	32	15	33	72	57	78	64	16	31	8	17	46	13	82	73	48	52	68	28	65	23	37	55	47	53	27	39	35	40	77	45	26	2	28	49	10	18	66	20	5	53	73	82	11	21	69	9	55	51	24	38	25	44	41	67	65	61	55	41	58	59	40	32	43	
