8	63	3	11	15	69	2	23	47	48	64	18	1	49	61	78	52	74	15	22	71	29	23	53	40	25	21	6	62	55	1	9	83	38	14	53	65	14	73	21	16	50	36	56	11	10	3	60	80	15	37	63	41	14	70	35	36	4	39	52	13	79	15	51	29	27	15	5	80	7	21	54	48	57	60	17	17	66	28	9	30	19	26	24	30	
8	56	20	50	7	69	17	84	81	65	67	62	34	24	11	32	84	58	35	7	30	45	21	2	27	27	28	43	7	49	70	12	60	44	17	64	25	73	18	61	7	82	35	39	63	46	68	57	56	59	66	83	14	80	40	80	69	22	35	71	26	59	33	85	15	3	16	79	74	31	51	78	72	41	75	42	1	9	8	6	63	29	1	36	19	
80	23	31	57	12	9	37	68	81	32	37	81	2	28	67	72	33	15	51	71	40	45	22	46	7	24	63	28	64	6	83	14	68	27	69	77	33	17	14	26	3	48	20	44	30	41	29	61	10	77	1	5	34	19	48	82	82	25	21	15	70	18	26	50	41	49	39	28	35	51	11	19	53	68	36	81	38	44	13	71	42	9	73	22	74	
75	57	18	11	76	30	78	46	11	82	41	56	33	67	73	38	73	47	4	53	61	83	28	17	47	54	5	10	38	66	31	68	35	46	34	22	32	23	24	38	59	61	7	5	40	34	42	67	77	84	74	51	34	58	25	79	26	24	85	15	44	28	80	76	29	25	55	60	3	81	48	62	46	52	18	43	83	13	62	36	8	49	37	45	63	
54	30	79	33	70	48	74	52	40	63	35	20	28	45	20	55	5	33	13	12	49	8	49	59	68	76	21	71	23	58	43	32	43	77	62	67	37	5	31	34	65	21	48	47	62	22	14	66	53	67	36	56	72	77	27	9	23	2	34	85	58	38	29	57	64	46	34	11	48	19	81	67	39	84	41	15	18	80	42	68	60	58	44	1	5	
17	49	25	17	81	22	29	66	6	81	40	48	69	5	50	85	84	30	34	80	54	85	52	46	28	33	60	40	24	15	42	80	61	21	51	54	82	77	75	85	27	27	3	53	31	50	47	68	34	36	17	1	75	67	1	56	55	16	8	74	32	4	23	85	26	71	9	59	18	81	13	83	62	13	45	4	19	46	26	57	36	41	4	35	20	
44	77	69	56	39	12	80	41	32	34	17	57	82	30	28	32	42	23	7	8	22	50	65	24	74	27	13	26	70	34	84	29	65	66	79	58	32	31	53	19	16	25	73	11	52	14	40	5	76	45	15	53	49	75	78	35	54	83	15	81	71	12	16	6	32	51	18	61	31	68	77	46	47	20	53	21	31	48	59	62	55	33	35	7	60	
53	81	57	6	8	48	31	17	61	76	3	65	6	62	8	28	8	50	73	25	57	39	10	59	9	26	17	68	6	63	29	14	56	83	17	18	43	2	33	59	75	75	37	35	49	41	19	12	46	3	77	15	81	84	71	42	64	42	22	67	59	48	78	27	44	49	45	41	51	30	14	78	20	45	32	23	85	41	72	42	1	60	11	34	13	
37	72	74	33	9	54	5	9	44	29	50	6	26	46	10	11	55	84	67	13	64	85	51	60	69	47	56	83	12	84	14	48	26	80	77	30	46	36	36	45	62	41	5	43	84	15	50	8	49	31	60	27	68	23	82	6	24	7	44	34	52	50	79	67	42	25	51	53	56	57	42	73	37	1	70	33	51	75	80	16	58	53	78	80	76	
72	84	10	75	40	83	73	44	29	53	40	50	58	37	60	12	76	2	46	31	69	33	79	56	26	4	68	33	35	61	18	19	57	67	48	50	20	34	6	46	41	1	51	53	36	23	21	66	22	20	9	45	51	3	55	32	44	38	24	76	8	77	50	25	55	11	27	71	85	68	74	80	66	33	47	14	54	28	78	29	39	42	28	43	38	
81	25	36	70	40	26	32	28	72	48	37	36	27	20	32	5	46	64	26	76	62	79	83	77	25	29	25	63	7	62	13	42	85	46	24	80	25	54	19	51	56	53	85	38	28	71	79	73	47	17	59	64	8	55	53	30	33	32	48	82	7	57	34	49	58	12	37	84	20	11	43	30	61	2	62	1	65	53	31	67	25	40	45	74	50	
50	57	80	80	16	28	41	27	58	42	81	67	75	30	84	40	28	26	14	22	43	54	42	51	78	63	72	30	18	13	76	22	67	24	14	37	6	9	61	62	47	55	83	77	39	82	31	64	60	82	44	57	49	85	19	81	12	45	65	27	56	10	3	35	73	57	69	77	66	85	52	68	9	46	59	45	2	38	64	11	32	17	64	48	51	
37	28	60	79	47	41	46	54	41	35	39	52	59	29	28	13	77	47	19	78	13	61	26	4	37	75	75	8	8	22	13	43	5	30	76	48	65	38	56	61	23	8	25	36	33	7	46	65	51	20	10	18	80	33	62	69	63	49	32	68	26	42	23	70	67	14	72	1	83	40	16	61	45	81	51	34	42	11	53	48	27	58	21	58	55	
79	82	20	83	26	1	21	22	63	44	43	70	28	84	23	23	12	81	65	47	2	52	44	50	15	4	31	27	25	1	71	13	80	44	53	60	42	25	85	64	66	35	42	49	73	19	69	83	54	3	84	55	53	40	15	24	41	43	51	17	45	71	72	76	27	32	5	24	56	82	4	74	72	77	34	57	7	57	9	18	58	48	65	67	6	
77	41	81	32	42	52	27	67	33	57	7	18	60	70	25	14	19	10	37	8	84	49	54	10	55	68	22	57	1	85	55	34	80	5	18	34	11	43	14	44	54	61	13	68	2	35	76	15	84	69	62	37	29	30	45	81	50	21	51	6	18	63	34	53	20	49	40	28	45	8	22	12	65	74	33	24	63	64	31	59	46	5	51	70	73	
50	20	77	68	25	79	40	39	67	4	55	28	84	36	28	6	12	78	24	83	24	41	58	85	67	72	83	29	35	65	12	39	82	44	19	21	77	57	59	57	15	66	39	13	14	64	55	69	56	76	61	33	27	32	72	7	16	67	73	5	46	1	42	80	80	17	54	70	71	74	44	38	43	75	3	11	9	60	34	18	2	8	48	26	81	
74	71	46	53	56	48	9	7	43	43	85	54	10	67	77	72	60	27	69	4	70	34	10	79	63	67	76	65	28	55	11	15	38	55	20	6	57	26	11	12	24	8	61	31	29	50	58	1	31	39	2	55	30	52	47	1	32	78	20	13	44	33	65	81	35	83	40	3	63	48	8	84	10	68	27	80	71	82	76	17	73	32	25	12	5	
24	52	25	12	27	77	10	51	54	45	83	49	81	82	68	84	44	63	47	23	45	37	48	80	25	17	66	54	38	32	5	59	38	69	26	62	58	33	70	24	74	20	28	24	55	7	22	11	29	63	73	67	12	34	59	76	48	79	1	84	65	2	13	15	25	35	36	80	72	12	60	9	30	40	31	38	3	4	50	23	71	39	1	41	63	
14	62	66	47	59	62	24	15	28	79	37	61	23	71	39	74	41	2	57	79	31	7	34	74	8	54	51	38	10	36	55	21	11	75	66	68	6	44	35	32	77	69	5	54	9	83	40	48	82	52	81	67	13	27	53	18	37	58	10	43	6	63	19	14	12	38	42	16	80	67	40	69	17	42	46	20	37	30	14	73	79	50	22	49	33	
16	61	63	71	69	60	32	1	76	85	5	26	73	13	60	9	50	42	12	46	32	63	37	18	31	65	49	34	71	7	61	2	66	79	25	4	8	11	2	81	8	47	62	79	15	34	3	61	30	51	62	17	68	14	30	53	73	77	84	14	38	19	53	58	48	33	59	53	41	15	6	52	58	64	37	70	10	77	20	80	82	16	23	63	67	
76	28	9	22	67	20	57	79	27	27	42	56	83	46	12	52	47	53	64	22	44	46	71	75	85	62	70	55	26	2	33	12	28	39	73	48	56	42	81	80	25	74	49	18	33	13	24	77	62	1	54	61	3	37	48	39	58	30	6	31	29	37	82	11	73	66	13	4	62	10	33	5	78	36	60	23	50	84	55	63	73	21	35	72	12	
38	22	19	65	25	46	49	16	82	14	44	60	66	40	35	70	27	71	61	62	38	42	61	25	47	35	10	22	29	35	32	63	54	4	79	33	5	83	47	84	50	3	13	30	85	2	11	21	72	26	36	23	19	9	85	64	84	8	83	24	40	68	78	48	28	26	78	31	34	79	67	25	80	34	51	73	34	17	52	69	6	1	36	13	7	
31	31	85	78	28	60	30	48	7	75	72	30	24	55	5	14	34	28	49	66	33	75	56	47	36	69	42	32	13	9	74	83	37	28	80	17	85	58	63	4	46	47	76	23	57	33	77	3	58	38	25	45	26	31	6	59	52	1	43	62	50	29	15	84	53	2	13	51	56	35	8	60	32	79	76	10	67	65	43	39	55	22	78	81	49	
37	3	14	77	42	31	39	68	42	77	33	40	44	38	51	73	43	19	16	76	50	56	54	69	11	44	36	29	78	67	33	26	67	1	16	23	28	9	2	25	83	75	19	41	24	68	23	22	84	78	12	4	5	61	69	13	60	17	80	49	38	27	72	18	65	42	79	6	48	76	28	85	21	7	37	82	66	14	29	19	47	23	20	47	45	
85	13	10	58	6	56	7	70	83	64	48	79	53	8	82	84	75	79	15	73	28	10	55	82	65	30	41	1	40	85	77	79	59	42	5	13	52	51	80	47	26	82	81	34	44	75	32	31	66	2	59	49	48	68	43	25	1	39	64	38	78	54	74	42	50	76	52	14	37	2	17	17	46	9	48	84	81	33	67	19	29	36	62	57	16	
59	54	53	51	72	45	41	80	29	81	42	58	2	56	48	1	67	65	36	73	66	70	23	10	48	37	78	38	55	21	6	69	29	55	30	14	55	25	6	38	59	4	8	58	60	57	13	75	70	5	17	48	71	37	12	73	27	2	68	77	20	68	18	47	78	82	15	45	61	22	83	32	18	42	49	26	52	55	16	32	19	27	34	39	18	
43	24	43	42	44	74	18	25	84	18	57	35	30	56	8	2	5	38	60	45	37	83	7	46	51	78	57	33	25	10	48	22	71	3	19	28	75	33	50	28	49	61	63	76	29	26	31	79	15	3	31	52	85	77	7	4	24	61	33	9	66	80	22	7	81	80	32	23	25	36	47	27	11	61	56	77	39	1	62	53	85	54	11	40	82	
58	39	13	31	70	14	52	17	75	56	8	67	42	69	47	75	70	28	38	43	82	27	36	37	43	83	77	2	49	68	77	20	61	45	4	43	55	10	60	85	21	22	20	59	1	64	46	25	47	81	22	84	62	55	32	18	51	63	17	12	82	50	28	61	5	72	53	14	79	23	10	11	82	29	68	40	46	71	59	7	64	44	54	78	3	
27	8	51	84	65	17	79	69	42	47	69	29	12	80	59	75	44	67	26	26	48	18	69	28	32	28	44	64	67	76	66	49	1	70	44	16	85	77	82	81	78	19	68	45	11	33	74	10	13	54	34	13	73	56	38	55	38	36	31	59	25	8	20	61	37	17	77	30	49	24	23	39	40	83	42	5	35	24	14	77	41	84	3	14	52	
80	66	44	29	52	15	8	14	73	66	45	2	9	71	49	29	7	42	23	48	77	25	24	56	34	13	1	72	56	54	36	47	75	34	31	39	46	35	50	33	55	49	74	18	32	75	4	78	29	22	75	60	44	11	70	37	65	25	16	30	40	6	76	63	37	18	14	38	10	18	68	59	21	12	31	51	78	41	83	61	49	71	76	50	36	
15	76	11	80	46	80	26	49	66	43	40	37	54	74	83	27	8	55	45	12	39	50	44	67	45	60	28	70	5	73	18	17	18	68	9	62	61	74	65	81	29	23	72	40	4	69	18	52	75	17	63	28	64	59	7	63	31	81	46	33	15	20	5	32	41	53	47	13	82	71	48	77	84	33	16	40	12	72	6	42	3	24	79	19	34	
69	36	61	54	36	49	24	53	50	9	6	58	55	57	52	73	18	29	67	5	83	62	14	67	19	53	23	77	73	80	21	54	30	36	63	65	82	41	68	1	47	70	56	12	82	62	84	12	4	24	14	42	33	67	64	8	75	82	81	60	34	14	71	58	47	1	35	83	39	13	85	83	37	10	58	31	72	2	82	25	16	50	27	3	30	
80	7	59	32	41	32	61	9	54	73	54	53	59	6	3	26	42	40	62	47	1	46	68	84	83	48	54	45	64	11	29	57	15	85	43	11	71	16	17	37	44	25	46	14	29	4	38	70	39	53	27	79	11	49	32	10	8	5	6	72	7	34	81	64	30	36	26	55	6	42	4	47	63	2	65	4	13	49	33	79	18	12	70	66	56	
57	68	60	52	71	84	13	58	34	29	1	24	56	52	27	5	10	27	25	11	39	66	50	85	5	83	54	11	22	31	63	76	53	77	41	79	31	8	49	62	80	46	84	83	59	65	42	16	5	62	23	83	42	28	81	43	22	47	9	42	33	68	30	82	15	26	73	85	75	34	61	61	35	14	56	44	32	12	55	77	27	37	72	65	64	
20	63	32	64	68	71	7	6	55	46	18	35	29	15	20	16	28	35	47	81	47	84	66	54	7	56	37	36	37	14	44	54	31	73	72	10	13	34	21	67	74	76	17	57	39	74	70	22	19	30	14	62	68	78	70	33	85	18	61	39	75	60	85	12	45	27	22	13	58	77	79	1	54	43	63	48	69	38	80	85	23	35	24	51	66	
41	73	63	59	1	51	81	58	5	4	16	30	63	26	85	47	56	40	55	53	7	57	34	42	38	73	61	25	44	60	3	84	43	63	8	41	68	4	12	71	2	67	12	19	48	51	64	58	3	74	22	9	6	10	11	33	39	20	55	79	76	13	75	73	31	80	27	15	77	78	79	34	14	3	50	15	17	69	69	21	24	18	13	23	53	
56	78	1	72	46	34	61	13	20	49	40	55	27	48	85	59	39	73	27	82	36	39	2	58	20	50	65	20	17	25	26	70	16	28	54	19	56	29	26	31	28	63	40	9	66	79	66	62	64	5	53	54	43	10	24	60	57	43	35	71	67	14	53	83	36	21	6	47	1	75	32	68	4	69	74	68	58	10	38	76	12	46	42	8	53	
63	21	64	18	10	47	82	21	56	28	11	27	74	55	69	57	41	48	58	21	76	80	34	83	72	22	48	31	62	53	37	79	72	13	10	78	14	45	15	22	70	20	50	56	34	68	26	68	32	40	43	59	30	33	52	56	9	12	2	25	20	75	17	4	46	22	38	52	65	2	29	6	61	30	57	49	8	37	66	75	77	64	55	57	23	
8	26	54	60	62	75	77	50	3	35	2	64	25	7	83	24	32	84	39	57	53	81	63	45	16	50	73	78	48	41	39	11	20	5	68	36	35	14	81	79	4	37	53	27	82	49	5	28	1	40	38	9	76	54	51	46	58	40	35	19	30	28	31	47	33	52	37	21	67	72	9	60	22	59	43	14	70	42	79	23	35	74	23	65	44	
71	22	49	18	13	65	45	37	46	50	22	7	80	39	21	21	2	36	38	59	72	6	75	24	41	5	13	66	25	77	15	50	51	16	66	61	36	67	10	79	68	71	42	17	69	59	34	64	8	27	77	76	31	64	54	23	25	65	3	2	9	52	49	60	65	70	30	13	47	79	53	26	19	84	79	81	13	29	58	74	56	55	4	33	24	
55	53	1	74	7	85	37	12	3	7	31	70	76	83	71	25	42	51	40	80	41	34	47	64	4	18	26	48	19	12	27	30	62	66	57	23	63	7	34	21	54	65	45	41	58	28	19	56	32	60	46	27	2	5	3	3	66	67	10	36	76	72	68	8	52	73	70	69	34	15	85	13	31	6	79	50	24	10	11	10	75	6	38	20	8	
77	64	26	14	66	58	44	6	74	49	53	59	32	75	6	1	29	44	30	27	78	68	4	85	33	12	18	33	2	37	80	75	13	17	1	31	34	46	34	15	46	42	29	48	29	36	35	55	38	14	79	20	37	81	60	21	46	76	50	44	23	43	31	73	14	77	16	45	28	5	10	27	49	39	57	27	22	47	79	51	10	52	24	7	61	
82	19	61	69	23	17	47	20	2	74	32	71	2	27	52	46	35	34	44	68	3	68	5	1	17	6	48	41	28	50	56	64	20	29	44	40	43	49	58	84	31	44	26	72	25	31	33	56	62	37	78	19	10	35	57	24	38	18	19	21	19	73	83	36	13	79	43	10	81	85	48	22	83	70	48	28	14	33	39	30	59	63	52	66	11	
16	44	4	73	17	62	4	2	12	37	53	5	22	17	36	19	63	55	59	45	57	31	13	2	60	41	58	35	85	79	84	55	77	84	42	7	64	42	47	68	34	56	26	61	69	66	26	6	69	37	45	80	67	15	79	81	49	6	70	3	39	65	13	29	61	54	75	74	47	82	18	40	48	78	1	67	51	72	65	83	15	76	64	38	72	
12	27	75	16	7	76	11	69	1	35	4	6	64	72	7	53	37	41	50	28	79	29	30	57	49	15	27	24	33	59	8	43	84	81	13	3	26	19	26	66	9	23	29	70	51	31	78	83	67	82	22	63	23	50	73	26	20	10	48	52	66	17	46	61	54	56	18	68	32	42	5	36	62	34	60	65	11	55	61	32	44	38	47	21	42	
28	45	57	34	48	61	54	55	61	70	12	31	85	34	57	81	77	49	13	58	19	75	65	66	5	10	64	40	52	40	78	35	39	5	23	40	21	74	7	78	60	59	20	15	46	31	50	35	79	56	47	7	44	24	29	51	73	46	41	79	42	31	26	33	75	62	71	7	36	32	82	43	67	57	8	2	4	51	76	37	62	53	76	18	10	
57	18	82	15	56	72	9	42	10	81	70	10	65	76	39	48	25	36	2	79	83	1	35	4	29	61	63	56	49	38	21	60	7	14	73	20	39	36	13	3	30	79	11	47	67	5	7	4	37	48	40	75	1	69	76	26	40	9	36	44	41	55	16	45	21	43	16	58	33	25	59	17	17	66	62	36	68	23	78	64	74	27	6	67	8	
78	5	1	81	80	83	75	46	13	77	64	8	1	79	1	23	47	11	79	67	73	28	3	6	18	15	29	42	15	12	4	2	52	1	37	43	81	65	43	48	7	62	9	10	50	2	71	51	10	61	30	76	84	72	35	57	2	60	11	14	22	11	53	70	55	44	68	45	24	25	46	26	41	52	76	16	52	54	56	16	66	35	49	27	21	
79	74	58	8	80	67	69	47	75	10	9	32	77	8	13	51	53	75	3	58	56	44	22	61	6	79	79	80	35	16	54	27	78	25	74	29	4	55	71	76	61	81	61	50	40	70	53	7	52	10	60	64	51	35	76	11	23	67	5	56	82	59	36	65	76	22	46	34	32	33	64	14	68	38	7	18	62	57	55	24	21	72	36	73	14	
25	77	78	3	35	2	31	4	36	50	34	12	8	21	41	35	83	85	50	75	4	60	45	15	69	20	33	49	53	56	18	31	3	7	74	35	48	17	77	37	64	64	47	69	84	42	59	77	40	63	64	82	37	63	10	58	80	6	19	11	8	39	30	9	1	16	40	43	30	71	76	48	50	75	71	42	73	84	79	64	61	7	65	47	68	
22	17	60	19	33	59	23	22	4	69	56	57	67	9	84	49	38	1	6	70	74	2	50	65	73	26	39	34	82	80	16	58	10	70	29	81	84	5	57	40	71	26	9	51	74	8	48	24	3	51	50	26	11	12	4	36	73	80	66	24	28	76	85	76	18	21	83	12	25	41	7	53	27	13	14	30	60	61	68	15	59	31	43	32	72	
79	55	62	70	73	79	53	61	71	40	31	47	22	85	26	15	85	72	31	9	34	75	64	41	55	74	54	79	63	75	62	54	79	76	79	66	65	48	80	6	81	23	52	57	65	72	27	57	12	11	21	43	83	80	39	50	22	5	82	42	75	16	47	67	83	38	1	18	36	80	21	2	54	25	82	29	51	20	38	60	28	56	58	23	10	
9	27	67	13	20	18	40	72	62	61	24	63	68	39	2	4	57	27	17	36	21	78	84	80	30	58	25	81	69	82	40	75	22	19	44	81	33	78	23	7	51	43	16	64	37	27	64	49	82	32	82	26	20	79	50	45	4	70	80	73	31	33	59	1	6	10	29	36	5	48	3	5	52	11	66	80	71	83	41	16	34	34	39	46	25	
33	42	26	17	77	9	70	22	21	62	67	34	3	16	66	49	54	25	49	18	44	43	80	39	78	8	62	28	76	59	7	21	14	69	75	44	36	56	20	50	29	84	31	72	12	52	79	19	35	36	41	73	74	25	26	21	72	46	4	18	11	5	78	68	25	23	20	57	78	38	58	61	34	45	82	85	50	81	16	1	17	47	63	45	27	
42	64	52	79	61	23	48	18	14	63	46	31	37	47	58	29	60	69	63	58	65	15	20	2	70	52	16	28	71	17	7	24	77	56	57	8	33	21	21	49	32	14	30	66	16	43	7	73	68	25	85	83	77	22	82	62	23	53	42	10	65	51	73	11	57	39	19	2	6	34	85	35	3	27	55	16	26	59	44	4	36	40	40	28	12	
32	83	33	39	35	35	58	36	56	67	47	9	80	50	10	68	85	84	70	24	51	38	2	71	79	43	12	37	78	78	41	23	72	26	16	59	15	71	52	65	50	10	69	84	53	33	66	54	29	4	26	34	38	73	56	74	28	19	13	18	7	5	77	31	26	5	45	40	28	6	20	76	11	44	72	22	66	8	17	49	48	82	37	2	62	
43	65	38	59	32	48	64	35	77	49	15	34	6	5	62	10	57	5	60	7	31	73	25	77	3	28	37	39	66	74	13	18	8	49	31	41	51	50	27	83	11	81	71	56	13	44	20	52	2	77	14	78	21	33	63	62	59	11	23	74	43	67	4	44	34	74	37	32	40	17	27	42	12	53	52	54	16	69	19	50	22	21	46	33	9	
51	7	65	20	60	53	52	38	9	52	19	39	4	54	69	17	30	24	66	79	35	24	42	11	76	46	27	51	79	11	57	41	57	78	55	29	81	60	64	44	22	80	78	62	81	59	71	23	36	6	56	63	69	13	72	61	53	50	18	1	59	31	80	71	25	7	12	10	60	29	63	79	26	41	67	55	58	77	31	3	34	84	68	14	48	
4	29	55	9	36	52	22	63	44	5	34	1	13	84	64	81	48	7	13	44	14	23	51	49	50	51	75	47	69	3	7	28	19	17	78	11	66	12	26	69	11	15	65	67	16	34	56	55	81	23	52	6	42	60	46	46	21	33	5	45	73	52	27	46	68	13	10	1	20	75	70	71	2	82	45	25	69	58	24	72	76	26	30	71	83	
63	31	14	55	74	13	35	80	37	35	20	46	42	14	22	30	31	3	71	24	4	77	49	53	10	62	82	31	80	23	24	54	6	2	58	34	45	48	28	78	84	38	78	79	48	53	59	33	52	41	11	8	32	55	15	83	71	52	63	62	72	85	70	39	32	42	62	75	1	9	21	35	36	53	25	47	27	37	26	25	81	43	30	60	43	
45	7	27	6	75	1	33	24	69	60	51	64	35	79	63	74	13	9	64	64	72	58	35	22	78	57	52	44	84	66	23	38	71	46	84	12	1	70	27	72	42	32	85	31	26	59	61	74	25	36	5	7	46	39	68	36	6	32	15	2	53	34	8	78	36	33	3	32	16	64	19	18	8	54	82	71	65	14	13	10	1	20	50	47	17	
29	34	12	21	46	55	20	34	8	10	65	73	5	10	42	66	61	50	28	26	6	11	1	9	22	40	7	75	84	18	79	65	41	43	32	37	49	50	69	4	57	3	77	24	54	30	37	25	33	64	4	73	35	44	80	47	45	48	74	35	51	23	54	2	19	84	69	67	2	50	67	58	13	15	38	59	36	62	46	27	52	80	14	19	39	
43	32	72	81	4	61	83	65	69	71	81	66	8	59	21	56	81	33	17	6	57	74	79	76	63	16	65	57	67	81	45	25	11	82	53	13	45	47	36	70	68	27	3	73	38	21	83	34	51	12	74	22	81	26	6	14	35	26	69	53	19	23	84	28	7	32	80	8	2	37	75	55	45	85	82	3	48	77	77	11	5	9	70	42	29	
34	48	18	61	29	68	70	3	15	54	49	33	45	9	65	64	78	70	72	20	67	12	69	54	35	30	53	39	14	46	22	40	9	38	50	71	59	31	30	60	82	73	6	78	77	20	16	26	5	71	84	66	38	61	74	24	47	85	17	55	38	37	49	41	29	13	63	85	4	1	57	72	75	16	19	16	42	31	38	79	53	51	10	45	58	
80	67	6	73	82	58	25	30	61	17	56	68	35	11	59	33	65	85	74	79	16	71	67	43	64	55	50	12	62	8	56	56	70	18	82	24	29	59	48	2	31	60	66	63	24	80	8	9	76	21	34	47	45	20	42	22	65	3	27	39	10	40	49	31	61	42	51	78	55	52	77	4	69	19	72	7	4	26	84	34	83	73	35	37	83	
83	54	21	76	79	11	36	71	57	65	38	52	70	25	72	32	58	59	9	65	70	13	27	45	46	12	40	31	45	71	68	73	37	6	61	70	7	51	54	17	85	42	24	51	64	84	80	81	55	44	16	76	12	71	33	5	82	67	75	4	7	56	64	42	8	1	66	54	14	74	69	67	28	47	30	47	43	65	35	48	21	2	41	29	77	
26	33	14	4	13	5	8	29	24	6	30	69	25	81	54	18	18	37	36	63	20	80	59	82	68	64	14	61	57	83	38	73	58	50	31	25	9	39	44	72	1	28	42	21	61	51	25	80	38	16	8	65	8	31	3	75	79	56	47	85	48	41	2	54	3	14	74	52	7	43	34	39	15	30	68	72	78	35	16	32	49	63	53	9	84	
37	79	29	5	83	26	3	74	9	55	29	72	40	76	24	25	66	57	33	7	23	16	39	11	71	22	59	46	55	62	39	50	9	31	49	43	47	48	32	9	56	58	27	20	6	43	73	63	14	18	25	35	75	65	84	55	81	50	25	7	64	7	48	30	27	15	68	36	11	51	76	69	61	17	28	60	54	19	37	64	70	26	51	56	73	
47	65	22	51	78	24	69	40	70	9	60	33	31	42	4	79	30	17	10	41	42	67	6	12	56	32	77	69	30	1	19	33	63	29	81	9	8	61	41	35	28	56	64	51	18	16	85	37	29	7	39	25	28	82	74	38	13	65	60	83	61	71	25	3	11	58	44	14	73	79	45	50	5	59	15	53	29	53	2	14	14	34	57	52	66	
19	35	29	36	4	25	51	68	16	84	52	17	37	1	43	71	82	5	75	9	58	38	38	23	79	42	34	64	31	27	38	3	13	65	34	15	44	40	79	43	37	68	13	74	61	53	54	55	57	80	18	68	78	49	4	64	46	77	83	70	59	45	28	69	52	20	37	7	51	39	4	8	47	21	25	32	22	49	30	32	26	45	13	10	49	
56	37	7	2	22	30	15	10	53	81	58	22	36	19	70	13	21	31	14	77	5	32	9	33	20	81	13	16	6	20	25	16	3	23	17	21	12	70	72	14	63	40	34	48	27	18	15	76	79	28	61	85	24	29	30	68	17	35	81	64	9	61	75	52	38	45	26	39	42	44	49	48	8	50	54	13	11	15	1	78	43	57	26	55	41	
48	71	8	37	22	27	85	30	59	11	58	74	26	4	76	31	3	74	32	32	75	82	72	2	39	19	80	46	42	84	35	44	24	81	36	1	17	52	27	73	33	82	38	16	40	61	41	40	6	25	26	76	63	53	76	12	70	68	54	23	21	41	64	84	43	11	81	48	9	62	69	79	14	55	79	56	69	78	46	71	54	28	18	70	2	
5	75	57	27	84	77	4	34	10	83	66	76	38	68	54	50	6	77	78	60	69	24	81	13	24	70	21	51	78	19	36	36	76	47	17	26	79	16	62	1	53	85	59	83	17	67	2	17	58	65	29	3	37	71	8	58	1	23	60	32	24	9	63	54	9	28	77	12	48	14	41	14	33	54	61	44	37	52	15	44	69	83	56	16	59	
80	38	15	16	85	39	79	45	17	45	59	46	78	49	53	33	4	16	63	54	68	61	40	69	75	82	2	50	72	13	46	65	79	48	83	73	83	27	37	52	25	36	51	22	81	53	43	41	67	66	44	10	47	39	28	63	33	24	7	17	35	77	44	66	49	29	56	76	8	35	42	30	70	51	80	19	7	3	9	31	50	11	26	58	57	
49	11	31	82	7	3	56	81	36	36	72	16	39	58	20	34	48	45	52	43	80	65	4	70	28	31	73	53	52	24	31	61	32	59	34	83	60	45	29	7	35	55	21	70	28	37	10	26	41	57	67	29	79	74	52	66	14	38	12	22	15	44	69	5	4	56	84	17	55	63	21	7	27	8	67	6	75	32	40	21	50	62	9	74	78	
11	45	37	7	3	50	15	75	78	58	36	81	14	48	55	59	24	46	83	17	67	47	43	62	77	19	9	72	65	39	59	70	81	5	70	79	10	42	67	82	52	13	79	60	15	76	20	38	32	68	7	12	11	48	66	34	64	26	18	40	59	30	63	16	32	4	83	80	81	20	71	43	73	11	5	41	82	21	74	84	32	45	33	85	81	
7	40	14	85	1	6	42	28	23	46	14	25	84	12	16	58	31	57	84	81	15	36	32	76	66	21	20	13	42	26	47	4	83	22	82	2	19	69	22	39	27	77	16	65	78	30	44	67	43	30	57	53	70	85	83	39	56	27	11	48	74	50	50	66	63	75	60	36	59	36	30	41	24	49	15	55	28	4	45	65	33	84	76	48	46	
68	42	2	38	45	47	28	8	50	41	24	42	57	57	56	2	49	83	64	84	11	74	29	14	17	39	83	58	74	43	6	46	40	48	47	81	50	12	51	54	61	64	4	16	76	6	57	30	2	77	64	69	62	62	61	44	74	13	85	59	11	53	52	55	48	48	41	9	60	65	60	15	56	18	73	44	23	37	27	66	25	3	31	63	70	
46	80	66	62	69	73	18	76	79	66	29	31	61	35	80	7	50	6	68	22	81	59	83	63	42	15	43	83	39	79	82	36	21	54	1	5	80	60	24	74	32	51	13	52	39	9	8	44	50	23	64	77	36	16	49	72	30	41	67	21	83	55	55	7	69	9	48	56	64	70	38	51	31	48	10	75	7	53	22	10	78	39	84	15	8	
80	85	34	76	21	57	63	73	18	67	61	75	26	60	44	54	9	6	76	14	52	10	62	16	71	66	45	22	13	51	28	6	4	15	84	69	67	13	55	37	79	51	19	58	68	13	17	28	20	44	42	23	25	48	1	77	67	29	11	78	36	81	37	7	10	74	53	24	12	55	26	65	23	71	74	38	82	43	63	56	41	59	29	53	30	
21	36	83	46	1	29	35	43	60	24	37	44	79	15	33	42	28	52	15	10	81	9	45	36	67	9	32	34	37	76	17	53	66	8	53	27	58	62	52	30	69	2	70	7	56	58	3	82	63	71	45	68	61	4	47	41	74	76	34	84	21	35	6	41	66	14	64	32	54	26	17	72	64	48	77	32	15	76	73	75	51	25	81	61	28	
40	58	73	70	2	27	50	23	80	83	62	83	54	77	6	35	45	76	53	78	24	48	85	8	17	34	11	52	59	28	18	66	12	45	38	71	69	77	74	11	36	85	54	38	23	51	67	60	7	72	51	11	22	4	61	36	68	31	29	39	47	44	5	37	1	41	13	25	69	16	33	10	18	78	64	39	84	67	49	76	57	11	60	30	13	
12	60	78	30	43	78	67	85	73	51	40	77	19	22	46	32	11	10	1	38	10	32	76	31	44	64	47	43	20	61	34	69	2	52	12	32	27	37	83	53	80	71	30	25	41	39	6	42	38	8	32	13	66	21	36	15	39	28	11	16	79	24	77	72	17	41	57	38	70	32	35	20	54	73	70	4	15	68	35	9	58	23	6	80	40	
84	4	35	8	14	39	43	69	85	18	82	24	41	73	48	60	31	22	15	16	5	53	28	26	84	36	36	17	81	29	10	37	28	40	28	79	38	65	66	14	39	54	78	15	83	38	23	24	59	34	48	16	1	20	44	37	7	71	20	39	55	58	61	77	8	47	25	42	62	2	6	56	6	80	69	84	30	5	63	45	79	64	67	26	31	
47	43	76	1	24	33	38	82	39	69	63	78	7	33	9	3	36	18	48	29	85	4	15	31	61	52	62	73	61	5	9	67	17	10	48	75	70	84	23	13	72	19	44	68	71	54	25	2	21	23	65	11	20	83	78	40	42	49	56	57	43	64	29	14	16	31	39	77	25	60	37	43	79	76	81	8	79	45	73	12	60	66	59	69	80	
