71	11	54	74	59	35	54	13	7	61	15	29	10	30	28	18	24	25	58	10	36	17	14	44	84	20	61	53	30	85	33	54	47	73	55	60	21	21	27	25	37	81	8	85	26	33	16	2	12	70	9	45	42	20	46	38	37	19	45	22	57	76	30	62	18	39	30	40	57	56	15	48	47	23	45	31	7	32	25	63	39	34	58	78	6	
14	28	82	71	71	58	40	16	42	10	73	78	79	64	4	2	76	49	3	51	49	26	12	61	5	25	13	75	81	3	80	50	70	30	32	10	43	69	65	83	33	51	72	24	27	74	23	57	76	29	62	37	47	77	10	6	52	20	84	44	61	31	7	45	53	35	54	55	59	85	1	8	34	67	36	15	9	11	17	18	38	19	39	25	21	
37	28	33	11	61	32	69	84	77	25	6	66	31	52	37	14	48	81	2	69	62	14	74	61	38	68	40	35	52	19	59	2	3	47	10	63	76	33	56	22	56	60	85	41	65	35	9	25	70	8	6	43	19	34	58	10	15	10	44	64	27	14	20	26	15	71	40	4	14	12	64	24	21	62	23	83	51	25	28	33	30	65	73	5	13	
43	12	65	8	8	83	74	61	57	54	74	80	6	31	48	11	8	27	71	67	44	66	72	68	40	17	50	17	45	51	67	41	16	1	46	21	38	32	79	7	84	65	2	43	52	3	8	56	26	76	77	66	55	61	4	9	75	49	62	73	54	85	26	69	82	70	42	33	58	33	81	9	53	34	49	18	32	13	26	59	85	15	75	10	73	
74	54	17	35	29	2	1	25	25	22	61	49	61	6	60	48	40	66	55	70	69	25	15	35	50	66	33	18	10	39	3	81	5	58	70	73	57	25	52	37	44	26	40	59	71	12	20	23	32	29	47	14	53	62	46	13	78	33	27	1	28	68	36	71	83	19	56	7	41	63	42	84	1	79	11	26	45	30	4	75	64	51	43	61	65	
43	70	51	74	52	6	54	74	40	37	67	56	48	28	51	23	67	3	63	15	12	43	14	38	1	2	46	47	41	19	62	39	44	67	68	49	71	33	77	65	25	13	75	27	39	42	4	60	39	64	29	48	61	40	45	60	50	53	61	34	13	35	27	11	14	6	16	39	79	4	58	16	17	45	55	8	38	57	65	76	59	48	78	80	85	
69	46	78	63	61	25	74	50	6	39	62	10	51	55	1	53	26	56	22	25	52	69	60	45	3	3	58	48	33	44	45	15	45	36	75	18	15	19	23	18	57	39	27	18	7	65	25	71	76	44	11	38	67	24	79	68	66	6	28	12	49	70	29	47	18	54	19	72	25	40	2	77	80	73	50	81	4	72	20	74	71	30	23	59	3	
57	30	66	60	54	74	62	78	52	21	50	59	38	34	81	74	77	28	62	55	75	10	53	16	26	39	41	6	17	4	7	28	73	26	85	81	12	17	72	18	35	36	31	70	23	25	14	11	7	32	20	36	37	70	49	17	64	3	20	40	46	65	60	33	45	15	24	13	29	50	27	18	42	56	43	59	44	58	67	81	80	47	48	71	51	
75	1	41	32	60	73	75	80	2	60	37	14	39	46	81	3	28	11	38	38	51	8	27	58	29	20	9	67	46	76	45	77	31	40	20	47	26	49	80	25	64	71	78	15	72	72	55	12	42	5	4	44	52	30	13	36	45	18	57	45	48	14	33	34	9	6	34	35	10	43	11	74	9	50	40	79	70	7	44	19	51	16	59	58	53	
26	6	26	41	60	68	43	29	13	74	35	58	20	21	65	85	71	5	7	27	84	39	9	46	38	69	9	37	40	64	62	62	67	42	57	82	23	12	66	75	41	14	2	16	72	22	13	55	24	17	80	63	10	43	25	45	28	27	38	18	46	53	75	70	8	1	61	69	54	80	56	11	4	56	19	30	75	31	83	60	2	32	28	49	72	
3	48	8	28	82	21	71	47	51	7	9	49	23	75	14	15	44	59	59	54	32	1	83	57	81	5	11	67	73	57	52	73	17	57	56	54	33	80	13	80	85	61	84	20	49	53	34	47	66	45	55	10	44	50	64	79	9	29	59	36	2	67	22	55	35	74	21	24	24	76	55	25	47	12	80	16	58	24	18	77	24	62	4	65	65	
18	13	71	44	69	20	82	3	81	49	34	24	24	9	45	9	61	63	10	23	55	57	34	35	63	26	55	36	20	74	14	78	84	39	34	25	13	70	23	6	31	12	69	11	60	27	15	75	44	28	10	54	38	41	85	10	62	16	43	37	37	17	26	76	4	14	52	19	83	73	59	29	40	42	30	53	21	1	40	64	65	47	32	8	46	
68	15	17	75	13	8	65	21	31	52	64	43	17	75	78	44	3	15	37	40	84	2	16	38	39	76	54	41	59	17	36	39	71	7	67	81	14	44	57	41	50	32	38	64	61	28	20	62	82	11	56	36	12	69	28	4	14	80	82	70	9	31	63	77	35	42	28	45	40	83	40	5	68	33	64	46	14	47	58	9	48	25	84	11	49	
24	12	59	58	48	41	64	76	16	11	66	12	78	23	49	71	17	6	8	46	25	4	57	60	58	21	60	38	16	68	82	80	34	53	50	80	51	72	26	61	77	3	70	67	23	73	7	79	75	55	79	13	56	49	27	69	29	81	18	79	19	54	71	9	20	33	43	63	14	63	83	45	65	17	74	41	2	28	33	31	80	35	39	15	27	
17	27	48	52	83	39	25	48	64	29	63	9	67	80	63	42	70	62	60	84	41	14	40	23	44	68	57	22	65	59	47	33	40	49	83	35	42	20	37	18	46	12	66	67	50	83	68	70	58	36	24	53	47	61	73	45	82	42	69	13	55	65	45	7	68	43	81	64	15	30	36	16	81	71	77	51	52	54	72	26	56	83	31	1	74	
14	85	6	10	62	59	62	81	15	23	19	8	58	80	18	85	29	70	35	83	59	28	4	65	3	66	62	84	7	60	7	20	61	11	69	74	24	43	24	36	20	40	83	76	75	55	30	16	37	63	53	50	45	11	71	46	74	44	83	79	58	3	52	70	54	32	13	77	72	34	64	47	73	59	38	16	68	19	31	59	39	41	21	79	48	
44	79	31	85	74	64	55	31	28	37	81	57	47	67	84	35	85	43	61	13	33	74	78	48	58	6	39	47	24	30	4	66	63	74	21	49	7	72	36	32	65	29	1	64	51	82	11	47	80	27	15	23	13	49	26	68	53	62	34	72	50	70	8	68	13	25	66	17	50	14	3	67	41	45	2	52	38	56	44	73	75	56	54	9	16	
72	22	64	3	4	5	3	71	10	63	39	73	42	10	79	52	11	57	45	52	56	85	44	18	42	70	5	12	32	44	23	16	64	41	59	65	44	60	5	51	35	83	78	31	6	68	80	58	80	38	62	7	77	60	61	33	43	63	40	72	62	19	42	81	55	13	14	11	27	58	17	20	53	48	44	21	29	78	24	63	74	82	64	66	12	
37	3	52	54	81	78	70	10	32	61	20	85	28	69	66	83	82	79	6	42	77	16	25	67	80	85	7	73	18	65	39	52	21	3	60	15	84	44	64	65	17	37	62	40	18	41	78	13	74	81	8	62	51	75	83	43	70	2	70	1	20	22	9	81	23	65	50	56	61	68	31	30	19	47	71	32	5	14	83	27	7	4	11	56	76	
38	10	13	79	77	53	54	11	14	47	72	33	9	38	6	74	67	33	46	26	55	75	65	66	69	45	28	26	43	81	54	35	48	21	26	36	28	78	85	39	78	70	27	84	62	30	27	82	18	71	22	73	55	40	5	78	83	31	59	80	68	67	32	23	42	7	12	67	44	51	60	29	37	84	76	49	27	8	50	1	3	17	66	2	55	
25	30	5	10	43	39	72	22	19	7	18	23	58	82	16	21	55	42	7	52	24	52	32	25	6	28	53	20	48	5	29	28	33	72	35	73	27	19	49	82	66	65	59	36	16	75	55	68	26	26	74	2	69	60	66	30	43	34	84	45	33	71	70	20	51	17	5	31	76	8	64	54	27	37	44	41	39	53	38	1	67	49	85	1	64	
63	24	19	49	20	61	36	41	1	53	46	15	12	28	3	60	5	11	84	38	53	37	12	21	13	10	82	59	49	83	35	67	59	8	28	33	25	18	71	23	26	29	34	77	14	77	50	14	85	46	6	7	39	15	29	47	65	59	64	27	11	50	48	66	56	72	55	77	45	78	16	68	22	84	57	71	30	62	82	32	19	42	40	17	54	
9	55	73	66	28	12	29	75	56	7	85	83	14	74	82	4	39	19	63	78	76	46	20	3	82	7	61	36	77	69	45	84	36	30	15	18	81	42	5	7	6	8	44	56	31	38	57	25	54	33	15	1	33	79	82	32	74	58	61	17	78	60	51	26	10	21	41	43	17	2	42	18	1	11	27	71	75	16	13	22	68	62	34	14	50	
28	81	77	37	11	6	73	69	54	8	26	72	4	61	1	5	58	57	42	10	81	67	83	32	74	35	54	49	66	22	50	48	15	43	40	24	42	23	47	9	69	27	35	71	85	76	26	14	45	22	21	82	2	57	68	29	6	33	75	25	53	78	70	65	29	64	43	70	84	44	34	65	79	21	7	23	12	70	36	52	4	13	2	3	60	
66	29	19	12	57	84	18	47	22	81	73	1	78	11	36	77	40	55	14	16	58	34	23	39	21	71	42	66	27	83	83	5	66	54	56	37	49	71	38	68	24	64	25	54	73	55	43	67	22	56	80	33	43	15	69	18	40	64	82	21	17	74	26	79	41	34	70	43	19	59	24	78	35	44	44	62	52	45	83	72	50	46	20	46	2	
40	61	37	58	12	13	71	42	76	19	78	22	85	75	80	57	53	68	46	50	24	20	13	24	15	81	66	44	52	25	42	46	41	33	16	49	1	45	1	73	57	34	7	14	21	83	23	72	63	67	35	42	43	1	59	10	36	79	52	2	57	48	43	17	35	18	58	38	51	53	23	63	47	65	75	59	60	7	84	77	27	72	49	69	70	
44	73	18	76	79	58	45	81	55	51	28	66	19	15	71	26	73	46	21	50	30	77	22	76	31	11	16	14	82	35	38	80	62	11	70	53	66	26	3	75	32	71	54	4	83	37	29	68	81	45	72	65	78	6	10	60	57	23	33	8	13	64	85	72	74	65	80	7	47	84	5	75	20	2	75	17	36	59	39	7	55	67	5	43	68	
12	57	79	75	84	42	85	60	38	26	1	61	60	48	15	10	83	1	27	81	30	40	72	2	33	12	51	10	14	47	32	23	17	66	10	13	19	50	28	55	30	67	67	3	27	80	9	21	35	34	56	62	28	43	15	16	49	62	65	60	22	51	39	78	29	4	2	5	49	69	11	76	47	75	37	71	24	39	46	56	31	18	72	9	52	
84	64	13	59	40	28	35	3	20	25	71	19	66	71	67	46	79	10	5	67	42	30	3	33	73	13	14	85	82	62	6	36	38	60	49	76	83	81	33	15	60	17	74	38	43	8	39	33	16	83	54	10	26	11	82	53	63	9	50	21	67	55	48	18	24	9	48	61	52	35	32	16	7	17	12	45	22	2	33	78	82	44	84	68	7	
78	27	67	40	32	36	62	82	38	34	60	44	79	76	42	68	19	12	72	33	60	29	9	59	16	84	9	55	37	25	17	70	7	37	22	36	73	38	74	21	69	45	20	18	33	61	83	6	26	75	79	85	50	84	11	21	39	59	30	72	81	43	54	85	77	31	75	62	66	64	36	49	63	53	19	47	66	15	51	4	35	39	41	46	80	
49	58	27	62	84	11	56	83	21	10	74	46	82	85	66	12	33	68	67	40	1	25	19	10	28	62	84	21	16	36	11	22	47	35	78	2	85	3	79	17	9	19	18	46	20	80	13	4	60	76	41	13	57	14	20	39	74	24	56	5	5	66	60	50	11	51	47	50	53	80	63	13	15	34	26	24	69	21	29	82	52	23	7	19	32	
24	14	18	80	64	59	38	41	33	85	6	35	1	54	83	78	71	50	1	17	59	64	39	77	2	34	43	62	37	15	8	15	22	64	48	83	36	84	81	21	82	41	53	79	5	47	26	30	8	24	2	21	85	42	55	44	27	51	16	60	61	20	31	37	3	75	72	69	71	20	4	23	56	57	58	19	63	6	42	25	13	83	45	67	76	
85	6	14	2	61	29	58	34	55	48	27	43	74	49	26	6	50	4	59	56	53	31	22	43	24	36	10	20	28	17	50	65	23	61	65	79	1	77	25	54	37	5	51	23	55	31	69	54	30	39	32	40	64	42	78	42	32	45	59	15	57	21	75	32	37	52	65	80	41	46	85	33	46	60	9	51	76	74	62	61	70	81	11	44	82	
45	83	62	82	14	71	8	72	58	37	21	64	14	10	60	55	6	4	56	8	54	19	41	39	34	12	19	24	62	16	57	17	53	28	61	20	59	59	4	24	11	62	42	22	26	15	29	73	58	84	77	66	55	70	16	85	79	74	63	10	47	29	24	13	11	36	68	62	2	25	40	50	1	36	31	65	48	51	5	67	44	36	37	53	18	
7	50	51	81	26	58	37	9	36	1	60	65	68	76	21	3	30	69	42	61	4	61	63	11	64	77	8	13	29	58	28	31	62	76	64	85	4	54	49	38	51	66	56	71	53	78	32	80	14	25	10	56	84	27	62	60	16	66	35	82	36	52	67	12	2	40	50	41	6	53	33	11	39	3	37	5	29	70	21	42	85	71	55	45	3	
22	10	15	1	34	4	76	39	65	41	75	59	5	27	19	13	56	70	40	10	20	68	36	36	7	28	77	65	74	26	22	51	78	74	52	21	35	79	16	10	32	44	24	80	69	82	84	37	64	33	45	42	54	34	70	55	16	59	71	2	82	5	50	68	38	52	46	64	43	17	28	31	54	49	18	35	47	13	30	62	85	24	12	52	14	
79	59	26	49	85	67	84	43	71	22	76	36	20	50	33	30	76	17	81	80	32	72	35	1	51	52	39	31	61	45	40	52	18	62	58	11	84	9	52	69	28	80	57	45	44	46	72	74	59	23	64	45	48	54	42	11	19	35	39	77	78	32	82	4	48	8	60	47	14	65	24	39	55	78	41	56	37	66	35	49	42	63	6	7	20	
2	53	35	34	45	65	65	77	16	67	35	21	76	76	32	6	12	25	13	45	61	61	37	81	50	80	36	16	41	38	75	82	85	64	29	42	41	48	73	55	70	18	30	57	6	59	60	58	39	28	58	55	1	3	47	5	44	83	19	33	68	49	27	22	25	10	19	20	56	2	43	40	62	63	7	66	69	23	74	20	46	85	71	1	4	
30	4	78	64	62	23	2	22	5	20	3	12	36	19	65	79	45	58	48	14	17	65	80	36	8	12	37	6	38	77	46	21	35	78	82	51	55	37	29	56	54	26	67	45	42	84	76	41	53	40	52	67	59	2	57	61	11	48	66	3	83	64	24	26	60	57	74	21	7	62	75	15	78	9	63	74	49	45	32	13	43	39	34	6	33	
4	63	84	6	1	84	83	15	59	20	23	30	48	42	74	15	72	1	49	34	55	35	79	55	17	8	3	50	36	47	78	79	64	74	2	57	27	76	26	85	50	47	67	52	1	54	64	26	52	66	57	61	13	51	28	26	7	71	71	9	31	24	73	10	47	27	18	75	54	41	25	16	43	4	65	82	56	5	20	68	62	31	38	29	34	
16	10	39	41	35	33	25	51	61	28	11	39	2	37	6	80	59	64	34	60	81	28	68	77	4	41	8	72	29	40	19	42	42	12	38	31	44	62	82	57	43	46	9	45	79	54	36	7	27	20	65	20	3	1	51	48	39	63	29	65	52	43	66	42	58	54	71	49	26	19	67	69	70	24	18	10	74	4	14	14	73	50	73	75	30	
79	17	23	5	84	43	48	81	60	44	46	25	68	51	50	85	21	27	15	84	85	22	70	47	74	38	18	60	26	78	44	57	49	64	62	2	61	19	83	32	19	39	54	82	42	58	36	20	38	52	13	76	25	81	31	11	32	4	68	10	36	69	63	84	46	77	82	59	7	33	3	63	68	14	64	64	27	9	79	16	9	6	3	31	40	
73	40	67	77	63	31	22	44	48	59	38	37	11	8	83	39	50	60	19	18	71	37	42	31	27	47	38	28	4	66	64	74	60	2	61	78	71	82	72	76	51	23	65	58	70	17	10	74	33	67	3	13	16	76	83	41	35	33	24	36	54	42	25	26	84	81	15	26	30	1	7	79	61	26	6	85	40	20	70	69	34	69	36	50	57	
29	43	47	17	63	80	68	59	57	50	53	7	18	72	35	56	34	68	30	57	71	27	51	40	49	30	70	30	19	30	41	1	74	85	23	3	37	39	20	46	42	66	52	55	8	40	24	44	21	54	50	48	28	13	81	74	84	64	58	61	47	12	60	71	51	22	70	83	13	4	84	62	19	66	17	67	65	38	25	15	41	26	57	31	73	
7	52	24	67	23	75	26	74	39	51	40	15	34	75	27	71	73	74	44	72	45	22	69	80	78	79	76	54	5	11	38	10	18	59	31	38	46	12	68	40	60	57	9	6	44	32	32	70	60	30	12	17	50	33	51	49	22	38	48	67	4	83	74	19	61	17	20	55	28	74	50	41	58	62	47	42	42	35	65	14	63	77	81	62	25	
33	56	78	69	16	57	27	12	85	2	21	60	8	32	37	36	77	75	33	3	73	74	83	17	7	53	28	34	34	5	9	65	55	79	3	26	5	71	35	44	66	10	13	28	38	48	61	68	40	48	25	19	76	20	74	80	69	14	25	58	55	30	41	23	62	78	4	21	63	39	61	81	84	71	22	75	31	75	59	18	82	34	42	70	51	
21	56	74	74	78	44	42	58	32	24	77	21	22	4	32	8	62	22	9	2	36	76	71	66	10	1	56	33	75	75	43	49	43	25	36	75	28	32	6	52	48	72	27	23	73	57	26	5	34	69	45	26	14	28	50	13	68	54	85	11	40	35	15	38	14	53	24	37	34	27	84	79	51	70	12	35	79	80	78	29	15	83	84	30	59	
39	78	81	7	75	4	3	65	17	34	33	18	55	65	51	33	20	82	80	80	48	69	69	79	16	44	6	5	40	31	61	77	66	54	37	8	13	34	26	70	20	56	4	30	35	2	62	5	41	10	40	84	76	21	76	50	19	36	49	57	20	72	3	83	73	36	85	83	22	64	68	42	32	17	67	20	59	81	23	9	11	60	14	34	38	
36	35	51	70	38	62	2	17	62	40	43	52	74	39	72	50	56	65	79	28	1	53	84	82	75	46	37	1	49	25	76	44	57	80	21	54	54	63	67	70	10	17	37	81	10	60	43	22	37	77	2	77	58	39	30	69	85	61	24	3	41	56	42	52	47	12	19	64	73	31	35	51	2	25	29	9	83	26	68	71	56	24	60	55	60	
84	75	55	14	11	54	51	62	44	57	61	63	69	27	38	11	16	70	11	37	60	58	71	34	80	56	45	17	68	6	74	21	79	83	33	43	5	38	59	47	7	35	13	32	15	4	81	27	28	2	18	36	19	46	65	8	51	21	20	32	64	49	10	24	44	80	50	48	29	66	49	75	9	58	61	62	23	51	52	42	12	16	76	22	67	
8	64	20	64	2	6	39	84	11	3	83	1	50	43	69	27	46	14	74	14	70	5	28	76	47	23	80	59	9	11	30	55	72	1	34	22	4	24	19	12	24	58	60	29	10	76	17	51	2	41	19	31	40	85	14	84	21	7	11	71	57	36	79	41	44	22	25	78	1	75	2	64	45	13	5	26	81	61	12	37	6	73	61	42	68	
31	80	43	33	3	66	2	79	57	82	24	34	54	14	32	41	55	8	39	19	53	44	53	20	10	4	62	77	17	57	57	2	48	55	31	5	33	73	79	45	27	57	76	32	25	63	28	77	29	64	49	31	65	14	6	68	56	63	60	30	74	69	35	85	78	11	79	23	37	27	21	59	82	51	10	19	26	28	53	2	47	12	46	32	69	
31	2	32	48	12	14	77	36	35	66	26	45	57	3	85	38	22	5	33	69	49	6	50	30	54	47	74	20	34	52	84	17	46	68	24	12	79	9	51	26	72	25	23	83	25	56	33	1	59	21	67	60	23	71	7	75	70	73	48	16	33	42	71	39	22	5	8	55	55	82	36	37	27	56	78	4	80	17	81	10	76	17	53	11	83	
47	39	22	74	5	76	61	38	59	55	16	59	3	24	22	81	57	13	53	68	80	49	45	51	84	37	40	15	37	7	50	40	42	69	25	38	58	41	31	70	52	85	83	40	28	17	74	76	67	39	14	16	44	55	23	38	46	59	6	35	63	59	71	15	79	49	9	2	2	36	70	83	33	72	35	54	37	64	81	65	15	8	72	12	17	
6	47	14	19	49	46	34	56	29	4	1	75	9	44	31	84	66	26	29	45	16	34	38	76	70	48	52	74	76	54	51	76	58	54	53	59	12	40	26	41	39	66	68	2	22	62	42	85	32	35	82	3	60	72	33	37	31	77	64	20	83	23	47	55	28	50	63	37	5	43	30	80	22	61	69	40	14	71	78	44	7	36	57	15	15	
73	5	83	18	66	54	57	40	13	27	65	17	35	56	57	75	40	47	12	2	79	3	56	19	79	14	23	21	9	37	73	38	37	70	52	58	39	19	10	2	76	30	16	23	41	70	22	76	72	59	33	20	60	4	36	8	54	60	74	15	45	61	49	80	76	55	50	25	31	15	64	26	82	78	80	77	17	46	64	43	58	52	60	34	6	
10	77	55	20	14	24	62	66	72	11	12	38	58	33	64	26	7	36	62	39	70	50	11	69	67	51	39	30	70	24	34	29	13	44	3	25	65	61	44	4	69	52	39	85	36	71	61	83	48	35	76	72	82	84	53	63	5	4	46	26	67	37	51	1	75	50	57	6	66	55	8	4	60	85	40	14	15	13	47	14	9	43	2	41	31	
48	54	75	7	15	16	78	43	18	30	70	64	29	30	2	82	34	1	11	31	38	17	85	5	60	9	47	6	6	84	76	7	50	20	11	17	71	37	14	85	53	37	19	39	64	21	71	10	55	79	81	49	8	33	52	22	39	56	68	83	51	13	3	51	32	57	21	27	4	74	12	28	23	76	84	43	39	67	6	24	59	45	51	72	71	
55	41	25	21	21	18	20	73	60	31	16	26	43	70	67	72	80	30	16	18	27	7	54	6	6	58	62	45	64	80	37	31	75	5	4	50	22	63	39	78	1	49	58	8	31	40	66	64	23	27	36	46	27	9	6	34	17	65	32	76	14	55	62	2	58	63	51	33	42	39	69	78	44	36	79	28	33	10	48	47	53	80	52	60	81	
50	43	9	69	70	38	81	37	12	37	49	30	40	79	23	77	60	13	32	47	41	59	72	52	61	31	78	51	33	8	44	83	44	6	62	68	41	55	60	11	46	21	35	83	56	54	33	24	65	15	68	18	27	10	63	82	79	13	45	24	58	46	17	8	5	76	31	84	85	3	2	1	21	36	80	73	85	69	51	66	76	74	34	16	79	
50	16	71	13	9	7	61	49	63	32	8	11	52	85	5	54	84	2	27	30	37	13	29	13	18	43	43	46	31	56	37	45	20	62	44	26	34	21	33	84	81	33	6	47	74	50	9	69	6	42	57	40	85	34	12	58	76	47	17	59	57	51	6	75	67	4	62	3	61	10	41	55	71	85	14	53	53	59	35	50	60	48	61	4	77	
5	60	16	6	71	71	63	74	34	4	54	75	56	12	48	7	5	61	73	3	22	81	47	83	69	55	85	23	49	79	10	8	47	24	13	28	45	69	58	74	29	68	61	1	70	64	44	73	36	70	75	9	63	76	85	2	79	35	22	41	25	68	46	68	43	14	51	11	77	19	28	65	37	52	53	20	18	21	49	6	75	78	11	26	16	
50	7	7	83	67	1	59	5	85	42	44	13	45	41	39	18	23	10	52	63	16	32	36	64	30	80	12	12	3	11	68	7	60	72	42	80	27	14	80	27	7	38	73	49	33	23	65	53	77	74	28	85	9	18	17	33	10	22	2	52	75	79	56	43	4	58	31	29	63	70	15	24	16	77	81	1	54	5	55	80	36	34	35	37	61	
51	25	21	67	65	63	51	45	74	46	81	39	75	64	55	16	69	77	22	20	18	20	24	61	32	57	3	19	8	80	17	52	57	29	71	31	6	35	30	75	78	16	79	22	34	81	29	59	66	7	26	41	64	47	10	54	15	66	55	62	44	70	23	13	11	2	84	53	82	19	85	22	76	27	83	33	8	68	74	28	37	14	62	48	55	
26	8	24	78	53	35	75	77	9	84	41	49	80	7	37	58	43	13	47	59	9	56	64	29	42	4	55	51	20	8	60	54	51	38	73	61	70	58	44	77	12	82	37	46	43	31	18	40	83	3	12	4	62	74	72	14	33	76	15	49	38	81	47	5	64	34	49	10	44	48	77	57	83	68	10	1	66	63	37	44	69	41	13	35	71	
67	82	56	13	50	17	49	85	17	5	51	47	4	53	7	48	1	15	85	21	63	77	73	31	21	24	48	25	22	29	40	43	61	9	53	23	62	13	8	77	55	13	77	54	66	77	19	14	44	53	34	13	46	12	83	18	75	41	31	14	69	26	6	3	30	56	27	4	32	71	78	73	74	67	39	4	16	7	33	11	57	2	19	58	10	
15	68	39	16	53	3	32	76	8	27	17	58	41	60	36	19	7	67	43	29	57	45	40	62	14	3	73	12	21	38	63	74	65	13	81	68	18	67	61	20	6	28	27	5	42	23	14	46	78	12	83	47	53	66	22	65	69	47	31	41	42	5	30	12	59	79	77	34	42	6	77	52	72	26	85	24	31	53	66	70	62	9	25	27	71	
82	46	7	42	33	45	78	1	69	56	2	3	76	22	8	34	13	81	17	68	83	76	55	44	11	29	18	26	50	9	48	47	85	46	38	30	4	74	17	28	36	16	71	60	78	66	49	44	57	56	27	46	4	74	14	51	58	25	67	19	57	62	14	54	61	59	38	19	35	18	44	13	24	65	32	55	40	72	12	6	77	32	10	75	63	
11	42	72	62	58	2	79	73	62	40	47	17	77	63	3	1	61	71	58	41	78	70	31	14	75	82	4	61	79	33	76	53	26	60	17	39	16	46	24	68	80	24	40	22	45	39	59	15	49	37	6	51	7	83	50	52	65	8	10	57	43	84	12	64	13	60	13	28	13	81	6	56	11	54	21	50	36	76	17	85	18	22	75	73	66	
37	18	29	4	61	40	41	14	2	58	23	62	62	45	30	50	8	31	20	45	46	62	43	33	76	29	5	51	23	20	15	7	28	84	46	44	36	83	54	42	44	74	50	61	73	33	64	33	13	77	37	55	63	64	48	81	47	85	2	24	17	57	21	42	52	65	49	51	16	6	35	11	36	80	69	68	67	55	6	75	78	35	1	81	11	
80	75	57	77	31	26	6	84	45	9	7	67	44	46	34	17	76	40	31	25	63	47	44	63	52	32	51	82	69	1	49	64	30	57	8	58	85	12	12	80	56	15	13	48	16	41	46	50	35	43	38	58	73	65	27	35	9	37	72	39	33	74	11	59	43	61	70	36	20	79	71	83	6	81	84	60	76	74	17	2	14	53	30	51	58	
13	31	64	84	15	50	24	46	54	36	83	68	19	77	79	59	63	72	18	6	5	71	48	73	42	15	1	34	83	79	11	47	25	22	41	4	74	26	32	79	53	69	55	26	57	43	76	65	61	1	30	60	29	58	2	21	34	83	53	62	35	75	22	51	33	60	82	13	38	25	45	42	8	51	66	15	7	10	40	19	54	57	44	39	27	
32	48	10	72	17	67	12	22	3	17	13	16	15	59	47	75	18	1	36	64	20	48	24	70	79	82	34	4	27	61	71	56	62	75	37	29	54	3	50	9	20	52	69	68	65	24	58	78	63	44	11	80	45	82	19	77	68	52	79	51	62	63	28	78	6	9	21	60	51	67	21	66	81	83	5	55	62	22	85	84	53	49	26	52	35	
42	44	56	9	32	19	21	48	37	12	52	80	27	64	43	47	39	73	73	35	23	76	49	29	71	40	36	76	60	85	18	13	39	71	63	25	2	30	27	80	38	33	22	19	11	19	25	46	46	6	50	56	79	35	41	18	72	69	3	81	24	59	53	15	84	20	37	85	57	26	29	35	54	1	8	13	17	25	16	50	28	1	58	61	33	
5	76	58	29	36	49	48	2	10	60	83	69	52	35	64	70	14	16	75	54	19	82	77	84	48	72	21	46	42	41	34	85	64	3	26	7	5	1	53	55	45	1	33	9	80	10	29	47	61	13	10	32	48	37	26	56	17	5	9	23	34	4	10	20	81	33	59	40	17	60	18	12	15	38	58	6	2	24	85	61	51	11	4	54	39	
70	15	53	69	68	19	15	57	27	65	10	20	81	47	73	6	49	78	18	43	5	60	40	4	57	54	7	63	13	57	55	80	29	60	64	2	77	30	17	58	50	19	69	7	60	51	85	66	84	14	59	84	71	56	40	62	23	1	61	72	67	21	69	78	80	82	34	30	21	45	80	32	75	74	24	76	72	18	8	58	79	19	16	7	83	
19	45	44	15	53	30	12	4	46	44	22	37	83	41	12	76	33	80	23	48	7	75	26	61	35	37	2	52	2	3	77	6	1	74	47	55	56	57	74	14	13	50	5	41	54	56	31	31	51	29	78	8	58	59	22	64	4	17	12	53	57	58	16	60	28	49	56	81	55	9	61	64	10	8	62	42	71	85	70	20	29	21	65	40	75	
84	84	26	55	51	69	23	4	70	33	71	71	83	25	37	37	27	55	41	29	72	78	2	74	19	60	46	29	39	39	12	75	35	77	42	82	52	62	40	76	5	65	15	43	46	49	33	61	59	68	44	40	11	44	66	62	59	67	1	28	16	45	80	44	31	76	83	35	62	33	26	10	53	35	6	7	38	48	21	51	58	62	47	20	60	
59	79	34	32	37	78	44	6	27	43	58	27	32	5	22	20	67	29	70	24	73	33	6	71	47	16	75	64	54	10	36	68	45	21	12	40	11	51	18	48	43	31	49	73	30	67	8	9	50	29	63	77	15	23	56	17	74	82	75	84	2	80	62	14	85	83	26	39	78	7	40	35	25	46	28	13	1	60	53	79	43	69	13	52	47	
64	20	36	57	7	27	14	70	4	51	25	70	72	27	17	20	31	42	50	19	13	81	46	26	53	17	67	69	27	73	42	44	6	63	56	52	81	28	76	37	74	11	61	56	77	72	75	53	71	65	70	78	15	22	17	15	76	38	81	58	66	21	58	67	34	24	73	68	45	21	19	71	83	32	39	59	59	79	41	40	1	54	80	13	23	
1	67	51	22	60	70	54	52	32	75	66	28	17	13	10	32	64	83	12	4	74	24	60	8	1	18	6	56	84	58	20	37	37	71	72	51	47	36	84	30	65	42	37	12	62	44	24	34	35	78	39	19	17	50	35	10	25	69	9	54	85	27	2	73	48	25	40	46	60	74	76	82	47	29	3	21	41	48	57	53	36	55	26	62	4	
4	9	28	27	72	67	30	37	23	62	84	48	7	41	58	22	69	51	66	4	31	85	33	75	12	42	68	45	11	67	46	14	76	18	78	41	82	11	78	59	61	28	63	2	24	29	21	8	73	42	60	57	81	25	3	1	13	70	84	32	42	2	66	74	14	69	64	50	22	52	21	34	38	77	30	36	85	19	13	5	4	14	56	79	26	
20	76	85	74	30	52	80	26	72	64	37	41	27	84	17	33	65	45	64	7	29	73	19	78	40	19	72	8	29	63	1	38	9	34	74	34	40	53	57	31	13	6	81	38	44	79	68	76	77	4	18	22	29	2	3	66	7	32	36	75	5	23	37	10	12	5	3	49	67	54	77	19	13	4	56	11	36	82	27	25	83	10	82	14	70	
41	19	32	68	19	22	25	53	43	74	14	2	70	57	52	77	78	24	51	79	75	54	75	21	36	6	15	24	44	22	13	3	13	37	13	32	52	47	34	49	23	27	48	46	39	52	38	28	1	80	61	17	5	37	60	27	4	84	6	42	19	10	40	29	7	85	56	8	27	77	9	6	58	16	46	4	64	79	66	12	26	35	62	25	45	
6	49	30	45	55	56	66	14	41	68	53	31	13	13	9	51	74	8	57	70	8	15	84	42	82	50	65	70	12	2	6	18	4	66	14	6	32	75	57	24	27	73	3	10	36	52	78	6	62	4	84	25	20	26	67	48	71	33	37	85	72	73	38	26	16	48	76	79	80	5	13	58	59	64	46	44	19	81	54	26	17	1	60	49	22	
