26	5	2	11	25	13	9	1	23	6	21	26	20	18	19	4	34	27	13	22	30	36	39	40	34	3	9	7	25	35	16	15	35	38	40	17	40	8	6	12	
10	24	35	19	31	11	20	22	28	30	40	7	24	36	4	15	28	12	13	11	37	24	16	19	14	17	25	1	18	27	10	21	2	39	32	29	3	5	8	23	
19	36	24	32	21	17	36	7	17	4	15	9	18	27	17	20	28	38	16	33	22	25	4	11	16	23	28	8	20	26	29	36	30	39	31	36	6	10	32	34	
11	4	18	18	20	32	34	5	27	7	27	38	20	28	6	25	40	31	31	17	12	38	2	19	26	16	8	29	23	34	9	24	28	21	39	10	10	30	1	26	
35	24	21	4	1	16	27	38	36	7	5	38	2	36	14	25	10	16	6	22	8	7	3	33	18	40	27	25	19	17	1	9	29	11	5	28	26	21	15	20	
25	9	5	16	2	17	30	1	22	31	23	19	36	13	9	11	10	26	27	28	39	15	19	29	24	21	3	6	39	7	14	13	12	16	33	4	22	17	2	1	
34	12	18	20	23	18	19	24	31	34	38	20	6	15	35	27	33	34	22	22	32	25	36	39	38	8	40	9	11	32	1	37	1	14	3	13	21	25	2	40	
10	20	17	6	32	9	30	15	33	10	26	21	32	7	8	19	12	39	17	13	27	14	36	18	22	36	20	28	12	2	23	12	24	38	16	1	4	34	5	29	
1	20	3	22	24	1	31	26	36	5	35	12	7	28	18	21	13	35	4	15	34	24	25	3	11	28	33	5	20	27	30	10	6	23	21	27	19	9	8	8	
2	33	13	6	10	28	16	21	14	9	33	36	23	6	28	31	31	18	33	7	2	19	15	3	29	33	20	5	32	22	38	22	8	8	24	13	25	31	26	27	
30	13	21	10	8	6	38	36	14	21	1	5	29	4	39	15	26	14	9	14	25	4	27	20	1	2	22	23	21	3	8	11	4	18	15	12	13	7	2	16	
20	31	19	6	33	6	10	15	16	16	18	30	9	33	40	7	30	21	20	8	17	22	5	10	25	9	23	34	12	7	11	26	36	16	14	17	24	13	27	24	
19	29	3	25	19	40	22	8	15	39	4	22	5	1	29	26	6	35	17	3	39	16	11	32	27	14	7	3	24	28	16	2	12	20	18	21	14	36	25	30	
22	18	37	24	14	16	7	9	8	13	9	4	25	9	26	1	20	22	34	2	38	7	31	6	21	3	16	32	26	39	40	5	10	34	27	17	11	33	23	15	
33	22	38	15	28	21	13	6	40	36	37	34	1	17	29	19	18	3	1	4	30	39	36	35	21	19	40	20	2	12	19	30	23	7	5	9	24	11	4	14	
29	30	4	27	4	23	35	11	15	25	2	2	12	35	28	32	3	14	38	31	24	6	9	4	10	39	5	31	26	35	34	10	22	27	36	15	7	18	16	11	
1	15	11	10	39	25	30	31	37	25	20	8	21	19	1	28	7	40	8	29	32	2	35	4	24	18	8	22	25	23	32	27	25	30	23	14	3	3	1	36	
17	10	33	35	18	32	12	22	29	19	7	11	6	39	3	19	8	40	36	28	13	14	1	24	40	15	34	2	14	25	25	28	26	16	20	39	37	19	21	31	
34	14	23	29	2	19	5	10	13	30	24	13	3	21	34	33	23	28	25	32	40	35	8	13	1	15	11	34	27	17	15	7	29	31	33	20	36	37	23	4	
14	35	5	5	6	36	34	25	11	12	6	10	36	16	19	34	17	18	26	37	24	29	33	2	14	24	20	3	7	32	35	18	27	37	13	26	23	4	40	38	
5	3	39	38	4	5	29	9	12	12	36	33	30	25	37	1	9	10	34	1	2	18	8	13	6	20	27	25	21	24	17	13	16	40	11	19	33	28	23	7	
28	15	34	16	37	24	6	32	22	29	29	13	5	35	11	39	10	36	21	19	16	31	30	29	20	27	36	10	4	8	10	22	21	33	34	7	5	30	38	25	
16	6	22	12	38	30	6	39	24	17	8	27	37	24	5	14	11	30	23	2	36	20	20	7	9	4	2	10	31	27	25	40	32	33	1	18	20	35	5	33	
5	8	7	39	30	2	11	28	29	20	19	22	30	37	25	36	37	17	36	18	1	7	12	21	38	36	29	13	24	31	28	32	29	34	14	16	33	23	35	24	
31	1	29	18	34	4	3	21	19	36	39	8	33	35	27	28	30	13	24	2	35	9	17	19	2	32	16	21	40	38	26	36	37	15	6	28	14	35	7	29	
20	32	26	10	15	10	27	33	17	1	31	35	8	9	3	37	24	17	12	20	12	38	37	14	37	29	28	8	22	18	26	34	37	13	29	2	9	16	31	11	
4	19	35	8	14	35	33	35	9	34	5	20	26	39	15	13	24	37	18	34	3	34	21	27	36	7	26	31	10	14	39	3	25	23	12	30	16	32	11	17	
22	16	30	37	40	33	7	14	24	23	6	14	10	20	31	28	15	14	19	11	18	1	11	36	17	9	12	22	38	19	35	8	21	22	3	24	4	26	29	17	
21	23	29	26	27	17	39	35	20	5	3	37	39	38	19	5	2	29	25	30	4	16	34	13	28	34	31	19	39	6	34	16	18	20	40	2	32	23	33	9	
17	21	36	13	4	12	16	4	27	38	22	28	11	5	2	18	37	16	35	25	12	26	29	30	35	6	27	24	33	9	10	32	14	1	7	23	34	15	6	19	
3	17	2	36	22	31	14	12	38	34	27	5	19	6	30	1	16	5	16	21	6	15	7	6	8	37	9	35	2	11	9	39	17	2	26	33	28	25	4	13	
17	25	15	23	15	34	22	13	28	27	25	24	40	22	17	2	13	30	28	12	22	32	4	37	22	26	27	11	1	12	18	14	31	21	29	34	20	38	36	28	
23	18	8	12	35	22	4	37	2	28	9	21	13	39	7	27	19	31	29	5	10	29	14	10	12	25	36	8	30	33	33	38	34	32	2	26	10	6	12	3	
18	26	11	28	5	15	8	9	35	29	10	25	7	11	32	12	23	22	9	34	38	33	24	31	19	14	4	27	14	13	20	29	27	36	2	37	30	8	39	21	
26	27	6	30	25	26	31	40	35	32	28	30	14	8	16	18	21	17	33	23	29	38	10	4	13	1	22	37	39	38	19	13	15	8	34	28	31	20	22	13	
32	7	1	38	9	14	15	16	30	35	26	6	30	24	7	40	14	19	33	10	5	3	3	8	35	31	37	13	36	20	24	23	11	25	11	22	33	21	14	18	
14	34	6	33	2	3	29	17	17	14	11	15	39	37	20	35	22	6	37	3	9	15	18	10	30	23	13	26	2	16	21	5	38	21	4	36	27	14	12	28	
15	31	27	14	26	1	32	33	39	24	25	1	38	40	36	20	29	39	30	9	5	34	3	5	2	35	21	12	3	7	37	13	4	28	19	9	10	2	31	4	
24	28	34	7	8	29	24	18	16	40	21	14	28	23	37	22	5	8	29	35	11	27	6	38	31	8	39	31	9	30	32	17	34	19	20	32	32	1	3	10	
29	37	9	17	29	32	24	19	1	11	12	31	22	29	21	3	26	7	32	21	20	10	35	15	23	5	31	4	35	23	2	25	28	2	30	38	39	40	3	26	
