5	1	24	3	24	6	8	14	24	23	40	1	22	1	4	17	10	17	36	19	10	27	7	3	9	11	36	12	20	13	15	15	2	28	26	14	25	31	17	37	
11	6	35	22	4	35	29	11	1	14	27	8	38	31	9	37	31	34	31	10	5	3	21	2	20	36	7	1	24	20	39	25	24	19	4	26	3	23	28	12	
33	10	6	20	31	12	14	19	36	3	17	29	35	27	29	13	21	24	11	1	33	37	23	14	4	16	29	5	35	15	1	18	22	7	34	32	8	38	40	31	
30	6	17	22	32	3	24	40	16	24	31	7	16	11	10	16	18	36	8	40	37	6	14	38	8	39	19	4	33	20	34	11	12	5	31	35	38	9	28	13	
26	16	7	31	16	15	37	29	40	2	26	27	6	29	22	3	24	37	35	5	2	23	14	10	17	2	38	4	36	15	8	19	29	9	11	34	13	1	14	18	
40	28	35	35	15	6	27	36	32	19	30	23	31	1	30	6	32	17	39	25	22	1	2	40	3	4	31	10	34	5	10	24	29	34	8	31	33	33	16	19	
9	3	39	38	2	19	33	31	25	29	13	4	20	11	34	17	5	22	16	28	12	17	1	30	39	6	18	26	36	32	35	35	36	37	22	21	38	14	10	23	
30	12	14	7	12	5	13	5	17	19	32	25	32	28	11	20	32	16	3	17	35	34	9	14	15	28	33	1	29	30	19	10	39	23	6	8	18	16	21	30	
32	30	4	13	16	4	31	37	10	24	3	2	7	2	14	9	19	2	12	6	21	16	5	18	36	8	15	2	22	15	23	40	3	25	2	11	16	26	34	27	
2	26	22	37	25	32	4	2	23	1	37	3	14	38	9	40	1	13	39	11	26	18	7	19	30	39	24	6	18	7	24	9	31	35	5	12	17	36	3	39	
34	29	28	38	24	26	35	15	37	31	14	12	38	10	27	25	6	39	18	21	2	40	30	28	23	19	29	38	13	22	32	36	7	1	31	20	25	33	3	11	
4	2	20	32	9	36	6	4	33	21	22	31	10	38	8	29	15	35	24	17	13	5	10	23	3	40	27	17	11	16	17	7	8	34	37	6	19	36	12	8	
14	19	36	20	7	34	6	20	26	19	25	28	21	24	35	14	12	20	29	21	27	35	15	22	31	4	23	3	29	17	40	32	30	26	9	33	37	5	35	38	
21	17	9	33	39	2	36	8	11	12	18	25	4	30	5	22	23	14	12	13	24	10	39	6	32	38	21	40	35	13	27	2	20	26	23	16	25	15	19	25	
25	21	7	18	40	1	35	22	10	4	19	32	3	16	25	24	3	5	20	32	14	36	31	22	26	12	28	33	16	38	15	39	8	20	15	5	23	38	17	18	
32	31	8	32	36	20	15	36	12	22	17	16	8	37	38	16	7	19	7	23	6	11	7	13	20	10	5	28	39	18	3	27	36	40	17	29	21	24	14	26	
38	28	37	4	23	21	16	18	37	13	28	40	24	24	1	30	23	2	15	18	17	15	3	5	11	15	29	24	31	39	38	20	19	25	10	28	6	23	7	8	
27	20	26	35	1	23	22	22	24	35	37	26	8	29	24	7	2	1	21	30	29	16	28	2	33	3	28	25	8	31	9	30	38	32	22	36	11	34	40	40	
25	27	37	23	12	11	26	3	1	36	13	30	1	39	18	28	31	4	7	36	15	12	24	8	32	34	32	35	17	24	5	2	39	38	13	9	37	29	20	6	
19	19	11	17	7	27	34	36	28	38	29	30	39	2	28	31	33	4	22	7	18	20	36	13	5	35	19	30	10	21	14	26	32	23	40	30	9	23	15	23	
10	4	10	39	3	27	17	23	28	25	20	5	27	5	6	20	29	15	7	37	20	19	20	7	38	2	22	34	14	35	15	28	26	24	9	18	12	30	36	31	
40	5	25	25	6	28	2	26	29	38	21	5	13	40	7	1	28	18	32	40	3	4	19	24	16	17	37	20	36	23	10	26	27	14	12	13	30	39	36	15	
35	13	17	36	40	14	34	25	18	16	22	17	9	30	29	22	37	15	31	32	34	22	13	11	33	15	11	19	38	4	16	21	15	27	15	5	23	40	23	38	
11	38	3	10	17	21	30	11	33	18	33	17	37	34	22	19	35	23	20	29	24	39	8	28	6	11	31	25	7	4	13	12	40	5	14	1	24	32	38	16	
7	18	28	34	9	40	2	39	19	19	16	1	2	20	17	36	28	3	23	24	38	20	22	17	25	31	4	8	12	6	15	11	15	33	39	13	30	35	9	10	
39	23	38	38	33	10	32	10	3	40	23	34	16	40	36	36	20	37	29	31	26	1	35	4	23	24	9	10	15	7	6	7	21	31	2	1	5	14	8	22	
10	22	40	15	17	33	40	34	27	26	12	10	16	5	37	38	26	1	2	34	32	31	31	9	19	22	39	7	26	36	18	29	13	16	3	28	14	4	9	24	
12	19	29	14	21	16	9	36	8	34	19	37	23	7	34	39	22	22	38	35	14	13	17	16	24	18	39	27	40	38	1	31	14	15	2	25	28	40	11	25	
31	25	11	11	22	34	38	30	13	22	23	17	32	34	33	2	33	20	10	15	16	4	4	17	9	37	40	26	1	3	8	14	18	8	19	37	39	6	24	21	
26	34	16	5	25	4	36	17	10	6	35	21	37	19	26	3	11	13	27	31	7	24	39	20	28	7	8	29	3	19	25	18	9	36	20	30	28	10	28	1	
6	4	10	40	13	29	39	20	2	15	8	2	28	36	11	12	1	7	33	3	23	14	8	25	39	26	36	31	27	19	20	22	15	21	16	37	4	40	35	36	
8	32	27	28	24	35	37	16	31	20	4	13	23	9	24	19	34	9	37	8	25	40	26	25	10	29	1	7	18	30	2	19	11	16	36	31	40	3	5	30	
40	7	30	20	11	11	40	31	9	19	34	27	17	5	2	26	30	38	28	4	16	21	12	27	30	13	11	22	26	8	5	23	37	39	40	3	32	25	25	5	
1	11	15	8	14	13	28	32	7	5	25	20	19	35	32	4	38	32	17	21	33	9	33	21	34	30	16	23	6	37	12	35	3	20	39	37	31	16	18	26	
18	1	1	34	34	24	21	20	5	32	36	27	30	20	3	18	39	25	27	33	38	35	27	22	12	12	17	28	26	24	4	6	23	2	28	14	10	7	22	19	
23	8	27	2	25	30	17	21	30	7	11	18	33	25	39	32	34	6	5	9	28	5	38	3	29	20	5	36	9	24	26	21	34	10	20	4	34	27	14	14	
25	14	31	6	35	21	23	24	15	17	24	33	11	19	28	38	26	20	13	24	40	38	2	29	35	21	12	32	37	22	30	16	33	18	4	25	27	16	1	33	
36	14	18	38	26	39	25	5	16	37	24	5	29	12	21	14	27	30	30	8	40	15	6	30	22	37	10	32	16	34	23	33	17	36	31	19	35	2	13	3	
37	33	31	9	34	7	6	4	20	25	5	19	30	3	3	8	32	5	30	34	29	40	18	31	35	1	4	14	28	4	11	10	6	12	2	22	27	13	12	17	
27	9	12	16	5	17	3	21	4	28	1	29	25	8	13	8	40	10	11	18	11	26	29	22	27	22	2	15	15	14	36	34	24	3	7	39	20	34	30	32	
