33	16	18	1	30	9	23	33	17	3	35	37	38	2	7	26	39	9	4	33	10	20	16	5	14	11	24	27	13	33	6	19	28	18	29	14	21	40	4	22	
1	37	16	28	28	12	12	17	18	5	7	17	22	12	15	25	20	29	9	30	10	6	38	36	12	24	39	25	14	2	3	11	27	8	31	4	18	10	19	26	
32	14	32	11	23	4	25	32	30	32	12	29	26	7	22	35	20	19	17	31	9	9	33	33	8	9	34	15	4	3	28	25	13	17	36	26	20	16	7	38	
37	16	24	20	13	36	12	22	12	18	2	10	16	31	40	20	29	23	31	32	22	17	5	25	33	38	8	39	1	12	26	27	18	3	4	21	33	6	7	34	
12	39	1	25	19	30	3	5	2	23	25	22	37	28	36	18	13	33	6	3	34	22	27	9	19	20	26	1	15	16	24	23	4	14	5	11	7	37	17	32	
18	28	3	4	5	36	11	7	26	15	8	18	34	23	16	2	32	32	40	6	12	21	15	10	24	9	12	22	4	14	3	13	31	4	17	33	37	19	29	13	
25	25	28	8	5	33	7	26	22	36	26	23	6	30	16	27	37	17	38	30	29	38	31	9	32	31	35	34	2	18	39	15	1	13	12	35	3	8	20	16	
1	2	35	36	22	1	20	8	15	7	27	33	35	14	3	23	2	30	38	34	36	24	37	38	33	10	27	26	12	3	31	3	39	22	40	5	12	9	10	25	
2	34	7	34	6	4	8	37	22	4	19	8	23	13	31	5	9	15	20	21	11	7	12	31	22	36	33	28	31	1	10	32	24	16	14	19	17	18	25	20	
10	21	17	30	31	5	24	38	19	2	6	14	6	8	2	22	39	25	40	20	15	39	40	37	3	3	12	9	11	14	18	18	32	32	1	13	34	18	16	4	
17	3	5	13	38	36	26	34	18	21	3	30	18	40	19	18	1	25	16	9	29	23	16	20	4	12	28	28	25	27	18	2	17	22	2	14	14	24	36	21	
34	36	1	2	34	14	16	24	28	22	23	14	35	35	30	37	3	7	13	24	31	28	15	4	38	4	17	10	25	8	19	9	33	18	6	15	29	11	36	20	
30	7	19	14	39	36	9	30	1	9	4	20	34	6	21	29	8	24	27	22	23	5	27	2	18	31	14	36	38	40	39	25	4	15	29	3	7	26	28	10	
23	21	14	14	25	24	33	30	38	17	9	15	10	33	6	18	12	18	11	39	15	7	16	16	19	32	13	13	8	24	20	26	2	18	34	27	40	12	3	35	
18	9	39	26	31	3	1	32	18	10	29	22	5	33	35	19	14	39	22	17	13	26	34	11	2	12	25	31	21	20	23	36	16	12	11	6	11	4	26	18	
7	12	37	1	1	22	10	4	11	29	11	19	12	3	19	6	2	34	31	12	8	9	5	21	12	13	14	12	5	37	25	1	15	6	39	38	26	17	40	24	
32	38	32	34	36	1	35	27	31	15	37	39	7	31	8	16	34	20	18	40	4	35	25	8	1	22	34	13	25	21	26	10	17	19	38	2	14	21	23	34	
35	12	29	30	40	23	3	25	30	11	8	32	34	34	29	24	10	20	33	24	30	15	28	39	20	15	31	37	26	4	27	16	5	40	38	3	12	36	15	1	
36	20	29	27	8	15	5	6	24	26	28	11	31	4	37	40	8	22	21	33	23	34	36	29	30	35	17	32	12	38	28	7	39	17	23	9	18	14	10	39	
30	24	8	18	18	34	15	15	13	25	3	25	17	28	39	34	16	14	23	15	33	8	9	29	12	17	27	27	29	20	30	16	35	21	23	10	12	28	13	19	
11	13	36	22	32	32	14	1	35	26	5	25	31	12	4	33	25	26	17	3	2	30	8	31	40	28	29	16	6	39	21	17	1	7	15	29	38	18	24	27	
1	22	1	23	22	35	11	39	15	27	37	5	4	3	26	1	21	4	2	14	40	16	15	30	18	29	17	3	35	28	18	34	37	8	13	17	6	25	3	12	
38	37	9	37	2	31	36	7	32	33	18	20	39	24	7	7	40	13	36	35	28	11	23	23	17	33	30	6	4	21	15	29	15	20	23	8	38	12	14	18	
31	15	27	17	33	24	13	35	34	5	20	12	5	32	24	11	15	2	14	16	20	19	2	40	28	18	23	15	22	25	30	39	29	26	5	11	30	13	1	21	
7	8	20	10	37	2	10	9	40	24	14	17	1	5	39	28	18	11	26	26	27	14	19	13	18	16	13	4	18	12	22	23	14	25	22	7	31	29	39	9	
8	11	15	35	5	13	17	19	20	30	34	36	33	37	38	8	4	8	1	18	16	2	30	22	21	9	9	29	39	5	33	40	6	6	25	7	10	29	26	23	
9	7	10	39	3	3	37	33	9	34	8	13	24	35	20	32	33	27	17	19	28	8	11	30	15	30	26	7	9	17	29	15	12	23	16	36	8	38	25	14	
21	23	16	3	7	37	32	38	9	6	13	34	2	10	13	12	30	36	5	35	35	12	39	26	25	40	11	31	27	32	38	4	4	24	4	15	33	31	8	37	
20	38	21	19	5	25	18	23	7	20	10	29	30	36	5	4	33	11	32	11	37	22	10	34	13	3	32	1	17	24	27	35	14	36	26	6	15	18	27	28	
36	25	30	15	17	31	19	40	40	38	6	31	11	13	13	21	6	3	11	23	17	27	14	19	26	12	16	24	27	32	33	12	3	28	18	20	8	22	15	37	
19	18	16	21	20	26	27	23	23	28	33	25	12	9	33	30	11	36	10	27	24	30	1	32	7	14	31	5	31	3	34	35	22	3	2	20	25	17	35	26	
1	26	11	9	21	38	26	28	31	31	38	4	12	39	18	8	31	6	12	10	1	29	34	3	28	33	15	35	7	13	18	5	19	27	36	30	10	20	22	36	
39	32	24	5	21	40	21	2	27	8	1	24	36	32	10	7	15	23	3	11	17	7	6	30	23	39	18	19	40	9	7	31	38	21	30	12	4	27	11	25	
29	38	38	9	27	5	22	39	21	2	11	31	8	15	10	31	34	16	40	28	20	37	17	7	9	39	13	12	18	2	32	30	37	33	36	19	16	1	2	40	
38	40	12	38	4	10	15	29	21	9	1	1	38	11	34	2	5	37	39	7	36	22	35	31	27	19	2	39	16	6	18	3	30	31	33	22	28	5	13	3	
40	26	31	34	29	21	28	36	16	19	22	9	32	5	33	13	22	35	1	26	18	25	25	6	23	15	14	8	9	7	5	4	23	24	27	8	11	2	30	17	
13	1	13	40	4	32	40	15	8	30	38	23	3	16	15	17	24	18	19	22	14	13	18	33	34	40	36	2	35	9	37	6	7	39	25	23	22	14	12	27	
1	4	40	6	9	4	39	21	20	14	40	26	16	17	11	8	35	31	34	24	32	28	17	27	2	1	23	23	11	29	5	18	13	36	37	18	2	30	29	5	
24	26	22	38	26	18	35	11	39	32	30	27	40	5	9	34	34	21	1	2	32	35	3	8	29	23	19	14	10	36	12	23	20	20	28	31	27	5	37	33	
14	27	2	7	19	39	29	10	8	13	9	38	38	1	32	15	22	4	24	11	3	18	31	12	27	5	24	11	37	18	35	8	34	30	33	16	9	5	21	4	
