18	21	39	26	18	22	2	24	39	9	10	3	34	22	7	27	23	2	25	5	5	4	29	18	28	36	14	38	31	31	30	13	25	6	34	16	14	32	29	11	
31	36	10	14	8	7	39	28	6	20	22	40	13	9	7	29	34	18	15	14	11	33	24	21	25	7	26	28	30	12	35	9	5	37	23	17	32	16	27	38	
18	6	22	29	4	26	5	27	33	9	38	28	31	11	8	13	15	20	30	34	29	14	31	24	6	9	31	25	15	10	8	23	3	27	1	4	7	3	21	33	
2	15	19	30	15	14	33	27	31	21	17	18	32	38	31	28	4	11	9	9	16	6	22	17	23	20	24	26	25	28	13	10	40	29	38	27	32	34	29	35	
37	36	28	26	31	16	2	25	24	9	23	38	4	40	5	24	17	11	6	26	36	7	32	34	25	27	36	15	4	14	33	31	8	18	19	29	30	9	10	12	
4	20	31	5	18	32	27	23	1	22	5	34	24	27	17	7	3	2	19	5	6	1	33	2	8	36	28	29	39	25	21	35	2	10	35	9	31	11	30	21	
28	24	5	10	8	19	6	9	11	14	3	14	12	25	13	17	10	29	34	39	11	15	28	4	16	21	9	32	20	28	18	6	22	12	7	7	23	8	13	26	
11	5	32	20	27	34	26	27	21	17	23	22	18	8	21	19	24	20	40	35	37	9	30	4	10	32	1	27	29	13	5	38	6	28	12	23	9	31	7	25	
35	26	38	3	32	8	19	39	17	16	24	12	12	13	14	18	32	15	34	20	12	28	5	7	4	10	27	11	27	30	29	20	21	21	22	34	25	28	23	33	
33	3	2	2	11	5	10	40	5	34	8	6	19	11	12	19	9	35	18	33	21	2	4	23	12	22	7	28	36	26	19	27	26	13	18	30	12	17	24	7	
7	21	11	15	21	18	32	27	2	7	12	11	38	10	23	8	18	27	25	13	14	1	35	26	3	2	16	2	17	23	6	20	4	9	33	22	19	14	36	24	
10	4	11	6	2	31	11	17	16	33	25	19	24	12	39	14	8	38	13	13	18	9	34	9	12	15	26	20	24	21	22	23	7	22	26	3	10	27	17	23	
9	31	29	22	30	17	33	35	12	35	6	28	1	26	34	2	28	9	14	3	9	24	21	10	5	37	4	3	23	16	15	18	37	33	37	25	8	19	11	16	
12	3	33	2	18	20	34	3	22	36	1	21	18	14	28	10	6	30	10	15	35	15	23	19	5	17	40	9	26	38	14	29	39	5	27	14	18	9	8	31	
3	37	8	18	38	25	17	1	10	17	5	33	29	25	9	23	32	39	31	7	34	35	31	22	26	6	24	36	13	28	24	13	27	18	20	11	40	30	7	2	
40	1	22	27	16	28	6	37	16	24	1	39	6	21	18	29	25	39	20	26	26	30	31	35	5	5	2	35	22	37	32	19	28	3	34	33	20	29	38	34	
3	17	30	6	35	5	36	8	3	2	32	15	29	18	40	33	12	31	16	37	25	37	38	2	39	28	32	14	15	9	5	7	23	25	10	6	20	31	13	19	
30	40	23	17	7	12	38	16	39	11	3	13	5	29	12	31	15	33	2	19	38	37	23	14	19	24	15	35	10	13	3	30	18	20	4	6	21	1	19	22	
39	11	23	33	38	24	21	2	7	20	18	2	8	30	1	22	5	10	7	9	12	40	36	13	6	28	17	16	16	32	17	14	40	31	2	28	11	20	26	15	
30	33	6	33	12	4	5	10	4	1	16	14	29	2	22	29	18	27	35	31	16	8	33	5	35	25	22	37	3	7	39	21	28	34	9	38	29	5	15	21	
36	10	31	21	39	3	40	14	19	22	35	32	20	25	26	4	6	5	36	38	1	24	15	25	7	8	22	32	2	21	11	35	29	31	6	25	24	37	28	9	
13	20	20	22	3	3	23	38	6	8	32	35	29	37	17	34	2	36	17	1	12	25	25	29	3	26	3	24	11	31	11	15	38	30	33	39	28	5	25	27	
11	14	15	31	40	29	12	39	13	25	30	16	37	4	2	37	21	32	9	22	10	17	39	5	9	14	33	19	16	18	34	24	20	7	3	15	26	12	5	32	
26	31	3	12	24	30	6	4	19	5	21	26	22	2	25	9	13	10	27	19	23	15	37	31	11	32	1	33	34	2	1	9	35	32	28	7	20	14	6	29	
16	18	4	31	14	22	30	26	29	13	40	1	17	22	26	15	3	19	32	36	16	31	33	37	20	9	34	29	12	30	23	25	33	8	6	5	27	33	35	5	
35	16	34	9	26	10	12	29	24	3	10	37	29	1	24	38	39	8	24	11	27	32	25	10	33	30	12	7	7	35	1	40	31	33	2	14	40	13	4	17	
38	6	7	15	5	19	13	39	18	23	36	33	40	15	40	30	38	9	26	34	24	24	27	12	6	19	23	39	14	20	8	8	25	1	20	21	17	20	2	23	
32	35	5	34	8	2	7	36	39	30	26	20	3	6	21	6	14	2	38	16	10	39	20	33	31	30	37	37	40	32	9	28	24	11	15	21	4	22	17	1	
38	38	9	39	33	18	35	2	20	20	15	24	9	27	2	37	7	25	23	31	13	29	17	26	40	31	5	1	29	19	23	26	1	21	20	32	36	11	14	2	
20	26	16	27	1	9	14	32	28	35	21	30	21	27	15	5	5	17	30	33	20	2	5	11	12	23	31	37	27	3	36	40	19	1	18	7	6	26	36	34	
17	7	11	24	30	15	18	24	23	5	9	36	37	16	36	6	27	24	1	40	19	26	2	31	29	2	35	30	26	22	39	31	32	12	5	4	18	21	25	28	
15	27	21	11	23	13	12	5	27	4	36	2	25	17	20	4	16	6	20	29	13	18	9	36	13	12	27	22	32	24	7	1	25	26	39	37	31	40	34	40	
38	22	29	19	31	6	15	34	40	29	13	9	35	19	33	11	27	21	24	5	17	25	1	29	36	38	23	9	28	15	2	15	37	24	25	12	19	39	4	7	
14	13	17	3	29	3	1	6	9	11	2	21	33	34	39	20	19	20	21	32	28	11	40	8	24	15	18	3	36	15	4	5	26	16	36	36	39	31	31	10	
39	29	16	23	13	21	29	22	22	6	1	4	3	35	37	24	38	12	14	2	13	10	33	20	11	18	5	8	1	34	3	36	12	17	4	26	33	25	30	39	
19	29	35	14	15	23	28	7	30	38	37	31	36	18	10	3	33	2	4	28	39	32	11	2	13	14	20	21	24	40	12	35	17	34	8	26	9	23	22	32	
21	8	13	4	23	11	35	12	9	26	23	5	14	24	23	16	26	34	22	10	29	27	32	38	8	33	9	12	7	28	37	17	36	39	40	15	35	23	9	3	
4	23	22	7	6	35	16	25	25	29	27	1	11	11	32	8	29	38	28	24	15	40	3	38	30	23	8	10	4	39	31	36	34	3	13	9	37	10	33	18	
29	2	14	36	10	3	37	11	32	7	19	8	36	33	38	12	20	28	16	6	15	3	13	27	1	34	28	31	26	17	2	16	8	15	37	18	5	35	31	40	
24	36	25	18	28	27	17	30	34	23	29	7	23	11	31	11	35	3	37	21	8	36	20	13	38	16	19	40	5	6	26	22	1	2	32	15	10	4	9	13	
