36	21	6	30	7	17	23	30	33	20	24	7	31	38	8	29	19	27	25	24	1	18	10	19	32	21	5	18	37	13	5	14	35	37	39	21	11	16	8	34	
26	22	38	6	9	36	32	25	12	6	39	11	14	6	19	40	24	21	8	13	32	10	21	16	4	7	27	5	19	28	29	34	35	15	37	1	8	20	17	18	
22	3	18	25	7	34	23	20	12	28	20	33	35	39	38	28	1	22	23	10	36	7	37	27	20	29	17	17	4	29	24	15	30	39	40	26	31	10	2	32	
27	13	14	11	40	2	36	31	21	8	30	5	12	20	29	32	5	3	36	38	21	17	3	1	6	30	15	25	33	9	6	16	10	18	21	7	9	19	27	22	
11	14	21	13	32	7	31	26	39	24	22	9	31	15	39	34	2	12	10	19	8	4	29	7	16	40	4	17	2	30	33	3	40	5	18	35	1	36	6	37	
15	23	33	3	26	29	26	16	30	23	32	27	24	10	25	32	6	25	38	38	11	20	30	7	20	1	28	16	22	19	40	34	39	31	26	17	9	1	34	28	
22	10	5	3	17	26	25	21	8	12	16	15	30	3	12	7	32	28	21	11	2	10	35	31	38	10	36	37	9	20	22	23	27	24	13	2	39	29	12	4	
37	25	9	23	17	10	19	38	25	29	38	26	37	22	5	32	30	37	18	28	6	39	5	32	11	14	22	8	38	31	1	23	7	7	3	12	14	13	40	2	
38	33	11	32	13	5	13	34	40	21	17	34	8	11	14	16	14	35	13	1	13	12	22	7	9	13	7	12	23	2	38	10	25	6	30	27	3	32	18	36	
10	22	27	15	22	31	21	33	21	32	32	24	34	11	20	38	13	25	39	32	16	34	30	40	29	17	23	26	6	27	12	14	8	27	19	25	18	37	8	35	
25	37	7	6	36	24	33	6	38	29	27	12	20	14	7	8	20	19	29	26	3	40	27	39	14	2	13	26	1	10	9	11	4	16	5	30	27	15	28	22	
22	2	23	33	13	20	27	23	36	6	4	28	32	28	16	3	21	19	30	4	26	33	5	20	7	6	8	22	39	21	31	10	24	12	31	25	29	16	9	14	
19	36	31	8	14	37	9	29	13	33	31	30	23	24	5	17	26	1	25	15	12	16	18	34	25	3	9	2	15	4	4	27	34	32	35	4	20	28	23	38	
17	3	8	29	23	40	35	39	39	9	10	8	21	13	26	32	14	25	31	17	24	23	32	7	5	8	11	20	34	33	38	1	28	1	16	2	38	3	37	26	
7	38	23	24	7	39	14	9	22	33	15	34	6	2	37	10	7	36	26	29	20	13	23	3	2	4	28	30	34	25	5	38	16	27	12	11	28	15	19	33	
37	24	22	40	21	9	37	18	1	13	3	10	21	25	37	23	11	22	2	33	1	5	21	6	26	30	12	36	35	13	17	20	32	29	18	4	35	7	17	39	
13	10	40	24	24	35	34	30	14	31	20	5	33	30	1	5	9	37	30	2	7	5	19	34	36	25	34	23	26	3	13	29	7	4	10	27	38	6	15	38	
29	26	32	9	11	21	10	18	15	38	7	16	36	17	39	20	36	30	33	12	28	34	40	24	33	37	14	17	27	12	4	5	31	33	22	3	3	18	33	13	
5	37	19	34	1	15	3	35	34	36	35	13	23	23	33	5	16	31	19	40	40	14	2	15	37	2	38	39	9	21	37	12	6	7	34	8	17	4	29	9	
23	20	8	35	40	38	37	5	26	6	36	16	7	26	21	39	25	15	22	31	32	16	1	28	18	24	29	23	13	14	27	25	33	26	17	20	16	4	30	29	
39	7	2	3	30	19	38	13	23	11	33	4	25	26	28	31	1	14	12	12	17	21	34	38	8	1	16	15	34	27	33	32	23	35	24	18	40	22	13	20	
19	4	13	36	14	30	21	14	34	22	14	8	40	5	3	34	35	8	1	27	24	28	13	9	9	26	13	6	38	15	16	2	17	17	23	27	7	40	31	10	
12	40	33	1	34	25	24	27	22	19	11	4	37	13	2	4	36	8	37	17	13	1	7	18	15	28	3	8	16	18	35	24	20	23	14	9	37	38	31	21	
11	30	20	36	2	13	35	24	10	21	31	19	19	34	32	23	12	22	35	23	29	11	36	2	27	8	38	18	40	26	31	4	5	38	26	6	14	21	16	7	
40	36	15	7	19	37	26	26	9	4	6	34	13	32	33	33	37	28	3	26	5	27	16	8	23	40	39	20	10	3	25	34	36	29	38	13	24	13	1	28	
6	32	20	16	21	3	39	7	28	33	23	20	10	28	15	30	17	2	39	22	3	19	5	36	40	33	1	21	2	24	8	9	13	11	25	29	6	5	19	26	
27	39	1	34	15	5	13	29	5	10	40	5	16	4	30	9	32	26	19	24	14	6	17	9	12	17	21	13	11	37	34	27	29	24	20	37	27	23	25	28	
20	13	24	22	16	11	28	36	25	36	8	21	39	12	19	6	27	29	9	26	15	40	13	37	13	19	22	38	29	35	14	40	5	33	18	23	32	35	3	17	
21	34	16	17	2	27	13	28	10	23	1	22	8	9	10	18	17	32	3	36	19	15	24	21	39	31	25	29	30	12	30	6	2	37	8	2	26	33	17	40	
26	15	36	31	18	1	6	20	17	6	13	34	11	34	4	4	20	19	27	35	28	8	25	21	39	32	11	7	37	29	26	20	34	11	9	40	9	10	22	24	
1	20	10	6	4	8	7	15	16	25	39	35	19	27	11	12	18	20	9	5	33	24	21	19	34	19	9	31	28	24	13	17	33	14	10	32	6	6	39	19	
24	35	10	37	6	10	40	13	27	37	9	16	18	16	25	11	32	33	4	1	10	38	5	2	13	5	18	1	40	7	15	16	3	17	21	2	22	30	8	12	
22	1	3	38	12	18	3	37	5	30	34	6	25	28	31	18	22	5	14	20	8	23	26	35	22	21	32	34	2	19	36	19	15	21	27	33	36	8	16	11	
28	37	34	38	20	21	5	32	18	16	37	12	26	9	36	13	19	23	34	21	38	12	27	1	22	24	19	9	24	39	35	7	14	25	34	31	30	36	4	40	
2	28	1	26	27	4	14	3	11	5	7	37	15	29	27	25	7	39	32	23	18	22	19	30	1	6	39	14	28	40	19	19	21	9	31	40	33	12	35	8	
35	37	28	38	25	3	20	25	2	7	38	12	22	6	40	4	8	32	15	30	20	26	31	26	21	18	24	11	17	13	3	13	40	19	35	34	17	14	32	5	
18	19	17	27	22	6	29	22	20	39	37	31	11	30	13	24	33	34	30	3	35	20	38	25	26	36	32	32	39	23	34	8	37	5	28	10	2	3	26	18	
39	9	5	10	28	7	30	14	31	5	12	17	27	4	34	37	22	18	36	18	39	25	12	15	14	29	20	9	29	1	21	25	38	13	21	19	16	40	22	3	
3	30	12	3	29	28	37	2	4	14	9	25	19	18	37	35	38	15	34	16	4	1	39	39	10	9	22	13	1	32	38	30	13	36	33	37	19	17	20	6	
30	16	29	39	31	14	22	8	18	3	19	23	38	7	9	26	8	11	28	38	34	32	25	4	17	3	18	8	20	36	10	33	40	1	23	13	6	35	4	15	
