21	28	22	5	23	15	32	15	37	33	38	5	30	11	4	5	8	3	17	13	24	12	34	9	32	26	31	4	39	12	27	15	18	19	23	10	23	6	22	14	
34	9	12	13	17	5	15	22	5	30	32	19	31	15	18	20	39	5	14	34	7	36	6	21	4	18	27	16	23	38	24	11	4	25	26	28	29	33	35	37	
5	18	36	33	23	10	2	19	6	12	2	1	37	38	19	30	13	35	4	31	23	16	31	24	29	3	32	4	25	10	21	20	26	7	10	39	6	11	6	40	
19	5	38	6	32	6	33	35	31	26	22	11	39	2	24	17	33	7	18	8	13	37	25	28	33	34	23	36	31	27	26	40	20	21	3	10	30	33	4	5	
17	13	13	7	5	26	20	35	29	35	40	39	21	22	24	11	4	36	37	32	19	20	30	28	31	21	38	4	12	28	6	18	29	8	20	33	34	1	23	24	
22	13	6	32	24	19	33	17	12	27	7	20	36	25	5	23	4	30	17	9	5	21	20	31	26	29	19	8	16	32	14	27	34	17	18	15	25	10	30	35	
30	26	3	15	40	37	28	33	16	2	35	19	19	4	39	34	23	16	38	36	1	9	20	28	17	25	5	37	29	11	20	8	6	12	21	24	7	38	14	12	
37	39	28	5	33	25	29	12	30	16	37	17	15	6	33	27	29	22	14	18	31	31	21	14	33	32	35	38	25	40	7	11	36	24	14	19	38	2	26	20	
13	20	30	25	24	21	2	2	31	14	15	19	33	23	26	23	11	8	9	25	35	5	34	19	27	37	33	17	34	16	27	36	25	6	12	38	24	10	39	11	
12	40	20	2	21	32	16	21	36	21	37	29	23	18	5	38	12	27	8	35	32	33	22	15	35	30	3	7	28	29	9	39	19	17	28	31	6	4	1	34	
11	31	9	23	6	4	19	16	28	24	40	18	6	20	22	32	5	13	27	29	39	32	26	7	8	1	32	2	30	33	29	38	8	36	25	11	37	27	17	22	
40	14	29	3	29	8	23	23	19	7	9	7	38	22	11	31	12	33	29	39	10	15	35	15	1	3	24	34	27	29	13	24	2	32	17	18	30	37	38	6	
33	37	2	26	8	11	6	18	33	32	13	40	1	39	12	26	38	24	10	13	14	4	35	16	34	5	15	21	35	17	19	25	36	20	40	3	22	36	7	9	
16	18	34	1	4	3	24	39	17	31	9	25	32	33	21	15	31	37	25	19	32	30	29	26	35	18	16	9	10	21	36	23	28	25	22	29	20	35	27	32	
15	16	13	37	6	31	9	27	13	25	39	3	3	19	18	35	33	31	32	34	11	23	5	26	6	16	14	20	9	21	1	21	38	18	24	29	32	17	12	4	
27	40	35	27	15	10	21	38	39	9	28	37	22	22	20	23	36	23	33	2	39	31	12	29	32	40	13	14	1	14	8	16	12	3	28	17	5	5	11	32	
3	29	26	21	9	36	34	1	15	16	2	3	40	5	30	28	23	31	29	4	6	32	1	8	19	27	17	21	22	35	2	14	7	26	33	8	11	16	38	23	
28	27	24	22	26	2	37	6	22	23	36	14	4	34	15	20	10	30	39	29	5	37	40	5	12	21	3	25	34	1	33	11	29	9	30	7	5	18	1	16	
36	34	28	38	18	40	14	25	20	1	3	21	28	32	16	29	15	17	2	37	3	35	4	23	32	22	19	26	5	17	39	24	40	27	7	7	31	19	30	30	
9	22	1	34	12	14	13	20	19	10	3	23	35	34	32	16	5	11	31	30	15	19	8	11	33	12	18	36	21	36	23	26	17	21	2	25	27	24	28	3	
18	24	9	4	7	38	7	10	34	35	1	5	4	35	5	36	37	9	19	5	2	39	21	6	11	20	8	23	30	29	15	37	3	22	37	12	6	13	13	30	
26	7	31	27	38	33	10	23	32	28	25	30	14	3	29	13	20	20	34	40	6	6	36	5	12	24	8	11	15	11	35	37	15	39	1	3	4	40	2	33	
15	38	12	28	37	24	37	7	1	20	3	36	13	26	38	22	35	39	26	3	4	9	9	8	30	7	40	21	6	12	4	17	8	13	34	32	33	21	5	18	
38	28	11	8	3	38	22	35	33	35	18	24	1	27	23	18	29	11	28	23	16	34	29	10	36	31	39	19	37	31	30	23	21	35	20	16	26	37	40	6	
23	8	20	19	29	34	26	9	39	11	27	1	2	5	7	21	22	4	24	10	30	3	31	35	31	6	40	15	32	37	17	12	33	26	28	20	14	38	15	5	
2	31	4	29	34	5	38	5	7	18	11	26	20	30	15	39	24	4	12	6	30	17	13	21	40	21	33	11	14	2	16	2	22	1	20	21	4	15	8	10	
24	10	18	29	35	22	24	8	24	29	10	4	36	13	25	24	26	40	24	33	32	24	23	11	28	2	16	27	4	19	18	15	23	34	36	6	9	14	10	31	
34	11	26	20	20	39	40	32	35	14	21	14	3	32	27	18	22	25	29	23	30	38	26	2	26	16	5	22	19	5	4	10	9	19	31	13	5	7	6	36	
20	11	39	9	1	9	17	20	38	34	33	22	26	15	17	2	28	11	21	4	8	11	3	6	37	10	25	29	15	7	14	27	16	13	22	14	18	27	24	36	
25	12	2	35	16	9	30	34	17	38	27	13	7	20	17	23	27	20	2	1	17	14	11	32	13	33	33	24	8	5	18	20	15	3	10	19	19	29	10	26	
24	35	32	28	10	35	11	28	5	8	17	19	12	21	38	14	4	29	30	15	33	29	18	33	39	16	1	36	2	9	20	31	33	37	4	34	13	39	16	7	
39	17	23	36	31	18	5	33	40	22	30	15	9	36	37	28	14	34	13	40	38	20	24	25	2	11	6	10	7	6	12	32	27	21	29	9	28	26	31	19	
6	18	25	4	11	8	27	13	40	36	7	31	38	17	1	33	17	38	25	14	30	24	2	8	3	24	20	11	40	4	21	34	9	5	35	8	39	13	9	12	
33	6	14	30	11	7	8	26	2	22	4	16	34	28	21	19	9	24	35	38	17	4	32	13	34	15	12	31	16	10	11	6	23	19	27	20	21	39	35	1	
1	20	5	31	13	14	39	11	36	21	38	2	22	24	14	5	30	26	25	39	18	22	3	27	38	24	36	39	3	20	26	4	37	23	19	40	31	28	10	29	
29	36	13	10	8	23	38	37	3	13	31	6	5	28	28	24	1	7	7	11	24	40	33	18	5	38	7	30	40	8	2	22	29	14	14	35	32	9	24	15	
10	1	15	38	19	20	4	17	24	6	7	7	23	29	13	17	18	21	39	16	22	34	37	6	5	39	30	28	9	3	19	33	11	18	40	9	35	32	25	17	
27	21	11	40	1	27	14	14	28	3	23	4	6	6	2	25	1	18	36	35	20	7	37	12	12	28	15	4	15	30	22	31	5	29	32	37	37	8	2	33	
32	15	16	17	20	6	36	21	22	13	34	35	8	31	1	26	7	14	18	12	31	25	38	37	9	17	28	36	11	18	7	1	20	30	8	2	23	33	29	31	
3	19	23	11	30	14	18	35	21	37	5	5	16	24	31	1	31	6	26	7	25	31	27	28	10	35	22	12	14	39	40	9	4	12	8	36	15	20	32	38	
