40	9	28	31	27	38	14	19	35	33	6	16	40	3	20	8	5	4	25	14	15	23	10	37	12	22	16	29	9	1	13	3	2	26	27	30	13	39	4	7	
28	39	11	26	39	29	23	33	22	5	37	26	17	4	20	27	16	25	4	24	22	7	15	13	22	40	38	34	35	31	28	12	27	30	32	18	6	8	1	36	
1	31	8	8	25	17	23	38	39	17	9	10	21	21	22	40	10	15	23	34	35	39	3	19	26	28	23	30	24	17	11	16	4	7	20	20	27	32	7	12	
6	13	16	17	24	25	7	23	29	26	14	21	14	8	29	36	31	9	13	5	15	20	9	10	16	27	28	26	11	30	32	3	26	37	16	12	19	19	22	5	
34	30	23	5	33	1	38	14	7	8	16	19	18	22	21	22	37	35	6	33	17	26	36	39	20	7	40	2	15	11	30	9	3	2	4	20	10	27	31	13	
24	36	12	30	7	20	9	33	13	11	24	26	26	6	22	3	2	14	28	15	14	16	10	17	14	8	18	3	32	7	37	14	33	38	1	39	15	40	19	25	
8	32	8	33	36	19	24	35	22	10	39	33	22	7	31	26	12	7	18	33	11	12	4	32	40	35	27	13	32	37	28	29	24	34	10	9	1	32	2	19	
31	38	10	2	34	38	25	3	4	33	35	5	34	27	32	30	11	7	30	40	33	13	28	14	6	26	19	31	16	10	8	3	39	14	9	29	2	17	30	37	
7	13	25	30	29	14	17	38	10	6	27	39	15	11	1	6	35	17	34	39	26	39	32	20	2	32	3	33	38	18	24	36	28	40	22	6	9	37	4	8	
31	17	36	3	18	34	39	2	1	30	38	23	18	28	32	10	8	19	32	4	34	5	36	21	40	7	13	38	33	3	6	21	11	37	14	25	29	10	24	27	
29	19	39	37	36	21	36	1	36	25	34	27	28	19	35	25	24	37	22	14	38	15	26	37	8	36	20	31	35	40	2	23	8	32	7	1	3	4	32	33	
15	15	9	40	32	33	14	5	28	24	8	15	35	30	10	34	15	26	16	7	14	8	18	22	36	23	10	37	12	31	17	24	6	12	13	27	3	25	20	28	
38	24	32	30	3	38	12	16	12	18	20	25	23	35	31	7	9	30	28	8	18	39	29	11	9	31	26	9	4	2	26	40	21	15	19	21	5	28	26	14	
3	4	23	23	28	11	20	32	40	5	1	6	2	15	7	40	36	28	38	37	25	21	33	35	27	1	5	16	27	29	26	27	30	36	8	10	36	9	34	24	
11	23	29	2	30	31	39	20	16	34	6	32	4	37	22	18	35	17	31	12	3	4	35	22	33	19	26	24	25	12	5	38	25	36	31	2	13	19	14	15	
3	15	35	36	1	6	13	33	20	32	40	20	26	19	33	12	34	8	37	5	16	27	33	30	12	14	29	11	30	38	24	31	10	17	23	8	21	24	30	39	
9	13	38	21	29	27	22	11	31	12	13	36	35	39	24	36	6	10	37	25	37	18	5	40	23	17	33	31	1	14	19	33	26	5	15	3	29	34	7	17	
32	5	2	16	38	23	1	33	24	35	8	17	3	9	3	14	23	33	36	11	35	4	33	18	3	34	7	39	14	6	35	8	40	10	8	37	12	38	21	28	
31	16	34	22	21	34	35	36	16	19	2	9	16	24	14	17	15	18	35	26	13	28	20	11	25	15	37	16	23	3	33	31	27	24	10	25	7	38	16	29	
10	7	10	14	28	22	28	1	30	12	17	31	29	32	39	38	4	23	5	12	24	34	32	26	9	1	8	12	22	21	20	25	17	33	35	6	38	11	36	16	
17	6	4	4	31	32	39	21	12	36	30	24	23	20	40	27	10	5	27	28	16	37	7	30	22	25	22	9	34	12	14	5	8	15	11	32	38	34	3	38	
24	22	11	38	31	8	15	37	11	29	14	28	24	9	12	35	31	31	1	11	32	12	13	33	17	8	14	2	39	10	40	18	34	6	2	19	16	20	23	21	
35	15	33	7	22	33	40	1	14	28	10	34	30	12	21	4	17	29	3	13	36	31	14	23	33	9	39	38	6	38	15	38	5	31	37	12	18	29	8	23	
16	10	7	2	9	26	35	24	11	27	25	36	14	36	17	36	3	3	29	6	30	26	34	29	11	24	31	17	13	32	29	15	27	35	6	38	15	1	14	18	
14	36	13	27	21	15	19	17	6	3	17	33	18	40	11	22	21	38	36	23	17	24	25	1	5	29	32	10	15	35	30	26	20	28	12	4	31	18	9	2	
10	18	17	26	12	18	37	22	5	22	32	20	33	14	18	28	31	39	35	3	34	5	19	9	22	21	5	4	36	4	27	31	16	33	6	17	8	40	38	2	
12	17	14	4	35	18	18	8	14	1	40	3	3	16	13	14	30	4	15	11	5	38	39	11	28	3	25	24	37	17	16	2	25	24	32	11	39	7	8	10	
13	8	3	38	11	2	10	38	9	14	7	38	39	2	6	16	40	20	29	27	28	2	17	12	24	4	15	18	39	19	21	5	22	23	30	26	25	29	32	31	
39	9	37	28	1	40	40	34	10	31	5	35	26	17	3	39	13	11	7	5	18	19	36	25	23	24	34	32	9	5	36	37	12	24	26	2	14	19	27	21	
35	20	13	19	23	6	8	29	15	11	31	20	25	24	36	37	37	27	24	9	20	11	30	21	32	9	12	35	17	26	5	4	32	16	10	13	11	14	30	22	
22	21	40	35	32	24	29	26	7	2	18	30	5	10	35	23	7	4	8	10	19	10	9	15	16	20	17	23	27	4	38	39	13	25	28	33	11	12	37	1	
40	33	22	39	26	6	21	18	8	24	28	23	27	23	25	36	29	32	17	10	20	9	40	28	30	12	18	19	10	24	14	7	4	31	3	19	34	11	35	26	
25	9	1	6	29	16	39	7	38	9	8	8	3	2	32	15	6	40	27	17	12	30	9	24	13	9	34	36	10	13	18	32	19	1	27	5	14	21	1	3	
18	40	5	10	37	28	26	29	25	6	3	29	34	38	2	39	1	14	30	3	27	27	6	40	31	11	27	7	21	33	27	13	21	22	3	8	15	16	12	19	
18	25	1	1	13	26	27	9	37	39	39	22	23	21	8	37	26	34	19	16	7	40	38	28	17	30	23	12	2	37	29	8	14	18	5	15	40	31	19	35	
19	8	6	29	26	9	16	9	2	28	11	2	20	37	18	24	16	28	31	15	21	8	12	20	34	40	35	22	26	5	4	27	6	13	3	32	17	16	30	36	
2	37	27	6	39	33	30	4	14	7	12	40	11	13	39	25	14	21	32	18	11	33	36	8	29	36	33	1	2	15	26	6	9	10	38	23	40	19	16	5	
14	14	14	24	19	3	35	15	21	24	26	20	16	11	27	29	4	12	20	22	23	33	37	15	35	18	30	22	40	40	25	5	17	39	17	28	32	9	33	34	
23	13	15	25	13	35	11	15	3	20	7	12	1	29	12	31	18	36	3	30	25	10	22	32	30	33	8	5	28	27	39	14	30	2	34	40	25	6	4	17	
5	11	18	4	40	30	31	39	17	16	15	26	32	25	19	9	10	13	10	34	29	35	29	27	37	38	21	8	34	20	8	28	23	14	29	34	33	3	26	4	
