30	21	9	19	22	14	1	5	1	16	22	20	17	26	25	17	7	3	16	4	7	32	37	22	18	31	3	11	20	33	6	23	13	5	2	16	24	32	27	14	
6	37	23	12	12	5	26	8	38	31	9	1	21	35	12	27	23	13	34	32	2	29	5	14	24	4	17	39	33	24	3	28	11	15	30	16	10	18	19	7	
1	8	33	11	2	2	34	21	12	17	11	3	3	5	4	24	6	17	13	28	31	1	7	39	3	32	40	8	9	10	8	35	13	38	32	14	29	23	21	15	
37	21	38	29	23	30	3	26	5	3	4	25	33	7	21	33	28	10	31	19	15	36	8	25	27	37	32	9	9	6	39	35	22	24	14	34	11	14	12	5	
6	11	27	36	7	37	18	32	5	6	9	9	31	14	23	12	1	5	10	39	37	38	32	16	17	3	40	19	8	7	20	13	15	36	34	19	25	21	22	26	
13	14	23	1	18	3	2	8	6	4	5	39	34	33	5	8	25	2	15	28	7	31	26	10	17	17	27	37	24	23	11	34	28	32	24	9	31	16	7	29	
13	40	13	4	31	15	1	6	6	14	31	2	33	16	1	39	29	17	33	3	36	33	25	20	21	6	11	1	12	7	15	22	4	26	18	24	30	5	28	34	
7	7	24	38	10	22	27	28	34	17	29	27	8	9	36	18	5	36	11	5	32	21	23	26	4	30	39	31	30	25	14	37	19	36	33	19	15	5	6	38	
19	22	15	15	27	40	22	23	34	28	24	16	6	36	38	39	20	35	19	7	7	33	31	24	25	9	40	29	11	33	17	19	12	30	24	32	25	3	38	8	
20	11	21	23	4	16	11	13	40	28	18	4	19	38	17	29	4	6	7	14	37	10	21	5	35	2	22	17	3	24	22	25	26	31	36	27	8	33	30	1	
18	36	35	23	32	9	1	33	13	5	35	40	12	13	34	36	8	13	2	5	28	21	14	3	9	37	19	4	27	5	38	34	39	25	15	27	26	13	10	34	
7	1	22	16	12	12	4	14	22	40	8	39	10	11	39	9	37	7	8	21	10	34	12	38	5	16	23	26	27	27	13	31	19	28	36	20	38	35	23	17	
31	20	6	30	29	34	35	15	39	33	25	38	21	27	33	23	40	4	8	24	14	5	9	31	32	1	8	18	21	21	26	40	2	27	28	17	12	19	36	3	
9	10	34	27	34	17	40	23	11	36	4	21	38	5	2	18	31	38	35	40	16	15	37	12	31	22	25	39	29	3	28	39	14	13	12	33	15	1	13	18	
34	6	32	22	40	22	37	29	17	28	26	31	32	12	33	20	21	14	9	8	14	35	36	15	38	34	4	5	33	11	16	16	10	37	39	8	18	22	25	2	
39	8	11	28	8	1	37	27	3	35	32	7	18	22	18	10	13	11	12	35	17	16	9	23	10	33	20	16	14	2	36	40	39	4	25	5	34	15	29	33	
4	18	37	19	30	4	24	31	5	25	24	10	37	23	22	4	12	38	17	15	38	11	13	34	3	34	36	33	3	14	16	5	29	2	13	7	4	39	36	40	
7	9	4	2	28	23	35	37	18	1	10	13	3	17	37	5	40	22	24	32	34	37	27	12	36	35	17	30	19	2	25	23	40	18	26	25	38	6	11	14	
5	9	16	2	24	2	6	12	21	22	33	4	8	15	14	34	3	20	20	17	11	37	28	8	8	39	30	35	2	31	40	7	36	9	10	13	2	38	17	19	
8	39	14	9	12	18	32	1	34	10	6	34	35	31	39	30	28	19	21	19	5	8	12	39	11	13	36	7	36	3	22	29	39	20	35	15	37	16	38	17	
22	1	8	3	25	4	29	39	14	39	15	5	5	28	35	10	27	27	16	20	27	13	37	24	30	30	21	13	6	17	27	18	7	32	9	26	25	31	23	32	
21	26	27	15	8	19	15	24	34	11	33	18	22	27	30	40	14	1	10	9	6	27	16	10	7	8	33	32	29	4	5	39	31	29	4	25	35	16	13	25	
24	36	36	34	21	12	31	24	9	30	20	12	13	29	19	9	26	1	37	10	34	39	7	22	11	11	1	35	15	4	18	27	30	40	17	8	40	2	32	6	
16	7	8	18	24	20	24	9	15	16	11	6	40	9	8	1	6	12	32	8	38	39	33	17	28	37	24	25	23	13	27	36	4	24	19	18	39	32	21	2	
37	23	39	26	33	1	25	17	34	13	15	22	9	37	35	35	30	14	6	11	12	24	36	7	4	5	20	40	26	32	38	20	3	27	4	18	28	29	31	10	
27	40	25	34	26	21	16	12	22	20	12	22	1	36	24	1	38	34	30	21	23	25	32	28	39	36	35	19	5	10	29	30	6	37	21	31	3	26	33	13	
35	24	32	32	16	6	23	3	37	2	21	8	16	1	26	13	29	9	29	33	14	4	19	3	40	29	28	36	7	5	10	38	13	34	20	26	31	11	27	22	
37	38	26	11	35	36	21	14	1	39	3	4	30	11	5	22	32	23	7	31	13	3	24	25	20	40	6	8	27	28	14	14	17	32	16	2	26	27	15	16	
23	4	17	7	12	24	19	30	39	15	18	11	16	32	21	33	20	18	36	5	28	40	16	35	22	27	32	38	10	2	12	17	8	39	14	6	1	30	34	28	
34	2	26	39	34	36	28	5	4	7	40	27	36	4	18	7	22	39	1	17	30	8	35	23	31	35	26	19	25	9	15	6	35	21	3	12	6	20	6	5	
25	3	28	8	4	29	13	22	24	11	36	4	20	18	27	37	9	11	12	23	1	6	23	33	16	21	2	34	37	12	21	10	38	31	31	39	14	17	26	29	
25	5	30	31	11	11	17	17	7	26	26	37	21	6	27	36	17	21	14	11	22	20	10	17	1	14	8	5	28	13	24	10	9	3	31	19	4	4	16	39	
26	35	33	40	38	25	21	4	34	21	7	12	32	12	11	28	23	13	39	13	15	3	7	18	4	6	13	1	37	22	33	15	13	36	8	1	2	24	2	27	
37	12	18	24	5	24	7	19	26	21	22	39	23	30	38	14	11	8	8	6	20	1	17	21	13	15	16	40	31	11	32	15	37	24	29	40	37	28	35	20	
10	25	8	17	1	7	27	11	1	34	12	14	21	19	28	30	24	36	20	38	36	30	2	30	8	28	29	3	13	35	11	9	16	12	20	21	5	5	18	33	
27	16	40	37	22	26	20	34	10	32	27	15	24	17	31	17	2	5	4	4	25	4	1	29	2	18	27	6	12	30	35	28	33	19	22	7	36	7	35	38	
17	9	1	21	15	17	33	7	11	24	40	23	26	39	2	25	6	27	16	12	40	2	33	30	14	10	31	1	32	13	37	34	11	35	13	28	30	36	20	39	
15	17	19	38	13	27	12	16	25	25	14	21	28	2	3	27	36	24	18	14	26	11	5	23	29	7	36	20	30	21	7	4	32	15	35	38	22	30	8	9	
13	13	23	20	4	28	37	38	33	12	1	17	11	2	29	32	39	19	3	26	35	7	18	9	10	35	34	21	22	26	23	32	27	5	10	30	8	37	14	31	
11	15	2	13	3	16	5	40	25	37	14	19	27	20	8	26	12	39	22	31	24	25	13	6	18	12	38	15	16	29	4	8	1	34	21	35	7	9	16	23	
