37	17	15	36	15	1	40	38	1	39	13	3	6	2	11	39	16	38	4	11	19	8	36	26	15	9	34	9	25	12	29	39	14	19	18	27	9	5	14	7	
32	24	39	27	25	40	23	28	35	11	28	4	16	14	18	20	21	1	19	34	10	37	26	22	5	26	36	12	27	6	8	17	29	38	40	2	33	13	30	31	
21	3	9	26	14	24	4	23	22	11	15	21	5	35	29	7	10	21	8	35	16	13	40	1	6	30	30	31	39	5	36	9	11	2	33	9	17	34	30	37	
34	2	5	29	26	32	25	25	3	30	17	16	32	7	6	28	26	33	14	15	28	9	21	31	37	11	38	10	34	18	34	27	15	36	11	35	17	39	13	17	
13	19	30	3	15	33	28	39	15	31	2	40	26	20	20	21	22	7	20	11	23	11	25	25	36	26	12	11	9	14	17	16	24	4	27	29	32	28	34	38	
8	14	28	32	31	5	2	8	9	11	10	27	11	30	12	36	13	10	6	11	15	16	20	34	3	21	18	26	38	30	19	35	1	39	24	21	37	17	18	40	
15	23	16	23	3	14	17	5	21	10	14	24	18	23	7	18	32	19	34	27	34	6	20	25	33	33	4	15	40	20	4	11	31	17	26	28	20	37	29	35	
36	29	12	11	9	17	19	38	30	2	16	12	37	32	34	26	14	35	30	10	3	32	13	23	38	31	4	18	23	27	4	8	5	15	9	20	21	25	38	39	
16	10	7	9	31	38	24	3	22	12	1	14	40	7	35	36	33	36	2	5	12	4	3	15	4	13	17	19	23	1	11	36	18	3	6	29	31	23	21	10	
31	20	22	21	16	14	14	7	39	4	1	1	3	33	3	37	39	15	6	19	12	5	17	10	8	11	40	23	23	24	31	13	24	6	25	38	13	35	36	2	
34	32	30	28	23	30	19	11	1	15	29	2	15	31	10	8	34	36	33	10	9	8	12	30	7	35	17	13	14	16	18	36	37	34	19	9	20	27	10	17	
33	35	2	35	13	1	39	40	34	16	40	32	21	40	14	17	28	25	23	29	30	19	22	18	2	36	15	12	5	22	12	33	6	20	31	24	10	14	7	34	
19	35	23	30	32	25	4	9	5	17	36	32	33	8	37	25	35	9	38	28	28	39	10	23	40	25	29	1	36	34	27	4	24	3	31	13	19	26	12	21	
39	5	2	22	9	37	3	31	35	27	8	13	12	16	33	6	38	20	31	23	40	8	24	14	4	7	16	15	28	25	23	18	19	23	29	25	9	26	10	1	
2	11	3	3	17	34	6	11	4	26	31	32	32	4	5	33	38	8	35	22	29	15	26	7	27	9	19	33	24	14	25	15	23	28	16	36	12	18	35	9	
33	15	28	23	8	19	4	4	24	36	15	5	8	39	37	34	37	5	16	18	16	28	30	35	2	3	20	6	9	7	9	40	15	21	18	22	36	11	25	26	
4	34	8	2	22	2	26	16	5	37	32	10	14	11	36	13	1	12	8	7	17	40	36	19	16	5	34	9	15	13	20	13	38	21	21	16	18	33	30	23	
19	12	22	24	10	15	24	8	14	29	5	15	19	38	29	32	30	20	31	39	23	3	2	9	13	3	22	22	26	1	28	6	4	37	23	11	8	7	16	11	
20	39	17	36	27	2	18	14	11	4	3	23	36	1	30	6	4	9	26	25	5	9	16	37	3	28	35	40	17	29	40	31	25	13	19	10	6	33	15	19	
27	11	25	20	10	12	16	1	10	32	15	6	37	28	33	29	3	16	18	17	2	7	40	21	19	9	23	11	31	24	13	15	33	36	30	39	5	38	29	14	
26	1	7	12	28	29	30	26	6	37	33	34	2	30	40	8	31	13	17	16	33	27	23	23	14	4	11	14	32	38	15	5	36	22	6	18	38	3	35	38	
19	9	24	9	29	19	7	13	29	14	26	11	29	4	31	39	36	32	10	23	20	15	18	5	24	12	13	21	34	30	15	2	36	27	15	21	35	5	23	22	
17	6	21	1	40	3	37	33	31	37	7	6	9	20	8	30	30	10	6	13	32	11	13	24	25	11	39	17	16	12	26	17	12	4	20	5	4	2	27	22	
28	30	26	34	40	23	13	27	30	8	29	17	10	40	28	31	39	10	36	9	11	20	29	16	13	32	14	22	27	35	33	7	15	12	35	19	28	1	27	18	
34	16	21	39	2	39	20	39	7	13	37	14	22	10	21	32	40	23	34	12	3	17	12	27	24	36	25	38	29	8	3	13	26	21	4	10	11	10	6	15	
22	33	18	30	1	26	19	24	1	19	24	7	16	25	6	27	10	28	29	29	31	22	32	31	34	23	39	39	29	36	40	38	24	14	35	21	2	4	34	30	
40	7	17	13	29	20	38	36	8	9	14	25	27	37	15	10	6	40	5	33	34	35	28	17	4	16	24	29	1	7	21	29	22	26	32	38	39	18	31	3	
23	27	10	40	11	10	5	15	39	38	37	28	29	22	31	24	21	4	8	14	8	9	36	17	26	25	5	16	40	19	1	20	34	38	17	37	37	12	7	6	
5	33	19	23	12	39	2	22	40	8	30	6	15	22	13	36	2	6	1	34	21	10	4	8	35	9	37	29	17	1	23	10	32	29	30	33	25	31	3	16	
27	31	18	33	40	21	15	34	23	18	19	8	10	24	3	35	25	37	21	40	27	30	38	7	9	26	28	32	6	39	35	29	6	5	10	36	22	21	20	38	
35	36	29	31	4	29	27	25	16	33	13	37	13	8	32	10	23	6	30	25	24	22	3	28	21	9	26	36	19	29	34	9	17	10	28	12	36	8	34	5	
30	36	27	32	33	9	39	17	12	26	28	33	38	29	10	11	5	14	32	3	37	13	1	7	20	34	8	7	23	40	36	10	24	16	36	15	19	6	18	24	
2	4	38	37	21	5	32	5	15	22	6	9	24	2	39	34	26	1	40	36	29	23	4	11	36	33	14	2	10	28	14	8	20	8	34	38	3	23	1	5	
38	34	4	8	25	28	1	2	27	33	34	5	17	36	9	40	15	16	34	21	33	12	19	13	32	9	6	32	22	36	30	14	27	18	10	23	4	10	6	20	
24	37	22	25	18	16	16	26	29	40	32	12	24	9	20	13	7	15	39	17	13	18	27	33	25	19	32	28	6	2	35	24	21	7	3	30	23	14	5	8	
37	26	20	18	31	27	21	26	37	12	40	15	23	8	25	1	16	17	22	24	38	14	1	6	16	33	30	23	2	24	31	32	8	33	7	28	13	17	4	40	
29	40	32	34	37	6	24	10	17	1	20	12	39	12	8	2	8	35	21	27	14	35	31	5	18	15	33	24	27	22	9	3	19	30	25	7	34	9	6	11	
34	18	10	35	22	22	9	11	2	17	38	19	10	3	16	23	12	26	32	30	6	1	33	20	25	8	9	17	38	13	24	22	25	13	39	35	27	5	37	28	
25	28	14	19	20	10	31	21	26	23	5	22	7	14	24	22	17	31	27	1	40	32	20	29	11	16	2	14	12	31	37	30	9	34	38	40	35	16	40	13	
26	38	28	4	5	10	8	7	13	18	9	29	5	23	1	3	28	27	15	28	18	36	37	19	17	22	31	14	35	32	5	12	19	40	30	16	30	28	19	25	
