16	40	33	38	22	3	2	14	19	39	18	26	5	17	12	29	5	21	29	13	6	34	21	15	27	1	28	31	27	20	28	23	9	33	30	32	33	35	3	10	
16	10	32	11	16	34	37	18	4	23	28	8	14	39	17	30	38	35	19	13	7	36	31	4	26	8	33	9	25	40	12	39	1	29	7	15	13	2	22	20	
5	39	10	9	35	16	36	21	7	12	23	2	38	3	3	13	8	33	19	31	24	16	19	14	2	15	17	11	5	28	13	18	25	21	20	9	26	7	27	31	
8	40	22	3	32	23	6	38	13	22	26	26	27	2	37	26	14	4	28	8	29	30	12	3	39	15	5	22	11	11	7	16	8	24	9	31	34	15	25	17	
23	1	20	8	31	6	23	34	7	40	39	27	25	40	26	14	12	25	32	21	25	24	26	33	3	28	10	35	29	36	27	5	30	36	2	17	40	16	8	4	
11	36	19	25	33	3	35	3	17	16	12	40	37	27	20	29	9	28	12	22	8	29	18	34	22	21	40	23	20	38	13	28	31	30	2	14	24	26	4	28	
40	14	25	26	30	35	13	28	10	22	7	15	40	21	38	20	35	27	36	12	21	39	30	1	17	21	9	35	5	11	20	2	14	34	29	33	17	31	18	16	
39	23	28	36	1	15	13	25	31	39	27	1	26	6	38	40	24	37	25	29	38	2	17	40	30	32	34	33	8	6	9	4	18	23	35	16	3	40	5	16	
28	15	15	4	10	2	1	31	28	24	7	22	15	13	11	30	34	39	20	40	34	23	33	9	3	25	14	28	12	35	1	36	38	16	28	5	5	27	26	30	
39	22	2	3	34	10	30	16	38	7	13	21	28	3	19	18	13	31	3	20	14	2	4	10	5	30	12	39	6	27	26	2	8	25	36	28	29	22	1	12	
26	11	30	2	3	7	17	5	27	18	22	38	9	24	5	4	6	7	39	6	31	13	37	28	29	33	12	8	1	10	17	25	10	40	23	12	14	19	15	32	
5	24	12	11	37	15	3	37	11	37	32	31	7	19	15	31	39	16	29	35	23	35	20	22	29	30	25	27	16	17	1	21	33	11	18	24	28	18	10	23	
4	32	3	1	8	9	29	2	21	10	27	34	40	1	13	26	19	24	3	25	37	33	40	27	6	8	38	5	15	4	28	16	35	18	14	30	23	36	22	7	
29	6	24	26	36	35	4	4	8	34	30	3	24	16	16	15	21	2	17	33	35	32	38	18	7	5	37	27	39	19	17	20	11	39	40	36	25	25	9	22	
16	21	12	37	34	25	9	4	24	24	29	9	13	22	27	9	15	18	25	2	24	40	9	32	27	34	26	1	14	13	17	27	36	28	14	19	1	12	8	14	
25	32	21	27	4	1	33	13	9	15	4	30	4	5	11	28	32	34	18	35	36	23	14	25	8	23	29	36	24	37	10	7	15	17	31	20	11	22	17	19	
27	12	33	28	10	4	5	31	25	11	24	18	31	26	32	26	36	18	21	19	2	17	15	16	23	2	20	29	13	25	39	29	34	21	22	40	20	30	33	3	
23	33	9	3	14	39	27	40	6	36	14	37	10	25	1	22	17	11	8	19	32	36	5	21	15	12	10	24	12	23	15	26	13	31	25	18	16	9	19	5	
34	12	39	33	26	29	13	32	35	18	9	16	3	3	28	15	10	34	37	18	2	1	32	40	19	14	11	17	20	7	21	4	12	8	38	31	27	5	21	23	
12	19	32	13	11	15	18	9	38	2	16	30	1	7	27	8	16	36	22	26	30	31	21	35	28	4	15	11	38	25	19	10	1	3	8	6	5	14	17	33	
14	21	23	3	24	5	40	28	28	19	12	17	39	21	2	25	22	10	25	27	33	1	13	23	1	18	22	34	22	29	30	31	37	4	26	17	6	22	3	24	
30	4	27	19	14	14	40	33	21	17	8	3	15	9	24	1	24	38	31	3	12	5	17	6	38	39	13	28	10	5	11	30	7	24	16	21	35	37	39	18	
7	35	38	9	2	11	39	22	5	19	15	6	18	21	8	14	20	10	40	17	12	37	9	19	10	39	21	34	32	12	37	28	1	33	34	39	1	22	13	36	
38	15	36	5	33	33	8	40	1	37	15	10	29	11	15	27	7	25	18	28	34	4	11	30	26	35	19	16	13	31	14	40	39	32	2	22	22	9	19	12	
1	31	20	20	28	24	3	30	6	13	14	35	12	13	16	35	4	31	9	6	7	7	3	3	33	35	18	5	34	29	15	22	9	23	32	36	8	25	29	40	
30	25	26	32	35	36	24	37	16	22	33	20	15	34	14	38	18	23	32	7	9	3	17	17	21	6	8	10	27	22	6	11	40	28	39	26	30	5	12	35	
24	1	4	29	23	14	25	37	34	14	32	32	6	38	37	19	39	3	26	20	11	20	22	1	9	9	16	16	17	25	40	25	21	1	11	37	12	28	23	39	
31	5	25	30	40	19	36	36	11	20	6	11	27	14	3	30	13	15	3	16	29	8	27	2	30	29	28	32	8	9	24	33	1	38	10	38	7	1	28	7	
8	18	7	33	25	5	12	35	14	4	33	28	2	17	21	23	33	4	10	38	1	23	24	40	11	26	36	15	16	8	10	27	29	14	3	39	9	3	30	13	
6	6	34	35	20	12	11	11	2	18	38	1	38	8	38	5	19	22	9	30	20	9	39	36	12	31	25	18	30	13	16	31	10	7	22	23	2	32	18	14	
2	7	39	31	8	26	19	24	38	25	4	15	32	33	5	32	16	29	11	39	21	18	20	20	12	31	27	10	22	1	1	6	3	29	28	1	15	38	14	8	
19	7	29	39	38	14	28	6	40	24	34	9	32	4	24	2	32	7	40	1	37	35	36	30	16	13	30	26	7	32	23	16	5	37	12	24	3	33	17	31	
3	8	28	34	1	13	22	30	39	21	27	33	4	20	18	6	31	28	23	27	17	39	40	5	21	2	21	14	30	27	35	24	24	19	3	25	32	22	11	11	
22	26	35	9	39	1	10	15	27	27	40	33	16	37	32	24	36	5	34	14	28	25	33	7	31	33	32	5	4	30	5	17	19	35	21	1	26	20	23	2	
34	13	32	40	5	17	18	39	12	9	34	29	23	24	31	11	25	7	6	39	3	8	16	27	32	36	35	7	5	33	8	28	27	2	22	26	37	37	20	38	
36	34	31	8	6	3	16	8	39	26	5	26	11	10	11	37	30	32	34	24	13	38	23	29	22	21	7	8	18	3	4	1	24	15	17	26	19	21	23	9	
19	16	27	17	18	27	11	1	3	34	19	4	28	23	25	39	35	20	5	40	15	38	2	34	13	37	9	21	34	24	16	8	28	32	33	34	9	29	31	6	
9	37	40	32	12	13	31	33	30	28	30	36	19	18	14	17	40	26	21	32	32	27	31	23	16	7	22	20	21	24	25	21	15	39	2	13	2	20	6	19	
40	27	8	7	9	20	14	29	29	32	17	18	21	3	30	21	37	20	24	4	5	26	25	10	18	12	23	9	31	15	33	19	19	35	1	6	22	34	30	11	
10	2	1	13	7	14	32	20	33	5	20	23	30	29	22	34	40	6	31	36	19	14	33	37	4	8	39	38	21	26	20	35	17	10	11	3	21	18	24	15	
