10	9	6	22	5	6	11	27	11	7	30	21	23	6	12	3	10	24	26	22	8	29	11	28	22	1	3	13	27	4	
2	24	19	16	22	3	11	20	21	11	23	17	30	6	12	1	7	11	13	29	30	18	25	4	12	8	15	5	14	9	
3	2	30	12	7	11	4	8	29	21	16	19	5	13	22	14	3	18	14	15	17	11	27	29	1	27	25	12	28	25	
10	20	24	7	29	29	8	23	26	4	11	9	12	6	21	24	10	13	14	21	25	15	29	16	9	19	3	27	28	22	
16	6	8	29	2	26	17	29	18	10	30	25	17	3	20	27	23	26	5	21	14	17	30	7	24	28	19	16	22	15	
25	24	9	22	20	1	16	5	27	29	12	17	13	18	16	30	11	28	24	14	8	2	28	3	27	15	23	17	16	6	
17	30	14	15	20	2	13	3	25	30	21	27	14	24	16	19	13	22	6	26	28	4	23	19	29	15	20	9	18	1	
29	2	22	10	14	9	1	17	1	23	6	11	18	9	2	27	19	13	7	20	6	28	12	24	8	13	29	15	13	16	
6	1	5	17	9	8	15	7	22	5	19	17	14	26	23	13	20	10	23	16	24	19	11	25	10	18	29	28	27	1	
9	22	29	11	28	5	9	4	1	20	5	18	5	16	3	25	19	21	30	9	26	13	17	3	6	25	7	24	20	23	
22	19	3	18	19	28	14	25	28	5	13	1	10	15	6	10	29	22	20	27	21	11	7	8	4	2	19	12	23	17	
18	12	15	18	19	1	5	21	16	23	22	18	17	21	30	20	1	26	28	15	13	16	24	8	23	16	8	5	25	19	
1	19	28	5	26	6	25	29	25	8	19	7	23	21	24	12	4	20	28	30	25	9	4	2	12	22	13	10	14	18	
24	4	1	11	6	25	14	28	13	30	26	22	2	16	9	15	18	2	27	17	23	16	10	29	14	10	5	16	19	12	
20	28	5	13	6	30	24	9	26	6	5	11	15	25	24	21	7	11	12	29	16	30	4	17	19	7	26	18	12	29	
19	29	23	14	30	18	11	22	28	26	13	20	4	25	5	18	6	30	16	13	18	25	10	21	1	24	15	1	2	27	
18	5	12	1	15	8	18	16	25	2	9	27	19	4	25	10	21	23	6	3	27	22	20	23	30	14	11	12	26	24	
26	11	25	5	1	4	2	15	14	16	12	12	10	19	11	28	24	18	8	19	9	19	13	22	9	27	24	20	26	21	
6	21	18	23	13	8	19	12	20	20	17	24	28	24	7	29	10	25	9	6	6	14	23	5	26	29	27	8	4	18	
21	7	4	28	25	10	3	2	7	13	19	23	2	8	12	5	9	12	15	6	18	19	14	5	17	29	24	30	1	26	
15	11	21	8	28	14	3	24	5	9	1	26	25	22	27	27	17	18	29	23	13	10	28	18	5	4	5	2	1	30	
10	8	4	30	11	22	6	4	10	4	14	30	24	23	19	9	9	27	15	4	5	17	11	1	3	5	2	27	20	7	
23	27	26	14	24	25	7	30	26	12	14	2	7	28	13	15	3	19	1	5	20	1	21	29	22	16	4	25	28	11	
6	16	5	2	27	17	20	27	6	14	4	28	3	30	11	18	4	1	30	22	26	21	26	9	6	5	14	29	15	10	
4	10	16	29	3	8	21	13	24	8	15	17	20	8	8	15	22	7	11	8	29	28	18	5	2	18	1	3	5	4	
2	3	3	19	23	27	11	26	7	15	1	13	17	14	16	22	17	29	17	24	30	5	8	12	9	6	21	4	27	25	
27	26	17	19	8	28	12	7	23	8	7	14	21	20	15	24	25	28	18	6	19	11	5	20	13	29	16	29	29	28	
9	13	24	24	16	20	9	1	24	19	1	29	27	7	29	8	26	30	4	2	13	12	7	15	17	17	4	21	5	3	
28	14	13	9	23	29	26	29	17	18	20	7	6	1	4	29	8	19	19	30	15	24	16	23	5	12	30	3	7	2	
12	6	2	21	17	19	5	6	8	19	18	15	16	4	10	11	30	14	25	7	22	7	29	5	20	5	9	9	3	25	
