29	10	10	16	7	6	30	10	21	21	13	19	17	22	14	2	20	6	26	13	15	5	24	15	18	5	27	14	1	10	
27	22	18	10	26	27	9	23	4	19	4	6	28	10	25	9	1	5	7	24	15	14	26	29	30	2	3	12	8	20	
20	29	8	5	6	2	21	4	14	15	16	15	10	9	14	25	6	13	27	8	7	1	19	20	28	5	18	17	15	22	
3	2	8	30	26	11	29	6	4	12	18	7	15	26	13	27	19	7	1	14	12	4	10	28	9	5	23	25	16	5	
4	24	26	9	22	19	17	10	23	10	11	30	14	23	15	14	12	1	18	5	2	27	24	3	15	6	16	5	20	7	
7	16	21	22	22	3	8	28	9	20	27	17	16	10	29	30	20	6	17	1	29	11	23	12	5	26	2	13	28	14	
6	24	19	24	13	8	23	10	25	22	26	20	29	2	17	24	21	4	28	4	27	6	9	10	15	2	30	7	3	20	
18	5	3	5	19	5	2	9	4	25	20	19	4	15	18	21	6	5	12	13	28	30	16	25	29	22	17	21	24	23	
30	2	9	1	26	25	24	25	26	25	10	11	11	3	22	19	18	17	13	19	20	8	16	27	22	4	11	6	22	28	
11	19	24	9	8	9	1	21	27	13	13	2	12	13	23	23	29	28	7	10	14	15	17	30	6	4	4	16	5	9	
29	7	17	12	14	22	18	4	10	8	9	12	27	16	23	20	7	11	15	3	18	23	16	21	9	19	14	28	23	13	
5	19	7	18	28	10	29	8	4	29	11	9	8	6	21	22	23	25	29	19	26	14	11	9	24	12	20	14	2	30	
14	25	16	10	9	4	19	27	28	11	23	8	18	29	9	5	8	20	21	4	3	6	7	1	2	29	10	16	12	3	
5	6	24	19	4	22	12	11	17	7	19	10	3	2	26	9	27	23	14	8	24	14	5	21	13	28	9	15	1	1	
8	4	2	19	12	26	1	13	4	16	17	20	11	14	12	28	15	27	16	29	28	3	30	22	17	1	19	23	6	18	
20	28	14	11	14	15	4	12	29	27	16	3	6	25	8	15	22	21	9	1	10	26	27	2	16	4	24	19	16	5	
1	26	18	3	5	22	10	27	2	30	21	7	7	25	4	6	29	8	15	28	4	12	22	20	4	9	13	24	23	27	
7	9	12	22	2	5	3	7	30	24	4	13	28	23	24	26	25	13	29	6	8	20	7	11	1	8	21	2	22	29	
19	17	27	28	29	18	29	30	22	18	24	16	26	20	1	9	7	2	19	23	8	21	3	12	10	8	9	4	19	25	
14	8	4	1	30	30	16	16	1	28	2	14	11	17	26	7	23	22	19	2	5	12	15	6	21	14	25	19	9	10	
9	3	28	6	1	16	5	15	28	21	10	27	30	10	11	17	8	24	26	12	23	19	18	27	14	29	9	20	14	2	
20	18	28	7	12	20	19	5	24	14	22	22	1	11	21	3	14	26	23	29	21	4	25	4	29	27	28	29	10	6	
22	16	1	9	15	10	25	28	12	7	3	21	26	30	28	14	2	1	4	11	27	16	11	5	7	29	26	21	17	10	
15	27	20	13	3	28	14	17	12	18	22	12	2	15	30	19	24	19	17	16	25	7	21	25	4	23	22	5	3	26	
12	6	22	16	10	12	11	18	3	23	28	7	19	27	12	16	5	28	24	19	9	15	13	25	7	7	2	21	14	29	
12	11	27	21	20	27	30	25	10	26	2	28	20	12	16	29	15	18	30	7	25	22	17	8	3	13	1	29	4	29	
13	30	25	6	18	11	28	7	5	27	19	22	16	6	24	25	26	6	2	15	11	29	27	14	15	3	25	9	18	17	
27	20	2	23	24	12	27	14	13	17	26	29	26	7	25	18	28	16	13	21	21	25	30	15	8	13	5	22	11	9	
24	12	29	23	21	6	22	6	6	1	15	4	20	13	27	12	16	6	25	26	30	13	8	19	15	10	21	11	5	3	
12	1	23	26	11	7	30	29	8	24	25	11	13	5	9	10	14	30	3	29	16	24	1	17	27	15	12	18	19	10	
