24	17	2	19	16	22	9	19	27	8	13	26	27	6	28	14	11	27	21	21	15	15	23	28	7	13	25	25	29	1	
21	30	30	20	17	25	30	23	11	24	29	21	18	23	16	5	4	26	1	15	6	2	27	19	28	3	7	22	15	12	
11	25	10	30	12	24	22	10	14	22	1	2	3	8	22	9	3	16	22	4	28	25	29	14	13	16	5	26	6	15	
5	4	2	12	23	11	25	13	10	29	23	9	28	23	6	10	30	6	15	18	25	3	2	22	13	1	27	7	24	28	
14	26	21	5	28	11	13	20	12	13	8	3	11	27	15	16	6	17	10	7	29	2	9	18	19	8	22	8	23	24	
25	16	1	6	10	26	6	12	5	17	22	3	8	30	26	20	4	18	21	11	22	15	2	21	30	13	22	14	10	19	
10	24	21	8	27	28	23	1	8	18	6	29	18	3	25	11	12	26	26	30	2	7	4	25	21	5	9	13	14	26	
16	4	18	4	10	5	22	22	24	27	29	28	21	14	19	5	15	29	20	29	26	13	25	30	28	17	19	23	5	2	
16	10	14	23	3	13	24	22	25	16	17	21	2	27	26	19	21	28	7	9	17	30	11	9	18	28	12	27	20	22	
6	23	13	9	5	13	11	26	3	3	2	16	14	1	2	7	10	21	23	8	27	7	12	28	15	18	23	17	1	30	
18	4	12	28	2	14	8	10	29	9	11	28	15	22	20	5	17	16	23	7	19	16	4	13	4	7	21	16	25	26	
13	5	7	22	29	28	26	26	6	21	24	8	8	9	16	23	29	30	28	20	27	14	1	28	25	19	24	2	2	10	
27	4	3	1	15	21	18	7	14	22	18	5	16	23	29	30	8	26	19	23	9	4	4	2	21	14	10	12	11	28	
11	29	30	11	19	4	29	5	9	11	15	16	6	27	1	2	15	23	17	24	14	19	26	16	8	5	18	10	14	20	
7	23	6	25	23	23	27	20	17	26	20	22	7	24	15	28	13	20	16	27	10	29	13	1	30	21	25	15	18	29	
22	19	19	17	4	1	29	27	18	13	10	27	5	15	21	6	7	2	15	12	14	20	8	24	4	25	30	27	28	14	
15	9	22	1	24	15	30	20	13	7	22	10	1	21	12	7	16	8	25	28	17	5	9	11	20	2	24	18	18	23	
11	1	25	2	20	8	12	9	25	10	14	14	17	3	24	18	8	3	23	29	16	7	28	14	22	8	15	6	5	29	
17	13	19	29	11	6	4	12	15	18	12	14	22	18	7	5	1	12	24	21	30	8	3	20	19	9	17	5	25	25	
18	2	22	26	25	30	30	19	4	1	26	6	5	7	17	10	14	15	10	3	26	9	5	10	16	20	29	24	8	21	
1	10	17	21	3	2	10	22	16	1	18	3	4	15	8	15	13	6	22	12	5	13	13	29	12	21	3	8	7	1	
19	27	8	24	13	8	28	11	20	30	9	1	23	10	4	26	18	14	29	22	25	6	1	3	11	12	8	16	8	5	
29	15	19	27	7	19	2	19	28	19	16	25	8	26	21	12	11	1	12	5	18	24	14	8	23	22	11	20	21	6	
4	6	20	21	30	13	7	21	29	23	29	11	19	4	22	4	24	27	2	11	1	1	10	2	9	10	13	3	23	17	
5	28	13	13	4	10	22	14	21	11	23	16	12	4	9	22	27	16	18	16	24	26	7	15	17	29	22	19	3	12	
23	28	26	3	8	20	5	18	17	19	26	7	24	5	30	30	22	25	5	27	21	18	15	25	1	25	28	19	9	29	
20	3	21	7	22	17	21	22	2	5	30	26	29	16	20	25	11	4	6	6	8	27	21	26	9	11	19	1	19	18	
16	7	4	26	1	16	10	15	5	12	13	24	3	2	5	21	23	6	27	19	9	10	17	25	26	8	19	30	13	6	
8	12	24	10	6	22	14	16	22	5	19	27	30	12	23	21	25	13	24	1	3	22	18	28	11	6	26	17	2	4	
12	27	23	3	26	18	14	24	30	3	27	30	25	20	2	17	8	19	4	22	7	11	11	5	29	10	1	21	24	9	
