11	14	11	3	22	26	3	10	30	9	18	24	29	19	17	5	4	24	8	16	18	1	20	19	2	7	18	21	3	6	
29	8	9	16	15	19	10	7	18	6	13	4	28	9	20	4	12	21	17	9	26	24	28	5	10	27	11	22	14	23	
5	3	15	11	16	19	19	15	24	27	18	6	28	7	3	8	28	4	17	9	2	2	26	29	10	25	22	3	12	18	
10	4	18	14	13	23	30	21	5	13	7	13	15	2	8	7	29	25	1	4	27	22	25	19	16	27	12	28	27	11	
13	26	12	20	7	14	2	26	25	28	8	29	7	11	21	3	7	9	25	27	10	19	15	2	30	22	18	28	16	4	
6	17	27	8	26	23	20	25	17	11	19	13	30	15	21	18	9	25	23	30	21	22	10	22	14	3	8	24	28	12	
23	2	18	17	7	11	30	15	26	14	16	4	24	13	18	4	20	22	19	3	11	25	14	21	13	28	27	19	29	4	
28	25	26	14	2	21	14	29	4	7	2	9	9	16	11	15	16	30	26	1	3	5	23	8	12	3	24	17	11	27	
18	29	17	10	2	16	29	13	12	22	11	3	1	8	15	6	21	28	2	5	18	20	6	9	15	14	1	26	19	7	
18	5	19	3	12	18	8	30	21	10	19	28	10	14	3	23	17	12	11	7	15	26	13	9	24	29	16	13	20	29	
12	26	30	28	18	1	6	24	28	25	23	6	11	30	19	3	13	26	12	20	19	27	13	2	21	25	14	3	6	22	
27	7	16	16	24	23	15	27	6	2	10	26	8	12	16	13	10	29	3	11	14	11	1	14	9	20	7	18	17	19	
1	4	14	6	9	27	27	16	22	22	5	21	16	10	29	30	11	28	24	1	7	23	12	28	4	7	8	30	18	13	
7	9	6	10	3	13	5	18	23	16	8	25	26	21	22	22	10	1	18	19	19	14	9	27	8	4	2	12	30	6	
22	27	10	18	4	10	28	28	17	10	3	22	25	27	2	7	8	8	26	23	29	11	5	1	26	6	23	16	11	21	
20	22	15	19	7	8	18	26	26	3	24	27	22	9	12	22	5	23	27	25	30	19	28	24	11	18	29	30	2	1	
10	11	13	22	27	9	20	14	28	13	15	5	2	2	10	12	13	16	25	8	25	21	16	17	18	19	26	23	5	20	
21	12	23	23	25	18	29	11	28	18	13	8	13	17	29	20	6	10	20	22	9	4	7	20	15	5	25	2	26	28	
14	6	6	27	18	20	12	14	29	8	22	29	4	2	28	22	15	29	30	21	14	3	22	10	13	30	5	5	23	17	
29	10	20	24	19	28	11	27	10	29	23	22	3	18	13	14	6	2	6	2	8	9	25	20	7	12	17	15	29	5	
15	25	28	22	8	12	18	17	1	19	4	19	5	16	6	14	23	27	23	18	27	29	25	11	8	21	13	22	24	9	
16	13	23	1	14	28	17	29	7	28	20	10	14	22	9	11	18	29	4	2	6	16	19	30	25	24	8	27	5	28	
24	10	21	6	10	25	1	8	20	26	3	2	17	6	5	23	14	13	11	12	11	15	10	3	2	9	19	7	16	16	
25	15	11	4	10	17	25	1	13	5	14	13	27	29	16	28	11	18	7	12	12	7	24	16	23	15	6	22	21	26	
23	16	16	2	5	16	7	20	6	12	22	11	20	23	5	25	30	6	28	29	17	8	27	4	19	10	15	9	25	24	
17	8	22	27	28	15	2	2	3	27	9	14	6	18	24	28	7	21	5	20	13	5	16	20	30	23	23	29	25	8	
19	1	24	5	17	8	16	8	2	13	2	30	16	25	4	29	19	3	18	10	13	28	11	23	6	30	7	13	27	10	
18	18	8	19	6	22	24	9	11	13	2	12	7	8	25	9	16	10	10	11	19	4	29	17	26	13	20	14	24	30	
26	1	25	21	17	24	30	3	9	15	11	16	8	20	14	22	19	17	29	4	28	6	5	7	11	18	8	30	1	2	
8	19	29	24	11	30	27	23	24	4	21	1	9	19	7	12	22	9	20	25	5	30	2	6	3	15	25	8	10	1	
