29	13	4	10	28	20	14	30	2	1	4	3	4	5	2	23	22	23	24	11	25	3	12	11	6	13	7	8	24	15	
3	11	13	22	3	26	19	14	16	18	4	9	10	6	5	9	25	23	21	15	23	17	7	30	20	27	10	12	24	1	
19	24	1	21	5	1	6	21	7	11	6	8	18	5	9	20	11	25	29	21	27	19	2	23	16	11	17	15	8	10	
6	24	20	4	4	23	25	1	3	19	8	29	22	15	1	21	30	2	3	24	26	27	5	11	18	12	11	28	7	17	
28	26	30	8	20	24	28	4	21	20	22	26	16	1	10	15	11	28	6	11	7	23	5	2	23	13	9	2	3	21	
8	21	15	5	26	24	27	13	25	14	30	4	30	16	2	28	18	10	17	22	10	19	3	13	23	24	14	20	29	7	
3	28	25	7	22	18	28	8	28	20	11	25	21	8	29	13	25	5	20	9	15	20	16	10	22	30	1	3	12	11	
7	4	28	29	9	17	8	4	22	1	14	1	19	24	28	3	5	21	30	14	18	2	1	6	10	20	20	11	12	23	
11	17	22	28	5	29	13	2	23	24	21	3	14	26	25	2	27	18	20	16	21	30	15	19	17	1	3	4	10	8	
14	11	16	3	6	8	21	8	28	10	30	17	10	4	10	24	2	26	30	12	9	18	5	13	27	19	16	22	12	25	
18	23	2	20	16	27	17	5	3	12	3	30	26	10	1	3	24	30	19	20	4	14	28	3	21	21	11	4	6	13	
17	8	3	8	27	8	2	2	9	2	12	1	23	27	11	14	19	20	1	4	29	27	18	24	27	25	13	30	17	16	
8	1	7	30	28	2	6	28	4	5	19	6	3	8	25	9	16	11	17	10	4	12	29	16	26	16	14	26	13	14	
25	8	5	30	7	30	20	30	26	16	2	11	6	24	8	28	21	13	28	28	17	29	30	12	14	15	27	1	9	3	
12	25	30	6	20	28	2	7	22	17	12	13	17	18	4	22	3	22	5	29	9	8	26	7	19	27	15	30	27	17	
14	27	8	9	29	19	26	3	24	6	5	1	17	17	7	17	10	12	28	30	2	5	25	28	1	11	11	13	28	4	
16	10	26	21	11	21	5	24	8	16	27	12	7	2	23	17	16	19	13	4	14	4	6	30	28	26	29	9	15	30	
26	15	22	11	25	22	21	20	13	27	3	2	25	7	29	8	4	5	16	14	28	20	17	29	9	3	16	5	22	18	
9	7	21	28	15	12	18	4	29	20	20	29	11	12	24	27	8	28	21	23	28	16	1	1	13	7	30	11	25	14	
24	29	14	12	24	25	12	6	19	9	10	28	27	17	29	11	2	7	26	21	23	20	26	22	19	2	18	16	30	8	
4	13	6	15	13	17	1	23	15	21	21	14	5	15	19	1	26	19	3	16	30	16	27	25	7	3	8	11	28	24	
16	30	3	13	12	6	24	2	27	28	1	14	15	25	18	19	23	3	4	17	6	5	29	7	12	22	21	10	23	20	
27	6	17	17	8	15	20	26	6	7	13	5	16	20	26	25	6	9	21	1	22	24	19	14	12	20	23	30	21	11	
13	5	7	24	19	9	28	29	30	1	6	4	4	5	14	26	1	9	25	14	8	13	10	13	15	7	30	23	3	12	
23	6	18	27	19	1	25	15	16	22	12	16	12	9	7	29	20	30	2	13	10	21	14	3	24	15	4	17	5	26	
21	18	18	23	14	4	11	27	10	25	7	8	20	9	12	22	28	27	22	5	5	26	24	16	4	8	29	2	17	23	
14	2	9	29	18	10	22	19	4	26	24	7	1	11	3	12	21	27	24	6	21	27	8	4	5	14	16	20	20	28	
15	10	10	16	28	3	23	9	5	16	17	24	9	27	1	18	29	14	7	12	11	6	28	20	4	19	12	19	7	21	
20	16	6	14	21	23	3	3	1	29	16	22	24	22	6	7	19	4	16	2	22	15	30	9	15	18	25	22	19	5	
26	19	11	25	30	5	12	21	21	2	15	26	19	22	13	19	6	24	8	28	16	18	9	7	17	23	10	14	4	27	
