2	27	21	15	9	8	15	28	22	20	10	26	27	14	5	7	1	24	4	13	25	23	29	16	2	17	28	6	2	30	
4	30	4	24	13	17	2	17	12	22	4	19	15	20	23	17	16	21	30	18	23	14	30	25	28	29	26	27	1	3	
8	18	23	9	9	25	23	10	9	24	28	2	11	10	12	1	16	16	13	13	3	2	26	28	14	11	17	25	27	8	
18	28	24	30	27	30	22	9	6	20	1	23	11	10	22	11	29	5	24	7	8	15	2	3	1	4	29	16	20	21	
12	27	15	3	24	9	23	5	16	26	14	14	10	17	13	28	22	8	1	6	4	5	18	22	25	11	19	20	20	27	
29	1	21	11	22	4	10	12	7	15	27	18	18	3	22	19	21	11	24	19	6	17	13	14	6	26	18	23	5	5	
6	1	25	16	1	12	17	8	13	13	15	8	29	27	30	10	13	18	18	26	26	19	3	29	24	6	22	9	8	20	
3	4	14	15	16	4	18	30	2	27	11	12	24	29	28	22	6	1	5	15	26	23	25	7	19	20	19	8	13	9	
5	13	16	8	26	29	9	10	19	8	30	27	9	18	15	4	29	10	1	25	12	20	15	6	27	23	11	14	12	22	
27	6	21	12	11	14	29	13	13	16	15	7	1	13	17	5	8	10	15	5	2	22	9	7	18	3	19	21	10	21	
28	22	26	17	22	27	20	19	3	23	24	6	19	15	17	30	16	25	7	21	14	28	8	12	24	13	16	3	29	10	
13	16	26	4	23	8	19	9	17	17	29	6	14	21	18	19	5	23	28	30	8	10	26	8	20	9	12	22	9	1	
16	11	12	1	13	2	6	20	30	19	27	21	15	7	1	23	24	3	11	22	5	8	17	15	9	25	13	10	4	12	
7	17	20	8	18	22	29	11	10	26	2	4	12	5	8	1	23	20	25	21	9	12	27	12	26	25	6	26	3	13	
5	7	12	23	4	25	12	30	5	11	23	22	4	24	20	9	25	29	18	8	9	13	13	10	22	27	17	26	19	16	
19	22	13	28	12	15	14	16	10	17	18	22	23	15	4	2	14	20	29	29	21	5	10	26	27	22	24	11	3	6	
17	19	25	26	5	26	28	15	29	5	20	9	16	8	14	17	7	25	30	27	13	13	21	12	10	6	29	18	22	29	
18	21	7	2	14	1	17	17	13	5	3	20	3	16	25	15	26	22	6	19	6	9	30	23	18	28	27	14	8	4	
9	8	18	29	7	21	27	14	20	30	16	19	17	16	24	1	28	14	19	23	22	14	1	11	4	6	5	25	18	26	
17	10	29	25	6	3	5	30	8	22	4	24	30	9	25	14	1	12	17	18	27	7	29	21	15	1	16	13	2	1	
30	8	1	17	2	3	11	25	23	13	6	9	22	3	10	16	9	8	20	24	15	6	19	4	16	21	18	30	17	28	
20	9	20	18	20	10	18	27	2	1	8	5	7	28	27	17	30	2	11	12	10	24	7	19	21	21	3	4	18	23	
12	29	22	21	15	30	1	20	24	27	17	29	25	21	16	16	27	4	6	28	7	6	20	9	18	2	27	12	11	4	
15	20	29	27	30	8	21	26	25	12	12	3	30	1	22	13	14	4	8	9	26	11	11	2	16	18	23	30	28	29	
23	29	8	19	21	5	17	18	19	2	12	29	3	7	26	10	10	30	3	11	28	26	6	6	17	8	14	7	5	15	
20	26	24	20	4	13	15	18	11	26	9	9	18	30	13	3	5	14	21	5	9	16	22	17	9	7	18	24	25	12	
21	5	27	7	17	29	8	22	9	10	9	11	14	12	1	18	2	24	26	17	29	23	23	6	3	19	15	9	30	21	
11	2	23	5	28	7	23	4	20	21	13	25	20	12	19	17	3	17	9	29	23	26	12	18	20	30	18	1	28	14	
5	3	4	25	25	30	30	13	26	9	29	28	16	11	30	6	15	16	22	13	24	8	5	20	7	14	8	29	12	17	
24	12	20	6	29	11	25	21	20	7	19	8	26	2	9	12	4	23	25	10	30	18	11	22	24	16	3	3	27	5	
