8	11	16	12	27	20	14	9	20	21	2	13	15	13	28	14	22	26	11	23	26	29	2	5	12	10	23	7	3	3	
28	11	21	30	12	19	29	24	26	9	3	17	19	8	20	6	11	30	1	22	23	25	10	18	27	2	4	30	5	13	
30	17	9	10	6	19	27	24	2	12	30	24	26	16	21	12	13	1	10	11	16	18	21	22	4	5	28	14	2	8	
16	22	22	23	29	17	1	25	9	30	4	6	13	17	12	2	27	21	3	26	19	4	11	7	15	4	5	10	14	24	
15	17	12	27	7	30	3	27	13	9	24	4	5	26	19	14	25	5	28	13	20	10	7	29	6	11	22	4	18	22	
16	23	6	17	8	2	15	10	26	25	15	9	18	17	26	4	20	11	6	12	12	24	13	16	11	14	24	22	7	1	
11	12	12	7	27	18	28	1	16	22	15	20	20	30	27	12	24	14	19	29	17	28	21	14	3	10	25	16	2	21	
14	29	30	23	3	16	30	21	6	13	2	18	1	19	8	17	21	2	28	4	15	5	16	23	20	22	7	28	29	25	
8	2	14	28	14	6	11	4	16	15	7	15	22	26	3	27	10	12	16	28	8	27	29	21	9	30	26	27	17	18	
12	22	5	15	17	8	10	25	11	24	28	14	6	9	6	29	3	6	7	13	1	4	2	25	13	16	15	30	24	19	
9	3	19	3	10	25	9	15	9	16	28	5	17	23	11	13	18	4	16	14	8	20	14	30	28	16	27	12	21	22	
29	18	10	8	11	14	30	17	19	5	21	5	28	6	26	7	8	3	2	21	13	26	24	16	22	20	30	9	19	4	
13	15	8	12	19	16	24	7	30	1	9	11	26	4	14	19	2	19	12	18	29	13	16	20	19	23	6	8	22	17	
6	28	26	11	8	4	25	21	1	14	11	29	23	4	22	30	12	19	11	20	26	2	23	8	16	9	15	13	14	3	
23	9	25	9	18	22	2	3	2	4	13	11	27	5	4	8	25	15	24	25	26	7	28	5	10	27	11	20	6	14	
17	19	20	2	25	27	13	16	28	13	14	30	21	28	29	22	1	11	26	15	25	8	17	6	10	18	1	11	24	26	
22	1	12	3	30	4	18	2	10	11	12	20	29	24	7	21	4	28	21	27	5	13	23	9	17	6	19	7	15	16	
30	20	1	10	13	21	3	26	18	10	26	28	20	22	9	16	30	10	4	10	27	30	25	16	5	26	8	15	30	6	
10	28	15	9	27	23	26	27	8	9	29	25	30	14	2	2	19	22	5	21	28	1	17	24	30	12	1	3	20	28	
27	26	23	8	24	17	20	13	4	17	11	28	7	4	1	28	26	18	16	25	4	3	9	11	8	29	21	5	21	10	
1	8	20	13	5	10	28	22	20	21	30	21	16	25	22	15	23	7	27	24	2	22	26	28	30	3	23	17	4	9	
9	21	11	26	2	11	4	19	22	6	7	23	22	20	5	4	28	18	8	10	1	27	21	1	24	18	12	3	25	1	
4	21	22	9	9	24	9	28	5	21	1	9	2	11	18	26	12	30	3	16	7	6	3	18	23	25	10	27	22	15	
20	24	3	14	22	28	23	20	25	18	5	12	15	27	12	1	15	29	30	11	4	24	19	26	9	7	9	1	10	21	
6	30	3	29	2	15	24	18	1	19	29	22	20	12	13	24	1	23	4	28	30	21	9	2	11	7	1	6	5	26	
24	8	27	15	26	12	5	20	29	17	22	12	8	3	13	9	16	12	18	17	30	11	1	25	7	28	29	19	23	2	
18	10	24	1	15	14	6	8	20	20	16	7	22	17	30	2	14	5	3	2	12	19	2	3	3	4	13	21	18	11	
12	27	29	22	13	11	25	12	17	12	19	28	24	30	4	5	22	16	9	22	10	16	6	13	14	23	30	14	26	6	
19	13	21	16	4	26	8	24	23	27	6	10	9	15	7	3	17	18	14	30	11	12	20	27	1	21	18	29	28	5	
22	4	2	11	28	28	7	5	11	23	14	15	20	13	10	16	21	17	1	19	19	30	15	11	18	12	16	21	29	6	
