5	22	29	29	11	2	28	9	4	2	21	19	15	16	19	30	27	2	1	19	3	7	22	26	23	5	12	27	24	23	
15	12	16	17	29	18	11	16	19	4	7	4	21	11	9	29	8	5	28	30	12	27	25	1	20	10	26	22	2	6	
11	6	7	16	13	3	1	21	9	6	23	14	8	4	15	17	29	11	10	24	12	8	18	21	30	28	26	19	8	20	
16	16	12	20	22	22	13	12	11	10	16	23	13	14	23	24	16	15	2	13	4	29	18	17	17	18	27	10	19	2	
24	30	7	26	9	27	15	10	6	15	18	19	28	28	29	17	19	4	17	11	14	17	7	2	16	21	3	12	20	22	
9	4	6	13	27	12	29	9	20	2	14	28	10	8	22	1	15	30	29	3	7	11	5	3	17	18	21	8	25	8	
15	23	9	18	26	25	20	22	2	7	13	5	1	20	10	12	15	14	11	11	15	5	19	16	5	17	21	24	14	8	
21	26	18	19	11	11	12	28	22	3	24	24	5	15	11	4	23	15	8	25	23	16	24	6	27	29	17	7	9	30	
1	19	11	16	28	12	16	6	29	5	28	21	26	22	24	26	17	7	8	23	18	20	4	8	19	12	24	25	7	27	
9	5	8	21	10	4	27	23	28	23	17	23	3	2	5	18	25	18	22	22	6	5	9	29	7	18	30	24	11	3	
6	15	27	10	30	4	2	16	16	26	29	1	9	21	23	11	5	13	3	28	24	22	18	4	17	14	8	17	7	18	
6	25	26	22	24	16	16	27	21	29	8	17	19	14	6	7	14	8	12	7	23	1	20	28	2	23	5	26	30	17	
7	28	9	23	10	30	3	23	24	16	11	16	2	27	27	26	2	8	23	1	4	12	29	18	28	13	30	4	5	25	
14	22	10	12	15	17	9	7	29	18	12	8	1	3	25	18	26	16	19	20	13	17	21	2	24	22	11	22	1	23	
12	7	12	24	14	21	26	13	17	22	20	25	23	10	18	15	25	11	23	8	16	4	14	30	3	5	8	1	16	9	
21	17	1	23	2	12	14	19	14	20	30	1	27	17	11	11	28	23	13	15	20	24	8	1	21	8	29	18	3	4	
17	9	16	14	29	10	14	29	18	25	6	15	24	30	28	22	8	12	4	16	26	22	1	3	13	19	28	27	25	21	
26	7	21	1	16	9	7	19	8	21	12	9	25	25	30	20	6	3	29	7	10	13	18	5	3	2	14	28	15	5	
10	29	9	25	27	14	27	24	23	27	11	2	29	26	24	16	12	19	16	4	23	15	3	9	18	3	28	25	21	7	
19	19	28	17	1	20	21	24	12	11	15	13	14	5	3	23	14	6	9	22	25	21	30	24	27	7	16	26	19	10	
9	8	13	2	20	8	19	30	21	21	8	24	28	17	22	28	1	25	22	26	4	14	14	23	29	30	4	9	10	3	
2	16	6	9	7	19	6	23	13	24	3	19	17	27	26	26	18	10	14	3	5	8	15	13	25	11	11	20	4	10	
8	2	15	3	1	22	16	26	1	19	10	30	6	18	27	21	29	9	24	7	28	16	11	12	26	16	13	26	17	14	
3	13	27	15	17	17	23	19	14	22	5	18	19	29	21	3	7	17	30	19	20	25	2	8	22	17	24	6	3	1	
18	3	2	4	8	13	22	1	20	23	9	14	29	26	12	14	30	17	28	21	21	10	3	15	19	24	26	5	6	26	
16	11	19	7	12	24	16	2	15	26	16	20	13	1	3	8	2	18	21	27	29	19	26	28	28	26	9	21	22	2	
13	25	14	23	3	20	8	4	7	6	19	11	21	24	1	13	20	21	28	18	7	23	10	22	12	25	2	15	1	5	
20	10	14	27	17	5	25	20	16	30	24	12	4	4	2	29	7	22	15	2	1	19	15	21	6	15	18	25	13	11	
14	20	3	28	25	16	17	18	3	12	22	16	20	6	10	13	2	6	23	5	5	9	14	9	26	15	13	29	26	24	
22	1	2	29	18	26	24	29	3	15	6	4	30	19	5	28	9	27	23	6	11	28	3	20	8	23	25	10	12	2	
