12	11	23	16	8	4	4	26	15	17	20	2	4	18	2	3	15	24	18	27	21	26	5	30	2	28	6	27	22	30	
14	16	22	27	4	11	6	5	26	18	11	15	9	7	19	10	28	1	29	11	17	20	26	12	8	25	26	13	21	23	
29	1	28	18	18	21	18	22	15	12	30	16	15	5	18	2	11	11	23	3	12	27	6	5	4	9	20	26	8	7	
8	26	27	25	3	12	13	18	1	26	19	27	10	23	29	16	13	30	24	1	20	25	28	21	20	2	20	7	11	17	
11	16	10	27	9	10	7	19	17	5	4	26	21	2	16	9	15	27	28	29	18	14	13	10	24	30	25	11	6	24	
17	4	8	24	29	14	23	3	22	8	27	16	1	7	15	6	13	20	30	9	8	16	12	10	14	5	8	28	4	2	
19	18	3	24	2	21	27	22	13	16	19	7	21	9	11	26	13	14	13	10	12	10	15	20	17	21	22	23	24	6	
13	20	21	5	3	15	23	27	2	3	6	10	29	21	17	29	14	27	9	16	26	18	15	1	27	4	14	30	3	19	
2	13	2	14	15	3	22	27	18	13	28	18	23	24	28	27	19	4	21	17	14	6	25	26	5	11	16	7	7	6	
19	29	16	19	1	20	10	21	14	26	23	30	11	3	12	28	27	28	2	7	5	29	4	26	15	25	8	17	9	13	
21	15	27	26	1	25	14	9	4	17	2	16	16	2	18	16	29	3	12	12	6	7	8	28	29	19	20	24	3	20	
21	21	29	15	16	19	29	20	25	30	2	17	14	6	7	22	20	23	19	24	2	14	26	7	9	12	27	18	3	15	
1	20	4	19	24	8	5	20	23	19	10	14	2	21	10	29	7	19	18	15	7	17	27	22	13	25	26	25	11	28	
7	2	30	1	17	22	5	23	9	17	5	8	21	26	27	28	21	25	14	28	10	10	16	21	19	24	6	11	12	15	
25	11	5	15	30	19	4	25	6	2	9	30	8	19	15	23	14	26	13	17	22	10	16	24	18	2	7	21	29	8	
24	14	16	28	25	5	8	29	27	6	18	4	25	15	13	30	9	16	23	11	30	12	17	6	1	20	5	3	9	10	
30	22	6	5	18	26	7	16	12	2	13	27	25	26	9	4	23	3	17	5	8	7	14	19	10	4	11	4	28	21	
25	23	23	29	25	28	19	22	3	1	21	12	14	13	28	14	6	10	13	22	13	24	25	25	26	27	17	2	25	11	
22	17	24	12	10	8	29	28	27	4	14	7	3	20	21	26	30	12	5	8	23	15	1	14	27	16	27	6	13	25	
3	15	7	24	26	13	21	21	28	7	11	1	11	8	16	17	2	12	26	25	7	19	6	23	19	22	24	6	27	17	
23	24	29	30	6	21	25	1	5	13	20	9	12	28	8	24	4	4	26	19	27	29	2	3	7	3	10	14	6	16	
13	27	9	10	9	29	20	2	12	11	3	29	7	11	22	12	25	17	11	18	3	26	4	4	7	13	17	8	5	24	
18	7	13	10	14	19	9	1	10	7	1	11	3	4	11	19	11	5	3	19	15	23	20	2	12	6	21	21	16	2	
8	10	29	11	12	16	18	6	7	20	10	21	26	14	23	26	17	30	19	13	8	25	25	9	16	29	7	22	17	30	
15	14	1	1	21	28	2	7	1	29	22	8	17	7	10	5	3	28	24	20	24	29	30	15	6	14	4	9	25	18	
26	28	2	17	26	18	13	24	16	3	12	3	30	22	7	7	12	29	15	25	4	1	23	27	8	8	25	10	8	5	
17	30	3	20	5	23	24	4	1	7	26	2	27	23	25	30	18	18	16	1	10	21	13	29	11	18	9	26	17	3	
4	1	17	25	7	9	10	14	8	1	15	28	30	29	20	11	22	2	21	6	13	21	10	19	16	18	30	5	22	12	
5	19	11	13	6	24	16	5	20	15	3	18	22	1	5	21	4	6	4	15	14	2	29	17	18	23	8	12	26	27	
12	25	1	21	27	30	1	8	28	28	16	21	4	9	24	9	20	12	6	12	16	5	11	8	14	26	29	3	2	12	
