16	8	7	6	21	15	22	8	12	12	28	22	26	11	7	23	3	15	30	23	13	6	9	4	20	15	29	6	25	18	
4	18	23	30	24	14	4	13	11	15	16	29	2	7	8	28	18	9	12	17	27	19	10	3	12	1	20	5	1	6	
8	25	15	28	14	6	2	15	9	10	17	11	6	12	15	13	4	22	15	16	4	3	21	11	24	30	6	29	20	27	
26	25	19	30	20	30	25	21	12	22	19	27	1	22	2	4	30	28	23	5	6	24	26	29	25	17	13	20	7	22	
6	29	14	22	19	23	11	3	10	12	24	26	28	20	7	19	25	27	12	13	21	7	30	15	1	10	2	4	19	5	
10	23	12	21	4	28	12	14	28	11	14	18	26	9	28	22	18	17	16	27	18	5	23	13	15	19	18	3	29	7	
23	6	17	2	16	18	19	17	20	7	21	2	14	10	30	9	1	15	15	8	3	4	11	22	9	12	5	17	13	17	
11	24	12	25	15	25	3	2	10	20	6	28	19	17	24	16	16	13	21	28	18	20	26	19	4	25	22	23	1	29	
4	9	11	13	23	24	27	22	15	26	9	10	10	18	16	1	28	29	3	4	17	20	20	12	25	14	24	19	27	30	
28	20	20	29	22	10	20	9	22	24	2	20	3	9	5	14	29	18	3	21	17	17	27	26	16	17	4	8	19	20	
19	4	29	29	30	11	6	9	17	17	22	16	5	21	15	29	24	3	7	16	23	19	25	15	8	9	21	26	2	28	
5	11	28	3	7	18	4	6	16	17	17	8	21	11	18	25	29	28	26	1	12	9	9	23	19	10	27	29	30	16	
23	28	24	10	19	20	25	18	20	9	1	26	4	13	26	16	27	14	4	19	4	12	15	10	29	23	9	16	19	2	
21	1	26	5	8	12	23	1	19	1	29	9	16	30	18	2	5	11	13	6	20	13	14	24	12	3	15	18	4	22	
9	22	19	24	16	25	26	28	14	13	18	10	20	2	29	5	30	24	4	10	27	15	12	2	3	22	21	4	8	21	
22	5	3	8	27	16	21	20	3	4	29	19	10	15	10	29	8	30	20	2	7	6	10	9	11	13	27	17	2	23	
4	21	26	26	18	12	1	7	29	2	8	17	10	6	3	17	5	4	14	11	26	10	16	3	22	10	24	30	23	25	
20	15	13	5	9	19	14	7	23	2	30	19	17	5	15	6	11	6	1	21	16	15	22	21	18	24	18	7	19	8	
19	30	12	20	23	17	7	27	13	19	26	1	6	2	24	18	5	2	13	25	14	21	7	5	3	15	23	18	9	3	
15	25	25	16	5	14	24	8	8	3	25	23	22	26	23	17	2	19	18	7	1	15	28	6	12	14	9	20	22	13	
7	26	27	27	10	29	30	28	28	27	20	10	9	10	19	21	21	16	6	23	9	8	6	1	29	11	2	2	17	24	
6	19	14	23	5	21	9	4	7	5	25	30	1	22	24	20	6	12	27	8	24	26	2	27	28	29	1	20	14	6	
30	8	1	11	25	25	20	26	17	27	17	24	12	16	9	30	22	11	10	18	8	22	3	2	9	21	17	6	30	19	
3	27	25	15	28	4	7	10	26	13	5	3	7	5	17	11	2	6	10	30	11	16	20	10	13	18	20	21	22	9	
27	6	30	11	26	12	12	15	17	6	19	5	5	23	8	10	20	1	8	26	22	5	4	28	4	7	14	21	11	16	
24	7	20	12	13	27	13	23	1	27	15	16	25	14	28	19	8	10	15	9	26	29	3	16	21	5	8	22	15	17	
4	2	9	13	3	19	8	5	29	28	4	6	11	11	10	24	27	20	25	1	15	17	23	5	26	29	7	1	18	19	
12	18	10	9	28	2	17	24	5	5	23	24	8	19	2	15	13	26	14	3	25	18	29	7	18	20	2	14	14	21	
25	10	1	1	6	18	29	19	9	8	14	20	14	24	4	13	17	12	28	28	5	20	7	8	23	22	26	13	21	11	
26	12	2	17	11	26	28	26	4	23	17	15	13	28	1	30	9	21	5	29	10	7	18	8	6	17	16	14	27	19	
