7	6	7	15	10	3	1	3	12	10	2	2	4	1	8	
7	1	12	3	12	5	11	13	6	8	10	14	9	2	4	
1	10	8	9	12	9	13	4	9	11	3	15	10	5	14	
7	9	12	10	1	13	11	2	14	5	6	7	15	3	12	
6	2	4	11	15	5	9	7	7	1	1	3	5	15	10	
8	12	6	9	3	4	4	5	2	8	7	12	10	9	13	
13	11	4	14	5	1	2	11	15	12	4	6	9	7	7	
6	3	1	10	8	8	12	6	8	4	6	5	13	7	9	
14	2	2	1	5	11	6	11	13	8	5	2	8	4	15	
4	7	8	5	6	5	15	14	8	9	11	10	13	12	4	
3	4	10	9	9	14	2	12	13	6	9	8	2	14	11	
1	8	4	6	14	7	3	12	10	2	9	14	1	11	5	
9	13	14	14	2	3	4	8	4	15	14	11	15	1	13	
12	11	3	7	7	15	9	9	1	9	13	4	14	13	6	
5	14	2	2	7	8	10	11	3	13	12	8	6	15	1	
