13	7	13	12	4	7	15	3	10	3	11	11	1	8	7	
15	15	4	9	11	1	9	5	10	10	14	12	5	6	7	
6	12	1	11	15	1	2	4	3	14	9	1	5	7	13	
3	11	11	13	2	4	15	15	12	8	6	9	7	15	1	
8	3	10	14	12	14	4	1	14	5	5	13	8	2	2	
4	9	2	4	10	11	12	7	6	6	13	10	3	1	14	
2	14	15	10	2	3	13	3	7	9	12	8	3	4	7	
9	2	5	9	13	11	1	6	15	3	7	1	4	10	8	
14	14	11	3	1	9	1	8	9	12	13	2	2	13	8	
13	4	14	15	10	7	8	14	9	13	10	1	11	12	2	
7	9	6	14	9	15	5	14	5	4	15	10	3	3	2	
1	5	4	2	13	6	1	10	8	6	15	11	9	6	12	
15	10	13	4	14	11	9	8	1	11	9	15	6	5	3	
10	14	3	14	8	2	14	9	7	15	4	2	12	7	5	
11	6	7	1	12	8	9	12	13	2	1	4	14	15	10	
