2	3	7	1	3	9	4	4	11	7	5	12	13	3	8	
15	12	2	11	14	4	9	10	13	7	8	9	1	3	5	
13	4	1	9	3	7	5	2	8	13	6	14	8	10	14	
4	6	15	11	7	12	12	5	11	8	1	1	9	12	3	
11	14	4	2	13	12	12	15	1	2	10	7	3	8	6	
2	1	8	15	9	13	1	11	6	10	6	4	14	1	7	
14	1	9	7	6	4	1	1	2	2	11	15	6	12	5	
8	10	3	13	14	1	14	4	15	2	10	5	11	6	9	
5	1	6	11	8	3	12	7	8	11	4	13	7	14	5	
1	5	4	8	5	10	6	2	9	4	8	11	12	8	2	
11	11	5	3	4	10	7	12	3	6	13	10	15	9	14	
3	6	12	11	5	14	15	7	7	6	2	11	4	9	10	
6	9	15	10	13	8	5	13	3	5	11	1	12	15	12	
6	7	10	4	15	8	8	4	5	6	9	2	6	14	1	
7	13	5	12	10	11	2	3	14	9	15	14	5	1	4	
