7	8	9	13	9	3	1	6	3	10	2	12	6	11	4	
2	1	12	15	13	5	1	7	3	2	8	10	4	7	9	
3	15	4	11	7	5	14	1	15	6	4	2	15	5	8	
8	14	13	2	11	15	12	9	4	1	3	5	6	12	7	
15	5	7	1	5	4	11	2	9	8	5	3	12	10	14	
9	15	10	4	15	10	8	9	11	7	12	5	13	9	1	
1	13	1	14	12	6	14	15	2	5	2	4	4	3	4	
8	9	1	15	2	13	10	7	12	13	4	6	8	14	15	
12	8	11	3	3	14	9	8	6	13	15	12	10	2	13	
11	2	4	9	14	11	13	8	15	12	11	8	12	1	3	
1	3	14	1	1	2	10	10	8	5	5	7	15	4	12	
4	12	8	10	11	9	3	12	14	11	6	7	1	7	12	
10	6	11	5	3	1	6	4	12	9	13	11	7	2	2	
8	4	3	5	9	3	15	11	13	6	14	15	2	6	5	
13	10	7	6	4	7	9	12	1	14	9	15	8	8	3	
