8	12	4	13	2	1	13	5	13	10	10	14	2	11	3	
7	7	11	6	12	15	14	13	2	1	3	10	4	8	15	
5	4	11	14	11	6	2	5	15	5	13	6	1	4	7	
14	8	10	14	13	11	3	15	5	9	9	6	2	12	1	
14	5	5	15	15	13	9	15	1	5	10	3	15	14	4	
2	15	3	9	14	2	10	4	6	5	10	7	8	9	11	
1	12	5	3	8	2	6	6	7	11	9	4	3	10	13	
11	6	10	2	3	10	9	12	10	13	11	5	7	8	15	
7	7	1	8	14	14	15	9	3	2	11	6	5	13	15	
6	10	9	12	15	1	11	15	8	4	10	13	10	5	14	
8	9	10	7	15	3	9	6	5	8	12	11	13	2	10	
9	5	2	14	6	4	12	1	13	9	5	12	10	8	8	
10	11	6	1	1	12	4	7	10	14	11	2	14	15	5	
13	9	12	4	1	14	5	14	11	3	15	9	6	1	2	
1	1	7	11	4	5	8	7	10	2	2	11	9	6	12	
