12	1	14	5	1	5	2	2	3	3	15	9	6	8	3	
7	8	13	8	10	12	11	1	9	15	8	4	12	14	2	
14	7	4	6	9	11	12	2	10	3	13	15	1	13	5	
2	9	2	12	7	9	14	14	15	3	3	5	4	13	2	
13	8	15	6	4	14	15	5	4	7	5	11	11	6	1	
14	3	5	7	4	15	4	6	11	1	8	11	9	8	12	
1	11	10	12	6	3	13	10	5	14	7	2	15	4	15	
9	3	7	3	6	10	15	14	13	1	4	3	2	2	6	
11	15	15	4	2	4	10	11	12	13	15	1	15	3	7	
5	10	6	9	10	1	7	15	11	4	12	8	3	11	3	
15	4	7	13	11	12	6	3	14	6	5	9	7	1	8	
6	3	2	15	2	9	13	13	5	5	13	3	14	5	10	
6	5	1	10	8	2	3	8	4	6	11	2	12	7	7	
4	14	15	8	12	14	1	7	1	9	9	13	8	10	15	
5	1	8	10	3	4	8	9	2	10	14	6	13	12	14	
