9	11	13	13	9	1	12	8	12	3	5	10	1	14	2	
1	13	11	9	5	9	14	15	2	3	3	3	6	11	4	
15	12	10	11	15	13	2	13	14	1	4	3	5	6	7	
2	1	8	10	15	10	9	3	8	4	1	13	12	11	6	
7	8	8	14	8	5	1	7	15	9	2	2	10	8	11	
5	15	14	11	1	3	10	12	2	2	5	4	2	7	8	
13	3	5	4	15	2	5	6	7	9	11	12	15	4	9	
6	6	7	2	8	10	3	14	4	5	3	15	6	9	10	
4	5	10	15	5	14	13	14	9	9	12	2	3	10	1	
9	4	6	5	3	1	7	10	12	13	1	13	8	12	14	
14	13	15	14	9	4	2	5	4	8	1	1	15	2	11	
8	2	12	3	9	15	4	10	13	10	6	11	14	1	5	
6	14	6	6	10	4	8	7	11	8	9	10	13	2	12	
3	13	13	12	13	6	14	11	2	14	10	5	7	15	1	
10	7	2	4	11	8	5	4	3	14	13	12	9	12	15	
