4	9	3	12	15	8	8	1	5	4	13	13	10	10	11	
2	8	4	3	10	3	6	2	7	9	11	5	12	13	14	
3	9	6	12	1	14	15	2	3	4	9	14	5	1	13	
3	7	4	11	14	11	12	3	4	12	15	2	4	1	8	
15	1	7	11	3	4	7	14	2	8	5	1	6	13	9	
6	14	10	7	7	15	8	8	1	14	2	3	4	11	14	
11	8	5	14	2	12	15	13	15	6	1	3	7	9	3	
7	12	1	15	8	13	11	4	3	14	1	6	12	5	2	
15	13	7	9	15	1	3	12	6	1	4	7	8	9	5	
10	13	8	9	4	9	4	5	2	7	13	15	11	14	8	
12	4	9	1	2	6	2	3	8	5	10	5	13	5	15	
14	12	13	15	5	13	1	6	12	13	7	4	2	8	10	
8	15	11	2	6	3	10	3	9	1	5	12	8	4	2	
8	2	11	4	3	5	6	15	13	7	8	8	14	8	12	
13	3	15	12	7	10	5	15	11	12	14	8	9	2	1	
