6	9	14	11	9	11	9	15	10	8	10	12	2	2	3	
7	13	8	9	1	15	2	8	3	2	12	4	11	10	5	
2	4	1	6	13	5	14	3	7	15	5	10	5	11	1	
11	14	12	7	11	2	4	15	8	11	9	8	13	15	6	
5	6	5	11	2	15	13	14	11	7	8	9	4	2	10	
2	3	2	3	7	4	2	9	15	13	2	5	3	6	8	
4	13	13	8	13	3	10	9	5	11	6	2	7	4	9	
8	5	2	15	4	13	14	6	4	3	14	11	4	7	4	
2	8	6	3	11	2	5	12	1	5	4	15	9	13	2	
10	12	1	1	1	9	12	13	10	5	5	14	5	8	1	
13	12	7	2	12	8	1	4	9	14	10	8	15	15	11	
8	15	12	13	13	10	5	1	12	4	1	3	14	5	7	
9	7	4	15	5	5	11	3	13	15	15	2	6	12	6	
5	9	3	10	6	14	7	2	11	1	5	8	3	4	12	
3	11	11	12	8	13	15	8	6	8	7	13	1	14	3	
