5	2	5	9	12	9	7	1	11	8	1	4	9	10	6	
2	6	10	7	3	4	1	14	14	5	15	13	8	13	9	
7	12	7	15	8	8	2	15	9	2	13	12	3	4	5	
14	2	13	13	15	1	13	12	10	2	4	6	11	5	1	
15	1	11	4	5	8	3	11	12	12	2	6	7	10	10	
13	6	12	8	1	8	4	3	9	9	1	10	5	2	7	
3	7	2	3	14	12	15	12	13	10	1	12	4	10	8	
7	5	7	1	11	12	6	13	5	12	10	14	11	15	9	
12	4	4	5	11	15	13	8	2	7	14	13	9	1	11	
9	4	14	5	4	7	7	15	1	9	3	2	1	8	9	
15	10	3	11	11	13	8	13	14	15	9	5	1	6	12	
8	6	15	4	2	3	9	5	5	14	3	7	11	11	15	
10	8	9	2	11	5	15	6	3	6	7	8	15	3	13	
6	8	1	14	7	14	10	7	4	11	12	3	13	9	15	
12	3	4	1	6	2	5	11	15	4	8	15	10	3	14	
