9	41	19	40	18	51	14	33	30	3	6	27	20	33	8	33	59	16	47	12	53	11	49	39	55	27	32	19	34	7	60	27	28	54	11	56	42	22	19	10	14	23	25	32	52	23	2	41	36	38	42	21	47	29	46	31	52	17	39	13	
12	36	38	37	27	38	23	58	58	39	5	9	58	19	30	48	39	31	18	5	6	57	12	41	14	56	10	55	1	45	5	11	11	32	40	27	8	57	24	59	33	17	53	20	25	21	60	2	48	13	3	42	4	5	22	9	50	26	7	49	
54	56	48	54	25	22	18	30	8	30	14	38	44	5	55	7	23	50	58	60	51	51	39	47	45	49	53	33	58	46	10	52	37	55	41	57	6	59	11	11	15	22	40	48	24	31	52	36	12	39	34	58	27	13	42	2	48	28	32	43	
58	39	21	24	24	50	12	27	27	13	28	39	32	3	24	45	23	6	19	30	42	49	18	59	48	49	60	34	11	19	7	58	47	17	19	8	4	21	25	29	30	43	56	51	42	10	35	3	14	52	22	44	28	37	32	15	26	27	38	24	
35	40	12	20	46	20	17	40	38	31	5	58	10	51	39	50	60	9	42	60	48	1	33	14	28	3	17	49	19	52	2	53	20	11	4	4	29	15	41	56	44	35	43	51	16	19	30	13	17	18	59	55	5	30	6	25	30	21	8	45	
60	54	27	17	55	25	10	21	30	40	7	3	13	47	43	17	56	11	25	9	9	14	1	58	40	57	12	59	5	4	35	54	48	51	1	41	6	8	58	33	46	53	33	49	29	6	2	22	15	16	20	4	28	18	59	19	2	1	23	58	
2	25	42	47	13	40	16	16	37	3	38	20	54	60	57	21	3	49	39	5	55	48	58	18	56	47	4	48	45	54	36	41	8	15	14	10	44	26	17	18	27	51	28	18	50	22	29	41	1	3	35	52	40	31	59	33	15	6	11	53	
43	43	22	48	47	32	56	28	49	9	44	12	49	1	19	27	20	43	5	10	36	30	59	13	50	55	43	54	45	51	40	25	15	51	11	60	21	56	18	58	54	52	7	41	48	23	5	3	3	2	5	37	26	53	47	6	38	19	57	19	
59	26	42	12	14	42	1	24	35	15	19	26	55	23	55	32	35	57	27	35	46	21	1	9	11	45	5	47	53	57	3	50	12	33	51	23	13	49	44	36	54	60	51	37	17	48	7	52	30	25	8	13	43	6	16	42	40	18	28	31	
59	17	10	8	47	58	20	49	36	1	14	18	50	55	53	51	28	49	32	56	9	38	60	40	41	59	20	19	1	42	39	57	52	46	55	33	41	12	11	6	3	14	21	50	7	3	43	31	49	4	16	48	27	5	25	11	59	44	6	2	
14	42	43	59	26	35	21	55	37	29	58	37	33	8	16	28	9	44	57	47	34	2	32	58	3	55	54	58	36	56	44	45	27	24	46	49	60	60	38	23	19	20	49	48	26	1	6	24	31	52	10	59	51	38	4	42	30	37	39	53	
22	18	28	47	32	7	25	18	56	56	39	4	13	16	42	28	8	46	41	32	35	47	28	17	22	12	55	43	38	22	31	49	29	56	33	58	52	57	13	38	45	40	34	44	53	3	1	59	48	50	19	2	23	51	15	36	54	60	5	6	
19	33	51	38	18	23	33	60	7	35	27	45	5	55	17	55	55	15	42	31	52	51	30	4	25	34	36	52	32	37	54	39	59	42	14	9	53	36	56	57	8	20	41	2	4	46	55	49	50	26	8	40	14	27	43	28	59	10	9	20	
32	60	56	21	33	7	26	22	40	18	9	37	27	37	37	20	12	21	6	52	36	13	20	48	28	50	5	24	45	14	33	7	1	26	25	30	22	47	50	51	54	57	17	10	23	51	28	24	2	23	15	35	24	34	12	49	11	6	3	44	
15	33	49	6	48	10	33	7	46	12	47	29	57	1	36	17	42	53	30	40	13	32	4	26	51	5	14	58	9	4	34	13	31	18	16	11	19	39	8	60	50	51	27	43	42	52	54	21	42	20	50	45	37	44	23	25	55	22	13	56	
10	43	55	26	48	60	34	2	36	32	52	14	11	17	46	50	57	24	60	37	29	40	10	56	13	15	9	48	13	19	30	12	50	14	35	28	3	59	27	29	20	8	40	31	21	15	16	16	38	58	42	2	25	49	46	39	53	52	18	55	
1	40	5	40	43	29	5	44	17	22	9	33	27	38	58	39	50	54	51	23	39	24	14	2	60	57	26	51	47	36	35	37	5	40	14	45	56	18	26	11	36	25	42	52	60	28	27	48	19	7	8	57	26	12	49	24	6	13	4	46	
35	37	16	39	3	27	13	56	33	27	4	58	49	33	48	46	58	12	22	6	17	19	59	32	28	35	45	23	41	46	55	6	14	7	42	12	24	50	57	54	18	57	44	53	28	26	28	15	28	47	21	34	8	7	5	29	38	38	41	9	
13	32	12	22	28	42	24	40	21	17	23	25	4	2	15	21	18	40	33	42	17	50	16	18	46	6	28	26	41	8	27	51	27	29	3	44	7	23	30	25	38	34	40	35	33	53	49	47	37	19	27	36	58	39	43	41	31	8	52	2	
3	14	44	27	31	43	60	35	55	18	50	30	49	28	50	11	8	36	56	19	45	12	44	33	30	24	1	52	21	49	43	13	53	15	37	21	57	29	45	48	42	24	8	20	40	55	32	38	20	14	54	2	15	36	26	42	51	23	25	4	
8	4	10	49	16	37	59	1	60	42	38	31	3	34	50	33	19	7	8	28	18	59	27	22	24	48	1	5	59	15	52	56	7	2	42	12	25	39	6	23	10	38	45	11	9	29	40	8	26	39	36	41	26	54	51	47	27	43	39	23	
53	28	17	57	17	55	58	39	23	58	51	30	24	32	30	22	50	59	29	13	34	52	42	57	37	31	33	1	10	10	14	52	30	26	38	41	11	34	19	35	28	2	51	50	27	18	9	16	6	26	25	37	7	56	23	40	20	54	36	15	
53	44	4	17	57	39	48	5	10	6	25	35	50	13	22	15	21	21	20	16	37	25	43	42	10	7	9	27	46	38	36	36	7	41	42	1	14	27	3	13	23	18	47	7	26	57	11	38	8	24	51	49	41	28	9	48	29	15	2	57	
41	35	30	46	2	2	44	5	18	45	16	27	60	51	31	17	37	32	44	43	39	25	12	9	47	18	56	55	23	45	50	1	17	9	48	16	5	19	10	20	52	23	49	42	3	4	47	40	28	29	17	58	53	18	7	21	25	51	60	54	
27	47	36	33	45	9	38	43	24	46	56	13	6	35	51	8	22	36	34	39	54	40	37	25	57	32	30	17	13	28	52	31	11	25	60	53	31	40	33	49	19	19	47	14	40	41	10	59	3	41	44	44	12	4	6	5	42	48	20	29	
57	58	54	57	20	51	40	40	16	2	14	24	18	59	28	47	32	35	44	22	6	8	3	13	4	58	6	23	25	11	41	15	6	30	2	23	12	39	52	24	31	5	38	45	60	3	26	27	27	9	33	29	60	36	34	59	19	27	13	37	
35	48	42	30	8	41	42	16	9	31	29	36	24	4	11	21	1	22	31	21	23	60	40	12	21	2	8	32	18	9	5	50	46	35	17	51	13	56	7	13	17	24	37	38	24	39	49	19	57	17	28	7	10	5	20	26	57	14	44	12	
18	38	52	54	10	58	43	13	52	44	13	59	56	39	33	9	13	19	16	58	26	41	2	22	36	8	28	30	8	3	31	17	37	20	7	36	22	46	38	1	21	41	55	12	31	24	23	28	32	34	27	47	11	15	57	44	14	22	6	25	
21	31	29	47	41	26	13	54	11	48	49	25	19	37	27	33	51	43	50	8	4	2	52	15	6	45	46	14	57	39	20	9	58	38	52	36	1	54	28	7	31	10	21	47	38	45	17	18	17	5	21	22	3	1	24	12	37	16	10	30	
29	19	26	25	55	15	57	53	58	13	54	28	14	6	11	41	42	17	46	56	20	4	4	10	54	22	6	31	14	9	46	40	22	12	55	14	16	42	56	2	51	35	30	2	32	26	33	2	34	16	47	39	9	50	46	60	8	42	21	19	
45	52	48	4	59	31	16	3	9	5	2	57	33	18	49	1	40	18	60	7	23	44	38	29	22	20	19	27	51	33	37	33	23	13	35	14	41	40	9	47	38	6	33	8	30	25	50	46	27	48	35	43	21	10	11	40	24	15	58	12	
43	21	37	55	31	1	3	2	39	3	46	6	58	17	56	59	25	45	33	48	19	5	24	37	12	19	7	28	29	53	22	2	11	57	54	32	55	51	31	23	40	6	26	29	13	18	34	34	60	47	14	7	49	33	41	50	41	42	4	8	
20	24	59	20	19	50	49	4	25	10	22	60	12	40	26	22	45	40	48	32	24	54	36	3	17	9	48	56	41	50	52	58	2	40	8	9	23	53	9	41	55	28	39	57	55	5	11	37	30	1	6	46	37	42	42	51	44	19	47	14	
58	27	1	58	4	5	4	19	47	10	53	35	28	25	25	23	16	26	45	35	8	49	17	43	18	55	31	51	12	4	6	7	20	55	53	21	55	54	29	32	53	15	4	13	33	30	22	42	39	1	24	38	40	19	10	46	12	34	34	36	
24	25	9	40	15	51	50	60	41	7	21	26	16	14	25	34	30	40	13	60	31	17	27	6	25	36	49	34	55	12	38	18	34	37	56	39	27	39	32	55	43	46	10	47	57	31	19	16	4	22	5	27	29	35	22	52	58	1	33	38	
4	45	51	32	10	34	2	31	11	19	14	41	60	20	17	49	40	25	60	38	35	55	53	51	15	4	37	57	1	40	32	59	16	20	21	14	54	10	33	52	25	44	22	23	53	35	58	39	43	48	60	17	40	46	3	51	47	29	45	42	
58	6	31	10	23	38	13	8	48	43	45	8	17	57	20	6	24	15	26	3	56	21	7	29	58	11	9	29	27	51	9	20	54	25	19	13	58	30	60	33	12	42	38	15	34	47	18	48	51	41	40	40	52	44	14	44	40	32	16	55	
52	58	13	35	18	30	31	6	47	27	36	46	59	4	60	24	41	14	2	28	43	39	5	34	13	1	8	42	1	10	44	54	55	44	15	3	9	41	58	50	6	26	29	2	18	24	25	53	25	23	18	7	56	16	26	4	12	22	40	7	
23	12	46	3	49	57	3	45	42	50	19	39	11	48	30	25	59	47	7	24	54	22	16	35	26	31	34	30	52	1	27	60	2	10	58	36	15	55	17	30	41	34	6	40	9	27	60	4	56	4	9	47	16	20	18	36	59	53	56	28	
30	20	22	23	19	11	55	21	59	1	48	25	25	43	1	30	2	50	24	51	44	29	28	47	38	37	13	16	3	6	42	30	18	52	41	31	59	27	50	54	26	32	8	46	4	7	5	46	45	21	39	33	36	51	8	9	23	12	17	34	
15	46	45	27	35	13	55	32	35	34	15	55	51	19	29	40	17	33	23	57	38	47	19	11	35	14	11	50	20	17	8	42	60	39	49	24	58	40	53	16	4	55	9	52	5	24	31	25	44	41	2	19	30	21	19	59	22	20	41	36	
34	38	57	31	6	42	52	46	12	33	55	4	21	50	53	18	12	13	30	53	50	23	10	12	29	18	59	37	35	30	2	8	56	56	26	52	28	7	34	27	37	36	32	54	14	11	58	24	20	17	5	60	35	9	1	1	25	58	35	3	
16	34	56	60	19	19	49	36	24	20	59	50	36	21	32	39	26	26	52	35	40	53	31	23	1	28	2	12	14	26	4	26	49	47	15	5	3	3	35	16	22	17	57	44	37	23	24	47	41	8	29	15	6	47	17	43	4	7	54	18	
30	50	32	16	29	44	11	26	43	36	31	50	52	23	34	12	38	41	59	14	47	12	25	35	2	29	15	49	37	5	13	55	43	21	9	6	10	6	22	24	48	45	12	27	2	33	39	35	3	28	35	51	23	57	19	16	17	23	56	38	
25	53	28	1	4	24	52	57	28	3	17	2	41	22	6	32	39	24	3	39	49	31	16	5	14	26	8	35	45	54	1	4	42	19	52	35	40	36	26	8	34	31	46	16	38	38	44	5	59	35	43	32	55	47	23	7	9	20	28	50	
9	22	39	40	30	27	15	56	50	28	51	21	48	23	35	26	59	2	25	49	26	56	20	19	40	38	23	41	54	36	17	60	44	52	43	16	8	45	4	56	5	47	14	39	6	34	51	55	29	27	35	53	58	52	12	27	13	11	1	7	
44	15	53	28	5	20	32	10	54	22	57	46	1	7	22	2	31	10	40	52	12	12	41	59	49	30	23	60	38	16	56	14	18	36	27	20	55	47	21	37	7	3	19	6	58	30	59	25	33	33	11	31	34	34	29	13	2	45	2	35	
43	49	38	2	17	2	8	7	44	16	32	43	16	41	45	11	4	38	34	26	60	33	47	31	1	10	35	60	39	32	19	14	21	54	5	20	46	9	24	22	24	45	3	33	36	37	41	23	3	6	48	1	42	25	21	30	15	51	27	51	
17	35	47	16	21	45	33	59	48	49	13	57	29	4	37	52	29	58	1	30	2	28	19	20	39	37	38	44	22	55	15	23	19	50	33	35	22	4	26	59	53	30	53	7	21	32	56	51	5	46	7	54	3	24	27	36	60	36	10	5	
26	23	24	36	1	52	4	20	45	16	18	32	34	9	24	53	14	13	35	15	48	37	56	40	54	58	14	46	26	21	43	43	33	54	10	30	38	59	48	17	4	7	50	28	59	55	17	11	5	40	13	42	60	6	30	57	57	25	19	16	
41	51	45	11	42	43	30	14	39	21	27	34	6	10	59	1	52	3	60	46	27	10	22	24	6	29	16	52	48	16	1	19	56	43	18	37	17	44	38	45	47	55	13	50	49	59	41	23	7	37	58	23	38	8	35	40	28	32	26	12	
38	19	25	31	44	46	56	9	13	37	40	54	15	39	41	56	27	11	4	15	50	58	27	21	59	59	48	18	30	17	24	4	22	38	32	56	20	25	49	13	57	15	60	55	43	36	42	7	35	33	19	19	16	45	26	3	34	31	15	1	
7	29	58	13	55	14	5	58	27	43	1	10	47	56	58	30	19	23	28	54	43	34	6	56	8	25	56	36	23	60	31	20	26	16	28	18	31	24	12	46	54	59	45	39	39	38	55	48	52	9	32	31	41	25	21	42	36	2	15	57	
60	55	6	14	50	23	22	11	42	24	36	40	8	19	2	45	48	53	36	29	57	56	9	27	10	3	58	43	56	10	32	52	34	24	59	5	45	14	1	16	28	31	51	32	39	37	12	26	19	30	49	13	17	38	32	18	33	28	53	20	
28	8	9	50	22	53	52	12	4	47	10	20	23	45	44	54	29	48	58	36	60	46	41	7	8	13	17	38	31	57	51	43	3	49	30	19	39	20	10	34	53	21	50	56	55	40	28	9	58	23	41	52	59	11	52	2	16	5	24	27	
50	12	60	37	51	26	45	17	34	51	41	16	57	24	7	46	36	32	43	33	58	15	11	38	21	56	29	20	45	59	44	26	52	44	58	40	56	48	46	25	30	22	35	6	42	29	47	1	59	31	26	56	31	55	8	53	18	27	59	5	
7	57	23	51	11	12	15	15	37	52	5	47	2	27	50	29	54	20	14	42	41	38	13	59	5	16	38	8	26	34	18	29	4	16	22	3	30	19	55	48	58	50	24	59	10	9	7	60	21	32	31	3	46	40	45	35	28	19	42	50	
36	35	18	27	52	20	27	59	29	4	37	23	43	57	3	47	5	2	38	17	10	51	60	45	17	39	11	34	44	47	22	16	24	28	34	59	48	58	52	9	50	33	15	30	12	10	14	7	13	37	26	1	31	8	50	31	32	50	22	19	
31	30	17	41	39	47	29	18	31	11	13	15	25	26	38	35	24	42	39	25	7	47	21	36	44	53	50	13	33	50	16	57	9	21	45	45	59	47	51	19	56	58	24	17	12	54	52	34	21	37	46	27	53	60	44	48	49	40	37	10	
18	59	2	18	59	21	50	52	5	38	8	57	22	29	4	31	7	51	54	27	57	42	44	47	23	22	20	6	50	41	11	3	16	14	12	15	26	60	16	15	17	57	33	34	19	3	57	10	46	43	24	9	13	1	28	24	12	30	35	52	
