47	8	19	6	16	37	56	23	46	20	27	55	23	12	35	2	9	24	26	46	11	7	13	8	48	33	9	50	47	14	30	35	58	56	39	23	31	33	36	14	42	60	6	54	1	30	57	7	52	17	50	3	22	53	57	59	23	4	45	59	
4	12	31	51	57	8	3	17	30	36	21	9	33	24	60	31	44	43	28	34	50	15	22	1	57	10	55	18	2	37	13	53	38	35	42	25	32	39	40	58	7	57	56	29	11	54	52	59	26	15	14	13	27	25	16	23	41	3	46	45	
30	31	9	57	2	40	19	30	12	48	17	16	42	10	43	44	60	30	23	23	45	34	25	58	56	33	11	23	26	35	39	45	3	38	39	54	15	48	21	24	33	36	38	4	42	13	44	32	37	5	46	8	28	6	55	13	29	7	26	52	
34	54	34	26	29	2	17	42	47	27	3	9	59	30	11	30	37	44	50	4	37	23	60	54	28	53	5	45	52	28	31	15	19	49	32	46	48	51	25	25	1	17	33	48	55	31	16	19	12	54	13	39	15	9	30	35	59	36	6	40	
49	28	52	58	14	19	41	51	52	55	13	50	1	34	34	43	2	38	52	5	22	1	40	35	59	59	54	48	21	56	25	7	21	15	54	24	23	32	12	16	16	17	53	18	46	20	47	37	50	36	38	9	26	7	33	27	57	23	60	14	
16	22	10	26	26	2	47	47	23	49	49	29	53	29	33	28	41	17	2	21	43	30	19	6	26	50	10	20	1	7	22	8	27	22	31	50	13	7	32	33	45	4	51	35	31	24	52	9	36	44	34	16	11	37	11	38	22	25	34	39	
23	46	16	39	5	44	19	15	40	42	37	14	44	26	38	4	44	27	10	9	7	27	17	7	60	24	30	11	31	53	20	43	36	34	21	41	7	28	42	45	59	17	47	32	33	22	35	5	48	41	12	49	57	15	50	51	52	58	54	55	
48	11	36	21	42	45	49	46	10	28	19	58	43	3	28	5	14	58	6	49	29	8	21	22	19	56	5	44	51	48	37	36	57	1	46	30	47	33	4	42	60	12	38	29	7	55	30	16	50	25	55	17	29	13	27	45	59	22	26	38	
7	52	3	53	50	47	11	23	16	12	54	3	21	29	30	23	13	49	29	1	11	22	6	37	24	30	14	18	55	27	54	46	16	56	36	55	33	44	15	38	45	8	36	5	25	55	17	36	41	42	26	49	58	29	18	19	56	20	20	35	
40	3	18	45	46	51	37	14	25	50	47	7	46	20	60	8	13	6	33	43	38	56	22	27	22	26	28	9	39	45	41	16	42	55	58	21	35	25	34	57	4	8	54	47	17	52	44	19	46	15	60	23	10	11	37	24	36	2	29	12	
37	2	16	11	54	4	29	18	26	50	14	27	47	4	3	2	45	44	19	28	56	7	38	54	15	12	11	49	11	33	47	48	32	60	46	15	53	5	30	16	52	34	35	31	25	36	27	1	6	35	24	59	39	51	57	44	60	8	20	8	
20	4	43	49	53	26	53	44	19	13	49	8	42	11	27	57	32	50	53	35	14	6	33	45	54	11	24	51	59	34	48	16	28	20	3	16	35	46	49	52	55	28	58	27	36	12	21	57	60	18	30	11	7	51	47	57	1	4	37	56	
34	23	1	49	40	53	4	12	35	41	55	20	6	40	44	31	49	2	18	38	2	45	39	5	25	19	51	13	21	26	58	47	44	57	23	14	46	23	16	10	53	7	27	50	42	8	9	29	59	24	56	52	58	32	44	15	54	33	23	60	
54	10	32	28	3	52	38	38	4	42	39	55	45	2	41	16	59	39	34	48	1	28	27	48	57	9	58	43	40	18	31	30	25	5	55	17	50	22	44	52	6	18	36	36	12	14	41	60	50	13	35	40	31	7	26	16	8	21	49	41	
28	17	60	42	15	44	57	55	3	29	36	54	36	9	27	35	12	58	30	51	8	59	29	31	50	44	40	45	56	26	23	19	33	12	1	45	53	43	29	53	2	5	45	34	8	4	6	17	7	25	10	11	8	24	9	13	57	47	38	48	
2	50	4	32	59	54	7	49	23	33	31	21	25	5	45	30	56	40	37	41	54	35	34	60	45	36	45	39	6	12	24	6	1	17	27	47	57	31	26	17	58	53	28	16	3	60	38	42	43	9	19	21	44	46	20	8	10	52	40	11	
1	53	6	49	60	31	33	53	51	55	59	42	37	23	47	22	21	20	60	49	18	17	5	38	55	12	39	59	3	9	60	52	51	4	29	48	23	2	41	12	43	27	43	10	47	28	29	57	37	30	42	54	33	36	27	25	46	4	13	36	
2	13	17	50	2	43	35	24	32	3	24	4	27	4	12	3	22	38	58	55	54	29	45	24	1	2	37	38	54	39	5	56	46	17	33	38	49	5	51	18	57	11	20	13	14	30	15	31	8	1	16	40	19	49	59	10	48	26	47	34	
3	37	22	38	43	44	13	29	46	60	40	33	8	46	43	9	3	54	29	50	44	42	23	2	20	20	10	5	45	42	34	34	11	47	9	49	18	19	6	1	8	32	23	7	15	4	12	16	51	31	1	30	1	21	26	26	30	24	13	4	
2	36	34	7	10	41	44	25	49	48	16	46	9	36	50	24	29	51	27	14	17	17	32	8	27	47	24	52	8	28	46	59	60	9	56	7	39	37	22	17	15	35	1	21	60	48	32	30	25	53	31	33	2	3	38	18	43	50	4	40	
13	38	37	10	36	22	7	16	56	26	26	60	50	17	10	47	59	39	3	22	19	31	51	15	18	20	32	59	4	23	28	6	57	2	7	33	13	11	40	8	25	55	56	9	21	57	40	58	24	41	8	42	60	48	48	29	54	12	14	1	
26	29	58	20	29	1	40	31	60	9	28	14	54	20	15	51	16	45	45	32	23	42	7	20	19	42	33	10	47	34	55	2	4	49	12	19	41	49	48	29	56	12	43	45	22	45	34	23	21	7	44	39	38	47	52	54	18	11	53	54	
35	44	54	33	23	3	41	60	41	17	18	34	18	48	7	37	23	30	49	39	34	32	8	10	6	54	53	22	2	45	13	26	25	58	50	51	48	27	34	19	33	42	40	52	27	46	14	47	4	55	20	36	21	25	43	28	12	17	56	5	
58	37	27	12	30	12	48	8	28	18	23	50	49	1	27	14	35	31	50	36	20	3	60	39	21	25	58	24	38	29	15	33	5	39	43	23	40	26	37	59	34	40	41	20	32	1	42	54	29	11	27	46	3	17	21	22	38	9	33	13	
26	45	43	19	13	14	31	43	30	51	29	53	17	3	2	37	1	15	32	27	15	46	10	15	3	20	26	34	17	57	44	33	35	16	49	42	19	9	22	39	54	40	21	60	41	23	34	38	33	60	55	44	36	54	48	30	11	18	58	18	
59	34	48	26	39	34	5	47	42	16	23	23	54	40	20	25	49	46	59	18	41	50	51	4	41	37	31	42	43	21	57	35	44	34	51	20	58	43	56	26	48	19	46	33	54	55	53	32	38	49	45	6	29	28	7	58	55	27	29	22	
45	15	43	18	46	29	27	40	9	21	4	54	34	38	23	17	30	12	47	56	49	24	59	7	41	56	52	25	20	18	43	55	22	26	10	5	42	35	34	48	46	26	31	16	2	51	28	33	52	8	14	32	20	14	33	50	55	37	16	6	
30	47	49	52	58	48	44	37	20	15	14	56	39	42	8	37	31	20	55	12	24	58	41	33	58	11	20	46	21	22	36	48	6	22	35	51	9	16	27	17	20	38	10	57	15	7	23	35	25	7	40	36	3	14	13	53	14	15	30	31	
36	3	11	27	22	33	15	27	38	29	34	55	55	40	42	7	43	1	31	3	57	58	36	59	8	32	44	10	46	3	40	9	3	37	23	18	7	29	31	47	5	2	26	38	35	4	39	12	54	4	6	50	60	41	35	56	4	10	2	49	
9	30	32	1	4	45	6	2	10	24	41	57	15	7	28	43	58	59	51	39	52	43	26	37	16	50	20	12	60	11	35	54	39	56	44	31	38	37	29	37	59	56	20	3	48	40	44	45	34	24	17	14	5	32	42	21	19	49	18	8	
58	41	47	25	34	20	54	10	55	11	36	43	5	53	43	50	28	16	20	52	37	34	2	40	3	31	47	14	17	53	4	4	23	48	27	56	5	12	53	49	18	27	22	12	19	52	59	42	9	21	30	44	40	26	8	32	41	45	41	57	
27	42	49	46	20	13	38	19	12	30	52	28	44	10	37	59	59	26	38	54	39	60	31	8	17	29	41	55	2	16	40	25	47	26	9	56	34	36	8	38	53	49	57	40	56	32	33	48	45	58	43	13	1	56	21	59	15	54	51	12	
59	20	35	35	37	33	30	53	58	26	22	48	12	13	12	60	33	40	36	6	28	57	9	18	42	25	15	52	8	54	56	56	7	19	34	29	48	47	18	40	1	39	20	11	47	31	50	8	1	11	4	24	14	10	32	41	25	38	17	43	
19	8	23	22	23	39	44	1	15	52	32	5	25	43	6	1	10	47	59	57	52	2	19	46	59	40	19	21	12	34	38	28	31	49	37	52	25	13	42	29	3	11	34	14	50	26	12	49	8	60	42	51	49	54	33	45	27	41	2	44	
12	39	2	41	24	28	22	38	36	60	56	24	60	25	35	48	41	37	32	40	34	4	29	21	51	46	57	16	25	47	50	26	13	42	56	35	59	15	1	32	5	54	53	6	9	26	43	44	53	3	18	23	8	27	45	50	5	26	55	25	
10	34	50	20	6	34	43	60	48	35	21	49	17	14	40	15	27	16	52	8	13	54	28	12	10	59	51	17	16	35	32	21	6	11	30	7	41	18	57	16	36	20	55	47	16	33	59	39	44	39	37	53	30	56	55	42	43	46	41	58	
7	7	4	13	6	32	7	36	31	53	42	59	10	32	39	11	52	28	32	33	3	7	18	23	2	1	50	31	34	24	22	30	20	15	38	15	43	34	49	4	24	29	55	19	51	25	26	38	46	56	60	41	54	6	60	40	6	46	8	28	
60	19	55	17	31	22	32	3	45	7	4	6	23	49	14	8	8	37	35	51	25	33	27	9	36	15	40	30	50	37	47	51	53	40	53	22	51	20	22	34	16	15	29	35	4	40	41	10	7	26	48	26	37	5	27	1	15	56	28	18	
31	13	39	21	44	30	32	22	37	51	45	50	3	12	24	1	49	52	56	46	55	40	11	27	43	25	25	44	10	48	36	38	45	12	53	16	36	21	35	5	58	18	59	58	19	15	49	5	57	42	50	47	11	60	2	54	4	16	14	7	
56	48	27	30	49	13	45	16	21	8	20	15	22	59	2	38	3	40	39	50	12	10	32	24	45	23	60	35	35	1	33	20	37	46	47	26	48	25	29	6	27	36	9	35	34	1	4	36	40	43	9	55	32	38	58	14	49	44	42	22	
34	5	33	60	48	16	14	34	24	39	28	45	12	27	18	34	25	19	53	58	40	59	30	3	26	22	12	13	57	46	24	20	39	52	16	23	1	26	43	19	8	59	2	13	28	9	27	35	15	17	29	44	17	47	42	37	7	43	50	51	
18	60	7	55	50	12	60	45	35	31	1	26	24	51	26	32	56	42	52	2	57	11	42	13	47	22	34	36	2	15	27	22	8	20	4	55	21	52	33	54	17	26	16	27	6	31	46	52	14	35	53	57	35	29	56	12	40	28	44	32	
25	57	39	31	7	30	16	24	18	41	6	24	57	15	46	3	40	24	54	40	51	36	35	21	58	17	30	26	41	4	45	2	59	21	22	55	48	34	15	56	5	23	9	1	27	47	60	2	1	37	25	48	9	56	5	52	2	19	14	42	
18	49	30	5	7	42	58	48	13	10	37	11	18	36	2	33	20	53	21	19	20	41	54	17	27	49	7	26	9	10	2	12	55	21	6	51	60	58	38	1	14	1	4	2	37	4	32	42	47	48	57	58	23	43	12	46	22	16	15	16	
15	58	10	8	17	11	56	5	58	19	7	51	7	56	52	36	57	12	16	35	53	2	24	5	32	34	38	54	37	41	56	50	28	59	47	39	3	40	45	60	48	27	42	55	21	21	17	13	20	33	47	10	21	1	4	50	23	35	35	2	
5	20	38	30	12	18	1	4	50	33	60	24	51	29	9	8	46	21	12	7	42	44	57	11	30	47	36	39	22	60	49	14	17	54	45	18	10	32	19	46	13	15	59	41	39	2	48	17	23	48	8	47	33	2	34	47	47	6	24	59	
3	43	59	9	34	35	16	32	59	34	7	52	30	4	21	6	3	57	8	11	34	5	55	57	7	27	32	41	20	51	26	20	24	22	18	50	50	31	15	42	60	13	19	20	12	37	19	14	23	23	15	56	25	12	40	13	28	9	48	35	
50	58	44	9	11	59	46	57	27	47	24	17	56	40	34	5	6	42	7	26	48	8	12	14	2	49	1	19	53	40	42	23	27	25	29	36	20	3	28	41	51	42	52	39	29	13	45	15	55	38	29	31	43	35	24	58	13	22	2	54	
51	32	5	14	48	23	46	58	22	3	33	6	35	16	42	42	15	13	53	59	40	19	22	25	52	36	56	51	48	38	32	34	9	34	40	41	55	11	39	14	10	57	9	36	55	49	15	6	51	1	2	29	14	8	53	54	37	28	43	16	
4	6	38	56	35	4	34	19	14	59	23	10	43	31	48	35	7	42	40	56	36	25	37	47	29	58	31	53	23	2	60	24	3	32	19	28	25	41	36	43	29	3	39	12	26	5	51	27	42	17	21	9	45	31	46	55	26	13	52	50	
6	30	8	57	51	15	23	20	46	56	46	12	52	12	19	10	11	55	22	30	5	27	36	31	49	11	16	11	7	49	59	7	18	53	2	4	14	17	24	44	9	50	42	45	52	58	35	3	38	47	14	34	13	40	1	52	42	6	57	42	
52	40	51	59	27	38	50	13	53	55	43	44	34	22	26	15	17	50	60	37	30	3	14	28	40	4	8	23	59	58	48	49	30	24	34	57	59	42	57	46	6	41	18	37	5	33	54	46	29	39	25	47	47	24	10	16	20	15	21	19	
60	9	59	23	20	24	3	21	34	54	51	37	16	58	11	12	28	56	43	45	26	53	22	19	14	21	6	28	25	17	46	18	15	28	41	30	52	22	47	11	20	24	48	22	30	50	27	40	33	57	10	60	40	31	46	49	40	55	8	3	
8	37	12	12	9	32	39	39	52	12	44	57	26	21	10	34	4	13	11	25	60	14	20	29	40	54	9	15	40	13	8	32	41	3	48	37	45	6	60	22	4	43	7	26	57	11	58	46	16	2	23	18	24	19	49	41	17	36	59	37	
41	51	13	24	38	36	42	6	21	37	15	22	9	18	45	52	12	32	36	23	29	39	24	30	39	55	59	44	27	36	10	2	2	5	11	35	26	46	46	42	19	42	60	25	51	29	7	53	56	32	28	14	4	26	35	33	16	31	5	47	
46	12	28	45	18	25	17	35	8	44	6	19	29	56	32	4	23	33	48	6	58	49	21	42	12	38	3	27	5	6	51	39	14	13	21	34	35	30	50	36	11	47	47	24	31	8	20	41	25	59	44	15	45	52	44	57	26	44	9	11	
47	55	48	54	4	58	18	28	15	57	2	22	36	35	49	13	39	46	44	60	35	16	3	17	4	36	9	19	19	6	29	54	50	4	52	43	56	44	10	4	26	55	15	59	27	53	52	5	22	27	51	1	30	42	6	31	12	14	39	20	
55	56	14	40	52	41	12	30	29	17	25	38	9	37	25	26	11	18	10	22	31	53	15	57	21	13	15	32	56	43	39	41	35	50	17	13	19	45	40	28	35	6	2	42	44	27	1	34	27	54	52	58	42	59	36	53	60	48	23	46	
20	59	21	45	25	27	55	39	42	38	4	13	28	55	51	46	18	22	9	33	10	52	14	41	44	43	35	29	24	42	11	36	30	30	20	53	54	1	23	34	31	12	37	43	58	2	19	2	17	16	32	11	6	36	3	48	5	34	8	14	
42	14	43	2	28	49	37	11	43	45	35	60	57	6	33	53	57	48	40	10	4	2	16	55	27	60	34	31	54	31	52	24	29	18	19	58	48	50	3	25	30	37	23	15	38	56	58	24	32	35	22	21	34	33	13	5	9	39	19	59	
