23	34	48	44	25	37	25	54	44	43	19	29	56	51	30	38	42	28	46	43	26	24	5	15	55	48	8	11	4	25	39	22	59	51	27	55	31	45	47	59	17	55	18	3	43	49	38	32	10	13	3	33	34	58	37	20	35	42	36	29	
57	3	48	53	44	60	45	6	34	21	54	49	13	9	49	46	50	24	6	51	35	58	11	6	56	47	22	26	16	38	52	10	30	29	55	12	18	27	7	59	48	1	27	2	4	14	31	44	28	26	23	5	25	32	8	4	15	17	19	20	
32	60	25	52	18	15	60	33	39	56	11	13	52	36	50	45	38	10	19	2	33	40	50	44	5	26	45	7	20	53	14	42	50	28	31	5	41	20	35	8	14	37	12	3	9	50	43	46	58	54	35	21	28	16	1	30	38	47	26	55	
25	29	26	12	55	54	14	24	12	38	22	15	11	30	15	8	9	49	49	4	39	14	23	56	26	13	16	1	45	39	46	59	58	9	10	50	52	17	11	53	40	22	5	41	41	18	45	48	56	27	51	24	35	60	18	2	3	31	57	36	
59	30	32	46	28	38	33	10	40	34	60	17	53	3	54	32	11	28	18	54	49	55	8	21	45	23	16	44	43	56	17	31	13	47	15	38	14	37	48	51	8	35	57	51	36	41	20	33	5	26	25	52	18	39	12	52	42	16	33	19	
6	39	42	16	23	46	44	26	21	18	6	19	50	60	6	14	29	25	37	31	38	59	20	54	18	22	35	49	25	7	1	28	34	31	36	55	15	15	9	25	24	12	40	10	1	43	13	27	56	47	56	30	41	5	7	51	14	45	32	36	
34	25	2	6	54	25	57	58	37	56	12	48	5	41	47	56	14	58	20	60	34	7	21	7	1	25	46	11	53	12	45	25	35	36	28	17	50	15	4	24	7	8	1	9	44	46	55	47	42	4	38	12	10	46	11	59	13	52	4	51	
1	38	13	24	3	39	31	50	49	25	3	54	27	2	45	60	45	37	36	15	40	10	16	34	53	28	27	51	11	21	39	4	48	49	14	49	17	42	28	5	6	21	46	20	12	29	9	47	53	43	58	22	49	18	52	32	22	19	23	26	
19	40	20	4	18	24	42	31	3	60	23	56	18	5	5	27	21	11	10	4	51	57	22	29	57	6	58	17	1	59	28	17	36	38	11	52	59	50	25	51	39	41	45	46	33	47	10	43	2	9	44	36	55	3	7	50	8	50	12	54	
38	21	9	12	56	17	52	52	57	1	41	33	29	15	8	59	51	8	39	36	14	13	9	60	16	1	47	6	48	31	58	23	49	56	24	35	10	14	26	55	12	54	17	30	6	25	27	55	32	54	28	34	4	37	27	7	40	2	2	3	
30	57	14	17	42	36	49	51	39	2	34	40	46	40	7	49	60	22	33	17	5	51	47	7	8	3	3	29	2	4	20	29	50	31	35	28	56	13	7	25	13	38	53	48	10	57	37	6	8	58	19	11	37	54	9	41	54	12	59	53	
58	16	11	44	36	44	10	30	46	6	43	48	33	34	33	37	20	57	31	26	51	48	35	25	31	32	55	14	38	51	56	29	4	5	3	37	39	10	59	13	7	29	60	35	1	40	9	17	23	38	41	3	15	55	18	35	22	9	47	53	
49	40	12	42	34	12	17	1	11	2	13	14	28	8	37	17	26	35	32	39	2	53	31	6	46	46	40	5	44	15	48	23	52	49	4	16	58	18	14	60	8	23	8	25	20	34	41	36	6	3	12	7	51	43	9	38	15	50	29	49	
49	6	9	39	52	8	44	47	14	55	42	19	9	39	41	17	10	10	50	5	8	51	8	57	21	7	20	33	41	40	11	30	41	18	56	30	16	37	12	26	22	43	34	18	13	4	25	4	15	19	24	17	53	4	3	23	60	21	44	45	
48	42	56	27	56	49	46	8	15	42	24	25	8	54	41	11	56	3	4	5	6	60	19	54	2	12	2	59	30	33	27	7	14	20	23	57	58	9	55	10	38	15	35	43	7	5	43	1	3	37	54	58	34	13	48	36	11	39	22	30	
1	46	35	10	57	55	57	52	51	49	59	26	1	21	60	5	22	31	54	13	5	45	6	37	45	43	2	53	20	11	23	18	46	48	18	39	38	12	27	26	50	15	41	48	25	29	44	56	3	34	4	52	17	49	19	8	29	7	41	47	
7	51	54	49	33	9	25	60	10	42	15	57	46	45	42	12	12	14	41	59	46	32	40	60	18	48	48	47	50	18	21	47	1	11	34	29	9	52	18	16	27	30	2	4	5	35	1	19	45	39	2	28	8	31	17	15	20	54	53	58	
1	58	42	57	58	5	24	4	50	31	9	7	51	8	10	53	30	5	56	12	41	55	29	39	15	35	43	29	26	22	15	25	16	46	19	11	48	32	6	36	53	13	32	42	7	37	33	35	34	17	40	60	8	3	36	14	27	18	30	52	
27	43	5	41	19	13	41	7	35	43	29	25	42	58	3	47	23	26	11	50	36	44	47	33	36	14	42	2	19	10	49	35	45	43	6	57	46	44	51	17	16	16	39	55	15	31	39	34	51	48	10	24	21	55	53	46	57	26	37	18	
25	14	37	4	46	40	50	21	21	39	35	27	51	12	18	52	40	55	12	22	31	20	34	41	13	18	25	58	42	50	8	56	54	43	48	38	11	36	55	23	10	24	44	51	29	60	45	59	47	41	16	12	1	49	57	3	55	4	54	33	
44	51	17	35	23	2	2	32	36	46	50	34	3	23	14	21	24	43	9	1	21	15	3	18	59	37	13	51	29	5	13	11	45	19	35	6	18	38	39	42	9	16	5	12	33	20	20	45	56	28	47	8	38	33	20	26	7	25	10	27	
17	18	31	59	26	55	2	41	26	27	12	32	27	14	31	57	19	49	29	4	4	8	9	39	30	25	3	28	45	12	47	51	15	5	49	36	60	39	7	20	1	16	42	17	21	2	5	36	40	30	43	42	33	43	22	54	57	10	8	34	
6	52	20	9	53	6	34	40	33	30	49	31	44	20	46	53	25	38	18	57	5	54	36	32	25	45	20	12	47	18	41	47	7	50	45	48	45	16	17	15	44	4	51	19	22	21	8	35	55	23	26	56	5	42	13	19	24	23	27	56	
39	58	40	41	38	22	18	20	27	33	32	8	26	5	15	36	21	12	5	3	23	18	48	24	49	58	34	10	18	50	55	45	37	32	16	4	43	31	21	59	53	51	57	17	53	9	49	7	16	42	56	35	57	41	48	44	28	11	46	59	
50	35	18	15	56	31	16	28	51	36	24	41	23	10	46	6	17	24	7	21	4	1	53	50	29	30	23	46	37	3	11	14	27	22	26	12	40	39	32	33	3	44	58	15	51	32	11	3	54	13	34	54	2	3	38	19	30	55	54	56	
47	3	7	11	12	22	13	47	52	39	3	43	19	49	55	7	18	2	59	60	8	10	44	58	10	15	4	30	6	54	16	50	46	11	51	56	30	53	30	9	29	22	49	38	14	42	34	20	33	31	4	27	37	45	18	39	1	18	5	53	
1	17	32	36	24	20	19	43	12	47	49	30	57	36	56	2	7	27	6	29	48	9	53	13	42	1	47	31	8	48	10	6	53	40	31	14	49	51	46	49	23	32	15	16	57	11	7	3	24	18	33	7	22	18	21	37	16	54	4	25	
31	2	16	20	39	44	15	26	22	58	14	39	21	17	52	14	13	56	13	34	55	38	30	51	45	40	26	51	19	23	1	47	17	7	57	45	48	10	60	6	4	1	36	13	18	24	28	16	9	35	47	54	2	8	34	42	33	48	24	49	
3	15	33	9	20	27	43	56	25	41	51	18	39	23	29	44	36	51	57	34	16	33	17	14	37	48	48	8	34	1	53	26	19	16	32	21	35	4	14	54	42	5	1	11	23	27	52	49	15	45	22	31	6	38	30	40	19	13	50	42	
57	19	5	60	32	26	17	53	28	28	44	59	20	42	7	33	59	58	17	6	29	27	20	35	57	49	2	9	43	30	37	37	38	39	33	1	55	47	50	20	5	19	16	14	51	13	44	51	4	50	48	23	5	7	45	51	41	36	54	21	
60	28	49	33	56	18	26	48	55	3	57	49	22	3	1	6	15	33	51	7	13	27	24	15	31	54	5	58	27	47	9	16	4	56	38	57	2	54	36	58	53	21	31	6	30	23	4	23	52	44	20	53	11	29	6	25	20	59	20	37	
35	18	41	36	9	17	22	60	60	46	45	50	5	11	48	15	31	40	28	9	21	46	1	26	3	55	39	13	43	49	45	17	5	23	40	7	29	59	60	27	36	33	6	37	39	51	41	57	19	6	8	37	42	53	54	43	47	20	52	17	
6	23	29	8	37	7	60	2	54	50	26	26	17	28	52	48	7	32	40	16	26	33	50	4	23	31	41	57	49	20	12	44	40	42	52	13	32	43	5	16	25	28	38	31	45	21	14	42	46	51	55	6	14	34	5	35	3	53	29	1	
45	37	22	14	4	1	17	25	36	19	38	51	36	59	20	10	27	21	49	47	3	41	42	12	17	35	44	5	60	2	35	42	28	46	53	21	54	59	52	11	15	18	57	40	7	6	48	13	14	46	49	16	9	27	23	7	5	47	8	57	
46	33	35	3	16	17	23	50	6	55	58	10	3	43	48	1	36	29	10	48	56	57	57	50	21	8	54	15	51	44	2	27	9	26	27	20	32	40	59	35	30	45	47	30	28	20	36	50	49	27	37	27	13	19	24	31	17	60	29	4	
32	20	15	35	43	41	47	5	4	40	37	30	24	9	49	36	28	6	16	57	22	39	21	36	48	25	52	60	13	10	50	42	21	54	7	59	19	48	53	19	18	26	46	29	24	33	2	42	30	8	35	51	42	44	16	27	58	57	17	9	
56	58	34	13	49	35	60	9	20	49	25	36	6	1	2	26	20	52	3	45	48	28	32	27	58	38	43	48	20	55	43	5	50	4	14	30	36	7	33	46	49	47	8	53	39	58	10	55	41	59	29	24	14	47	40	9	18	20	51	27	
5	22	29	45	17	32	11	42	32	35	16	11	12	22	59	39	33	55	34	45	52	50	6	2	35	36	60	42	46	33	7	47	47	25	20	53	57	28	32	29	56	46	37	57	58	26	34	4	5	55	45	1	43	40	48	6	12	38	46	8	
4	42	30	47	4	48	29	56	5	59	10	52	34	31	45	28	41	8	28	44	60	2	27	31	32	9	35	35	40	13	16	33	49	37	9	42	12	36	38	14	24	36	54	56	55	28	15	26	39	49	7	22	45	31	43	56	46	21	25	6	
13	31	28	59	5	34	39	12	7	4	24	35	28	16	21	12	32	21	38	2	47	31	14	8	59	52	49	17	9	4	15	6	33	37	11	31	20	41	41	18	26	54	43	49	59	44	50	19	60	23	27	36	51	22	37	45	9	23	54	2	
24	4	6	48	38	10	13	36	26	43	39	47	35	7	25	22	36	13	30	32	24	49	57	16	9	31	42	3	52	34	59	57	26	2	40	54	57	55	28	20	31	56	56	45	51	19	4	29	20	33	46	41	12	40	44	54	11	22	43	50	
53	40	36	8	31	3	59	26	41	24	35	60	8	29	43	57	37	36	21	53	57	4	25	48	32	5	40	32	24	26	59	9	51	31	12	18	23	8	34	2	21	6	1	27	35	39	22	49	13	28	42	5	20	52	50	49	54	28	7	7	
29	5	2	7	24	11	22	45	7	52	46	17	47	32	33	3	12	50	42	10	8	6	4	25	51	53	9	38	2	59	34	18	55	35	23	15	33	44	48	30	19	21	48	60	50	16	48	54	53	24	56	59	18	57	12	13	38	8	30	28	
1	1	43	50	27	55	53	55	29	38	17	42	48	53	31	28	56	14	13	39	28	6	37	45	53	39	33	20	29	60	51	32	58	21	8	19	22	57	54	34	25	7	11	2	46	29	30	40	35	38	18	56	36	39	41	15	4	57	49	44	
54	7	55	41	22	51	50	34	38	44	53	60	37	56	51	18	20	16	55	52	58	3	36	17	36	52	27	38	57	56	6	29	60	50	59	12	42	46	31	6	20	21	4	47	19	1	55	23	56	40	9	45	36	35	47	10	23	14	37	11	
55	32	24	51	19	21	54	47	56	13	50	2	32	44	40	34	35	30	52	16	1	51	50	34	22	41	33	43	33	6	38	36	29	53	58	37	10	48	13	57	59	60	47	15	32	27	46	44	45	24	3	35	16	47	4	32	9	42	11	31	
26	31	44	43	21	31	20	19	9	28	4	53	25	48	59	40	1	31	14	35	54	5	60	3	26	56	23	23	22	16	42	37	45	15	18	54	45	24	11	42	49	4	29	56	50	25	32	39	57	30	12	46	24	10	35	47	53	51	59	13	
1	36	39	35	35	47	27	14	8	27	55	46	28	13	42	14	34	54	50	17	18	50	51	31	50	22	7	40	7	57	40	58	20	17	30	49	60	56	56	1	21	48	52	44	53	10	46	11	1	25	24	9	19	4	59	60	23	32	26	19	
28	3	19	37	9	42	9	6	30	54	53	38	31	31	5	7	38	51	8	36	11	21	33	13	20	59	8	41	32	23	57	40	23	52	4	34	24	10	29	38	2	14	8	22	34	12	17	9	48	20	36	57	39	4	10	47	6	5	16	35	
33	8	60	37	45	53	55	11	60	9	40	51	14	37	9	43	39	15	50	23	24	21	18	52	23	16	36	11	7	48	24	20	48	13	54	29	4	49	22	3	43	57	50	52	17	47	35	58	59	21	10	25	38	12	9	56	21	41	59	29	
26	12	41	5	22	25	21	23	59	33	27	44	21	4	32	26	45	59	15	33	8	18	51	46	19	57	23	39	27	14	54	43	22	22	37	40	35	58	52	38	28	11	1	26	2	30	49	35	16	59	6	21	7	54	55	24	48	29	56	5	
15	30	38	34	50	9	3	14	53	51	43	5	52	41	28	54	57	7	14	8	59	16	26	59	11	12	12	37	17	58	31	21	25	6	43	4	13	42	18	1	32	47	55	3	24	13	42	9	17	56	3	10	7	23	57	4	22	22	37	30	
2	9	38	18	7	19	8	13	49	12	6	8	58	50	1	4	60	41	22	6	32	54	10	38	4	51	35	16	54	2	33	43	11	8	60	23	25	1	14	21	1	3	59	57	48	56	45	44	36	52	39	15	28	46	26	22	30	5	35	17	
49	10	47	51	11	32	51	22	23	44	20	21	42	18	4	27	16	38	55	37	12	25	23	30	52	46	50	2	28	24	6	13	14	44	52	26	4	33	32	19	14	41	27	50	49	24	6	52	53	58	15	60	29	33	31	58	8	34	50	32	
14	45	31	25	25	12	27	18	39	57	30	39	32	50	19	13	3	23	51	53	9	1	41	18	24	56	6	34	49	52	60	1	40	8	17	49	21	38	58	46	33	27	15	49	3	36	56	5	41	50	44	42	35	26	46	55	16	49	28	7	
30	59	50	54	6	4	35	10	31	27	56	48	49	19	33	51	33	18	43	4	7	23	45	40	34	24	16	42	3	26	36	21	26	14	13	22	5	60	30	28	59	17	9	39	16	35	21	38	44	53	32	47	27	8	2	35	25	15	10	12	
37	35	45	48	47	33	59	39	13	17	3	55	19	6	26	23	40	36	58	9	17	19	37	20	16	27	51	34	31	8	36	60	13	10	41	49	28	37	42	28	43	17	14	59	11	34	20	50	58	7	35	18	23	15	20	46	24	1	2	5	
40	41	44	55	25	23	28	48	48	41	5	20	59	12	17	4	43	26	35	30	33	2	38	50	60	41	15	22	30	9	3	8	39	43	44	51	54	2	33	31	45	29	48	24	29	54	26	1	18	51	21	49	46	50	25	52	19	29	58	47	
30	50	46	56	29	23	37	15	16	5	33	47	30	22	6	55	2	19	41	18	59	52	54	42	28	17	7	45	35	47	32	57	41	9	46	47	26	21	57	29	11	17	7	32	34	60	12	24	8	60	37	4	30	25	32	1	26	40	30	10	
16	56	47	38	58	28	30	10	32	3	31	45	18	24	60	41	19	4	1	17	34	29	10	5	41	33	53	18	57	17	13	2	6	30	25	60	42	54	55	12	35	19	49	50	37	46	23	40	43	10	57	3	40	53	51	11	26	27	9	14	
