57	33	22	54	23	42	19	33	37	17	9	40	27	6	29	59	39	23	13	42	3	49	1	52	46	4	51	31	53	1	15	8	56	26	17	41	5	33	2	31	48	8	10	12	3	28	1	43	47	3	11	39	44	9	30	25	2	16	53	55	
6	5	49	59	28	3	28	22	34	19	51	11	25	48	12	17	12	2	54	56	3	55	24	42	60	49	57	59	58	38	48	1	32	27	47	57	29	13	8	50	30	52	58	43	35	4	7	35	9	40	21	53	31	44	22	20	23	15	16	14	
50	54	8	19	18	44	5	42	46	3	30	4	48	17	36	11	6	30	45	3	60	2	43	20	33	7	38	51	7	52	53	55	42	56	3	57	32	58	29	15	58	49	9	43	59	41	52	1	1	25	50	10	16	30	12	38	22	42	27	27	
23	17	19	54	5	11	41	27	6	7	39	53	44	45	34	35	15	16	22	13	29	1	8	42	30	5	18	48	46	33	12	56	40	20	49	42	21	26	6	24	25	35	28	3	9	38	31	32	43	47	36	8	50	37	51	4	23	54	52	10	
24	42	50	1	60	35	32	18	58	28	31	17	52	35	9	50	10	34	8	49	10	21	46	44	40	22	37	60	13	15	54	26	54	43	16	43	14	37	51	2	2	11	8	53	43	19	38	43	39	36	21	45	54	5	18	33	25	52	23	26	
56	12	49	48	51	54	20	55	29	60	54	28	8	59	9	49	11	36	20	46	1	39	20	45	41	36	5	57	25	23	18	19	33	4	56	13	48	6	5	14	2	58	31	7	53	37	45	3	3	9	30	15	32	46	43	8	16	47	10	34	
58	15	42	28	8	27	31	45	21	33	56	21	19	25	17	9	51	51	52	51	43	17	50	10	53	23	8	1	57	5	24	53	11	55	12	6	20	38	41	38	3	34	48	17	49	54	16	37	44	3	26	23	13	4	22	60	24	29	58	18	
21	20	8	22	12	16	15	21	43	53	48	41	24	33	55	10	24	7	36	57	60	58	8	8	60	28	4	21	52	51	28	3	60	34	19	2	39	23	20	11	13	57	50	27	27	35	26	40	31	59	26	29	54	31	25	43	56	17	1	38	
5	19	30	55	42	38	54	10	59	11	10	9	57	49	25	21	22	48	50	41	44	13	58	28	34	19	60	27	33	51	56	27	1	21	20	30	51	2	37	45	2	36	43	56	23	6	6	46	43	3	12	17	56	7	34	24	22	31	36	47	
11	27	60	59	38	9	26	24	8	52	58	8	28	38	1	46	33	5	16	14	48	24	29	33	31	59	50	38	19	25	20	30	39	10	24	7	14	40	19	21	32	14	17	54	50	15	34	20	12	40	23	46	53	41	13	18	36	48	44	45	
8	60	10	36	58	23	32	9	52	48	26	19	60	32	60	39	45	17	48	43	54	3	27	37	38	33	51	12	10	34	46	15	22	45	40	18	6	9	16	47	47	31	3	41	1	52	13	44	59	49	15	42	47	35	16	28	53	4	24	60	
26	7	4	38	49	42	44	43	40	57	27	24	29	19	58	24	1	58	56	56	45	8	35	21	37	48	41	28	42	54	25	5	58	30	32	44	59	14	17	27	9	46	51	23	58	36	44	50	22	29	47	60	39	14	15	1	52	45	31	33	
37	39	25	24	55	56	6	49	57	20	13	55	50	51	15	38	15	52	23	34	15	4	28	47	4	32	37	53	14	52	16	40	29	34	2	12	17	57	54	18	6	59	56	58	33	8	30	45	54	41	9	7	37	36	44	31	55	19	20	11	
7	29	36	24	52	35	34	6	29	14	7	32	4	60	22	35	58	39	17	41	16	23	45	42	47	18	10	38	25	19	34	31	37	8	42	18	33	5	21	57	20	18	26	18	11	37	50	2	13	56	41	11	9	15	50	44	24	49	12	44	
57	43	2	31	39	45	46	7	44	57	53	58	4	8	5	12	34	44	60	37	29	38	45	35	42	25	17	2	3	26	47	58	59	43	27	28	14	4	22	55	48	6	49	50	9	40	46	33	17	48	7	51	10	41	9	42	57	22	41	56	
38	13	51	24	45	6	39	56	57	50	41	42	53	12	20	49	46	4	19	52	36	15	25	36	48	31	15	40	42	55	23	9	3	11	22	38	7	59	31	54	47	1	24	27	14	43	17	46	35	29	37	8	41	57	49	26	18	58	51	60	
35	11	55	29	11	15	3	6	4	23	56	38	22	18	2	24	49	13	5	21	31	29	19	6	8	49	25	26	32	3	7	56	12	54	13	14	58	13	20	58	27	60	26	36	15	30	55	53	27	50	11	56	17	18	57	13	59	7	34	25	
7	34	10	7	16	20	7	4	30	18	52	44	7	14	18	13	37	10	1	1	49	5	46	54	17	38	4	11	42	27	24	39	49	31	43	55	48	46	56	8	54	45	41	51	50	57	59	22	58	49	15	41	60	53	24	2	23	26	3	6	
51	15	31	29	35	2	21	13	37	15	9	20	55	47	8	40	40	56	51	25	42	53	57	27	38	17	11	50	41	1	34	22	5	2	45	29	53	3	39	27	6	46	37	51	30	42	23	60	35	4	14	16	51	9	31	19	26	30	58	49	
28	30	58	23	20	32	49	10	25	25	29	28	60	60	16	20	40	34	18	3	24	28	7	12	26	27	19	41	54	13	19	14	39	6	31	56	36	9	3	59	33	21	15	22	16	34	38	47	45	44	45	5	11	49	8	30	10	35	60	57	
32	8	6	1	13	26	54	37	33	47	24	54	55	36	4	14	48	40	50	27	21	25	29	22	3	32	39	6	43	36	52	5	34	47	5	42	10	46	18	32	31	37	16	22	7	9	20	46	46	59	17	56	23	28	11	15	43	41	19	29	
6	58	25	37	42	25	8	41	1	14	11	20	40	15	32	32	21	49	20	56	46	8	42	56	26	44	7	6	15	14	27	10	9	45	36	47	4	43	19	60	45	17	11	24	30	48	52	51	26	57	28	2	2	12	46	29	38	42	30	42	
52	45	53	49	24	23	25	16	54	39	7	36	54	20	48	15	45	29	42	9	23	57	59	14	51	34	28	27	17	46	6	54	21	45	33	41	8	54	47	57	22	55	27	5	56	8	10	38	34	58	36	50	35	24	60	22	1	11	38	12	
50	41	56	7	17	28	37	11	8	21	5	20	1	17	23	54	14	27	21	38	3	59	20	33	16	58	44	9	2	19	3	42	50	49	37	4	3	12	11	6	22	7	18	20	22	39	11	31	53	29	8	45	15	19	10	30	3	51	25	13	
9	17	32	53	3	6	45	56	15	53	54	26	56	10	43	4	35	43	25	26	2	20	8	13	32	5	28	33	52	42	23	47	57	44	37	49	50	19	46	52	1	33	21	55	31	56	48	4	29	11	22	28	26	24	37	51	27	55	14	8	
34	21	52	20	3	18	59	48	26	30	29	25	53	42	6	21	28	50	24	54	48	40	22	11	55	45	56	60	37	57	5	1	13	46	10	12	53	6	49	16	34	19	29	24	47	32	35	12	12	51	55	58	27	11	7	2	2	1	59	15	
34	53	2	43	29	10	45	19	5	31	23	28	45	49	41	22	11	14	30	12	56	23	6	6	24	1	58	58	44	46	8	13	29	7	53	54	6	35	2	9	55	22	32	33	1	11	47	1	15	14	16	52	26	17	48	39	4	42	36	42	
18	31	54	44	28	34	27	31	60	26	29	50	38	53	16	28	47	52	29	51	56	30	40	19	27	24	47	32	56	11	60	4	35	41	46	58	12	8	23	59	36	43	46	59	25	52	24	9	42	39	49	26	55	18	45	17	32	20	35	21	
27	32	17	56	10	58	41	12	55	55	8	16	28	50	7	50	31	18	49	2	53	27	26	43	44	57	52	4	6	22	19	30	45	32	15	42	23	46	59	13	38	54	20	55	34	18	46	54	25	21	53	24	45	11	48	35	60	27	28	1	
46	33	16	18	2	21	57	10	7	44	11	31	30	25	24	58	32	4	48	54	14	33	59	49	27	36	3	18	60	18	4	35	41	17	50	34	35	37	40	28	17	51	57	42	5	20	29	23	11	5	10	22	38	55	59	48	39	6	55	19	
7	56	49	39	11	28	7	35	1	36	1	7	12	52	37	3	2	6	16	4	55	20	13	17	4	9	2	21	6	58	27	16	48	13	38	48	30	31	13	20	5	3	25	13	51	58	14	38	49	27	37	41	36	47	47	32	53	46	50	53	
39	14	40	16	13	12	1	32	41	3	49	34	3	2	44	47	49	51	26	34	4	56	4	29	35	48	54	23	24	30	60	51	31	37	4	33	38	55	5	8	57	42	45	6	38	13	32	25	49	52	48	50	43	46	17	7	19	51	20	32	
18	16	20	38	50	22	59	21	6	51	23	59	26	60	45	54	12	13	7	48	54	52	36	28	23	35	24	31	27	40	60	37	54	17	3	33	28	59	53	31	46	1	30	9	58	60	55	57	1	57	42	4	46	8	10	5	36	25	26	2	
1	23	17	45	30	17	9	55	10	54	25	48	50	40	46	37	36	38	23	28	32	2	11	15	58	15	2	24	36	29	13	26	42	21	7	59	26	16	48	33	51	12	13	31	38	56	56	14	29	18	28	49	8	33	52	3	47	50	22	20	
2	26	27	28	36	30	21	58	29	8	23	18	5	33	38	41	19	31	43	37	37	7	23	41	39	11	34	12	49	47	12	48	2	35	14	35	54	24	25	21	28	43	33	23	6	2	53	13	32	42	50	56	29	60	34	55	8	57	56	54	
33	5	34	35	30	36	58	23	56	16	40	13	56	4	33	51	56	24	1	7	44	41	60	1	35	26	53	37	18	46	17	43	44	44	11	8	15	5	27	10	10	57	19	2	48	42	44	39	2	38	37	46	10	45	47	42	49	16	21	59	
51	24	33	28	57	41	33	14	35	48	15	35	39	23	28	16	3	1	46	53	34	21	17	39	54	40	11	42	53	12	30	41	25	2	7	19	31	29	19	56	18	23	36	42	37	53	58	35	51	39	20	13	59	31	50	43	9	44	6	51	
53	26	35	4	24	29	13	44	52	22	37	55	42	2	39	15	50	27	40	24	56	54	34	51	13	6	20	19	45	22	9	21	45	28	23	58	52	25	43	39	49	8	23	14	60	58	27	41	16	1	53	11	36	26	43	47	25	59	55	3	
19	52	14	53	21	33	49	57	47	18	28	28	23	43	39	18	35	55	45	35	38	35	37	12	49	8	56	10	5	41	55	17	30	6	56	36	28	42	28	22	56	40	34	7	24	58	25	45	48	54	27	18	45	42	29	11	50	12	13	44	
41	2	43	60	5	37	33	23	9	55	33	52	27	1	56	42	57	8	21	35	58	34	42	16	12	58	13	49	59	20	28	37	14	3	35	6	40	57	26	29	44	56	22	4	45	5	35	48	5	46	2	54	18	38	52	23	28	7	1	24	
12	18	50	21	15	22	24	38	8	49	2	43	41	17	40	24	8	3	51	5	43	42	44	46	4	37	59	29	31	49	45	32	4	22	50	9	34	17	42	39	57	47	17	28	48	50	54	52	55	20	53	25	51	27	14	52	58	57	11	14	
43	41	44	37	1	31	42	30	32	14	6	18	46	11	42	33	53	12	12	29	22	46	51	10	9	48	55	58	34	59	1	18	38	36	41	26	2	20	57	23	35	48	39	13	52	9	37	39	19	33	3	29	21	42	40	27	28	24	15	50	
12	1	46	40	31	23	2	22	36	45	42	60	22	9	3	7	15	23	35	23	57	28	49	4	59	14	11	16	35	17	55	37	6	38	13	34	56	4	58	20	39	32	10	8	38	10	54	54	30	19	3	18	47	43	2	41	52	21	45	22	
16	29	57	20	59	52	51	46	46	42	2	21	6	1	18	31	9	59	11	30	14	10	37	55	41	39	26	30	35	58	36	49	24	15	5	17	56	54	44	40	25	37	58	17	38	3	45	39	60	53	56	10	1	21	2	23	48	7	43	18	
3	22	4	17	19	58	16	12	42	57	50	3	31	44	18	1	44	53	30	32	47	22	33	25	43	23	40	30	20	18	40	11	21	39	21	37	35	28	47	4	23	25	59	45	6	7	40	49	56	59	60	34	24	29	46	48	41	27	26	51	
32	40	59	50	1	13	25	20	38	1	14	47	23	3	19	18	7	54	53	51	51	35	8	57	60	49	35	34	2	36	21	31	2	10	17	60	9	25	10	41	15	22	17	37	26	33	42	15	18	23	55	47	52	1	39	46	46	8	13	43	
40	18	7	29	25	8	28	31	28	24	2	45	43	8	10	50	29	35	53	42	49	46	30	35	36	60	12	10	55	13	48	20	47	51	46	52	43	11	11	1	23	2	38	52	13	30	39	34	54	20	5	44	3	32	4	27	14	11	37	56	
22	9	12	41	46	47	19	25	48	27	16	58	32	34	48	26	52	15	55	44	33	58	21	30	15	29	49	20	23	24	4	36	19	5	8	2	57	39	11	25	40	21	35	56	43	59	17	42	2	6	12	37	49	31	54	53	45	38	17	58	
35	10	19	52	13	24	43	52	39	50	17	14	60	26	60	41	13	6	12	11	5	16	40	53	32	24	35	7	46	44	57	18	46	2	9	45	23	41	23	58	29	27	60	18	48	49	56	48	3	54	59	55	4	26	36	30	40	59	33	14	
36	9	29	5	9	26	38	26	55	56	14	22	20	4	33	57	50	19	34	32	7	20	18	59	43	42	26	13	39	42	31	6	48	40	6	1	55	32	12	47	17	15	60	26	8	17	21	58	30	43	17	27	60	23	22	37	2	45	32	41	
25	44	37	2	21	39	45	5	53	46	55	7	57	35	30	54	54	39	41	15	11	45	38	1	6	50	31	56	32	60	30	51	43	57	48	50	18	26	52	12	9	24	12	1	3	47	39	59	4	8	58	7	49	13	16	9	17	28	29	23	
14	55	3	43	40	43	35	55	2	13	52	51	33	1	42	19	23	20	48	17	22	31	14	60	33	10	32	21	30	4	39	33	49	31	18	11	56	34	55	46	37	50	44	59	54	4	15	54	21	60	24	36	20	22	20	45	17	48	60	52	
28	28	7	8	48	18	10	47	49	59	32	14	51	54	10	20	47	21	6	3	9	2	31	18	11	33	1	25	12	40	58	29	57	13	25	43	19	30	24	55	26	35	6	57	27	14	22	4	16	15	55	23	33	7	34	17	37	3	39	38	
42	26	5	27	26	19	59	33	46	10	25	1	42	21	54	50	24	59	49	31	6	36	32	55	45	46	9	4	38	37	40	59	53	47	25	16	50	7	45	30	10	3	23	42	17	15	41	29	8	12	57	57	48	18	55	13	50	43	14	28	
15	46	13	57	6	18	11	54	18	52	10	27	47	29	5	55	33	25	28	25	30	4	12	2	8	51	4	59	28	16	9	33	48	14	26	52	37	33	35	42	19	40	5	52	58	1	36	20	11	60	42	38	47	56	27	58	43	22	40	4	
34	36	32	25	45	48	60	9	17	32	40	23	10	35	11	2	26	36	15	33	19	47	57	5	50	13	46	3	40	12	59	7	51	16	11	20	1	18	17	27	30	56	25	29	28	16	24	39	52	27	31	6	12	2	21	34	13	37	33	35	
44	17	38	18	32	33	29	28	30	41	33	49	33	37	15	52	51	42	25	36	60	24	39	60	14	20	32	17	51	2	47	25	8	9	34	35	39	56	45	3	43	4	46	54	40	53	57	11	23	55	37	12	7	59	9	21	30	38	47	57	
30	25	18	42	22	40	60	50	31	41	38	51	34	24	47	56	16	26	2	17	59	29	18	3	25	41	15	38	1	36	32	11	52	39	44	60	27	33	47	35	11	14	21	39	22	12	26	17	1	28	43	46	46	47	53	5	5	55	45	48	
21	57	51	3	23	46	4	34	54	35	4	56	45	16	18	5	4	41	19	6	55	43	47	36	18	18	42	8	3	7	49	23	52	29	11	15	49	60	38	32	28	30	40	10	44	31	1	41	14	4	33	59	51	20	26	50	23	2	50	17	
54	35	28	32	53	35	36	29	22	58	59	39	37	3	49	60	38	30	27	40	25	48	20	7	51	43	33	11	26	21	16	24	55	42	51	23	11	10	39	34	4	26	1	15	27	44	5	56	50	31	14	3	1	52	52	57	6	19	2	46	
