49	2	16	59	40	34	50	32	12	29	10	40	24	48	22	32	27	21	38	39	53	20	55	21	30	57	7	39	18	52	35	14	13	25	29	23	48	9	49	58	35	51	35	54	25	46	10	56	4	45	25	47	54	17	57	15	3	53	42	19	
43	14	22	53	28	40	2	14	46	40	1	11	17	25	56	41	8	55	26	1	37	49	44	20	55	30	31	57	21	2	4	1	15	23	45	32	60	42	47	36	12	48	50	27	54	29	3	59	22	33	58	51	5	38	6	56	7	18	41	16	
17	42	14	19	2	46	47	52	25	18	25	33	47	6	47	38	24	47	34	35	2	28	21	3	56	16	48	51	23	20	56	37	58	59	53	50	42	39	39	57	45	53	22	30	48	4	5	9	49	29	42	40	54	52	31	41	57	15	26	27	
31	12	51	18	60	33	5	39	60	34	32	43	23	39	10	60	40	13	59	14	38	38	49	22	19	15	50	13	20	7	21	39	8	7	55	6	29	49	35	27	12	56	7	24	36	14	25	60	16	18	17	43	45	52	54	1	57	41	3	11	
37	19	39	35	15	23	38	41	10	1	5	19	54	9	32	24	12	51	21	17	6	22	57	40	1	48	38	53	18	42	53	55	54	29	25	6	50	52	37	49	56	43	58	42	44	26	55	45	15	7	59	11	25	47	48	16	24	27	5	46	
51	55	30	34	14	44	38	1	33	4	47	20	40	41	51	7	4	43	44	8	38	35	16	60	11	53	5	32	6	7	9	54	52	28	25	2	9	56	57	39	53	29	49	22	58	29	27	3	10	8	12	37	31	2	26	39	59	27	13	55	
31	7	37	12	33	51	3	31	40	53	60	22	18	46	42	6	4	58	55	3	5	41	37	32	41	1	60	23	25	8	6	45	2	41	47	34	30	47	54	59	29	50	18	36	25	49	39	26	44	35	27	36	10	56	57	43	52	9	11	13	
50	3	39	48	33	15	10	59	59	60	47	17	47	55	50	1	41	27	24	16	47	40	42	46	31	26	23	11	17	21	5	55	12	33	33	43	45	32	30	41	22	7	56	5	2	35	55	29	59	18	41	36	54	13	19	14	34	39	22	49	
48	16	33	49	46	55	28	29	24	48	59	42	52	44	36	48	17	28	6	4	34	45	36	25	53	52	30	24	22	47	2	7	52	26	50	35	17	10	1	31	47	58	10	32	39	36	13	52	3	9	54	38	51	18	46	37	8	11	56	18	
47	38	13	36	52	55	9	6	55	59	26	39	54	34	5	22	7	8	3	57	13	46	19	53	1	2	15	58	3	60	13	48	27	23	14	15	16	11	10	8	17	34	37	51	57	30	12	54	27	4	47	29	45	20	21	43	56	24	38	18	
12	48	31	35	9	35	39	14	41	47	11	38	10	44	26	4	4	25	46	28	27	22	54	8	15	3	48	59	29	16	51	34	1	13	59	60	34	36	2	17	18	19	47	20	45	2	21	37	30	46	5	39	6	45	44	22	46	23	24	7	
27	54	23	25	54	19	14	25	44	5	27	52	13	3	60	46	55	60	20	9	36	11	45	39	53	21	47	28	38	49	25	2	32	38	16	24	56	19	40	27	26	54	10	24	48	6	59	38	57	17	50	30	29	31	56	7	35	31	33	2	
17	46	53	46	21	6	59	5	15	26	22	26	9	27	47	52	22	44	28	15	48	9	32	1	25	18	4	57	49	33	56	1	10	38	36	27	34	35	21	50	47	40	11	55	4	45	43	24	17	8	28	54	6	57	58	21	12	60	7	2	
16	53	46	22	28	20	38	60	41	57	42	25	26	40	8	27	14	48	40	21	45	5	11	40	52	52	58	54	43	55	38	49	45	15	7	10	30	44	59	1	28	30	14	56	3	19	8	12	56	47	23	38	41	21	9	24	11	2	3	50	
47	39	28	21	41	32	29	8	3	17	57	29	44	9	18	41	25	22	42	19	57	60	46	34	18	51	52	18	45	44	58	20	23	15	40	59	36	57	56	37	11	51	55	52	49	1	31	11	24	10	19	7	2	4	38	6	43	19	27	16	
60	9	34	10	14	2	58	47	56	43	13	57	23	59	45	11	56	5	10	15	4	26	10	52	18	45	1	3	53	12	12	42	13	35	41	16	34	28	1	19	9	6	14	21	58	48	28	51	49	27	55	43	50	1	32	6	36	17	8	20	
21	3	56	24	36	27	37	59	52	27	16	50	20	25	9	15	10	26	57	48	50	38	22	37	39	41	32	60	56	23	14	6	17	59	28	49	18	54	42	5	19	50	53	35	7	50	40	4	13	23	51	55	58	8	19	25	36	43	20	29	
1	23	24	14	20	49	52	33	32	27	26	47	6	8	12	8	56	40	60	58	2	46	39	57	40	55	17	13	34	26	31	23	48	53	34	3	31	15	17	4	30	41	36	33	38	37	30	22	15	28	17	16	3	46	59	35	42	4	43	52	
28	3	12	12	45	35	57	5	47	11	54	7	41	28	37	16	54	6	36	6	22	42	8	22	26	4	51	53	58	23	34	23	16	44	24	50	9	17	46	45	27	36	52	5	53	15	10	48	14	43	49	28	25	46	39	37	40	20	19	33	
32	50	53	37	23	5	25	30	20	59	3	35	32	49	28	23	1	35	58	10	7	42	26	27	17	2	2	55	11	9	24	40	56	6	15	18	60	29	43	21	25	44	41	46	21	59	58	13	31	52	16	39	33	34	52	38	30	42	29	45	
48	43	7	41	37	19	48	34	37	19	41	51	59	19	35	9	15	30	18	36	20	23	1	41	54	42	16	10	21	38	37	58	13	45	28	39	52	13	11	25	31	49	13	26	57	37	24	2	5	31	40	14	52	27	53	44	4	57	46	14	
22	14	9	31	45	26	8	33	28	10	48	55	46	50	2	40	24	15	31	18	44	55	29	30	17	11	54	10	56	31	23	14	43	19	35	25	43	33	47	12	37	23	57	12	13	47	49	23	58	14	30	32	3	48	51	17	47	45	34	41	
3	35	52	43	51	16	57	36	45	34	29	11	55	10	20	53	54	58	5	44	5	32	2	5	9	50	11	56	24	25	33	21	56	12	53	46	26	40	6	59	13	23	7	57	31	16	37	19	11	39	60	14	1	58	8	59	30	16	4	48	
29	18	59	23	19	49	60	33	21	2	29	26	20	28	10	42	38	36	56	46	12	45	50	4	25	54	59	52	59	39	29	27	45	25	43	1	12	34	23	30	20	49	44	29	5	51	6	38	15	51	13	17	33	53	8	47	35	57	36	32	
31	4	47	13	17	22	6	18	43	23	35	60	1	15	27	1	46	22	29	58	11	30	3	33	20	8	19	52	2	43	16	21	44	49	31	50	5	31	7	40	43	37	29	41	41	53	31	25	21	56	11	24	26	4	45	24	9	58	10	12	
39	7	10	11	53	39	1	50	59	53	19	32	27	46	13	8	28	41	19	30	24	28	40	29	29	22	51	31	9	54	17	36	58	34	37	48	2	25	28	51	14	45	18	42	20	17	44	45	46	58	15	58	16	43	33	49	60	13	5	57	
55	11	31	50	32	7	28	21	26	54	59	40	26	5	14	35	19	45	17	53	32	18	49	47	57	11	20	46	13	2	41	5	16	9	53	33	3	10	51	26	60	47	59	15	49	56	42	58	30	1	48	4	1	28	34	55	37	49	39	36	
46	17	40	46	16	21	15	15	29	55	30	17	39	13	21	18	6	58	7	34	41	50	23	38	14	56	31	37	29	59	11	4	5	39	48	9	57	53	22	24	44	42	28	13	51	46	32	46	43	30	10	19	12	29	47	20	12	25	39	31	
2	39	32	4	15	8	10	9	49	20	20	31	50	37	41	29	20	59	12	51	17	10	59	15	28	42	25	37	46	53	57	45	30	27	39	41	23	46	44	10	58	48	38	43	22	11	14	40	55	13	19	9	18	16	21	45	47	35	21	30	
25	5	12	51	22	48	21	32	27	57	39	9	42	6	49	1	11	47	30	55	47	52	4	3	58	12	36	35	44	35	3	59	29	3	46	37	49	57	6	2	52	34	8	23	37	50	22	38	22	41	29	10	24	27	60	4	28	24	40	14	
48	27	57	14	29	32	41	7	27	44	57	8	16	54	28	43	37	39	17	49	18	35	47	31	52	40	32	17	1	58	15	47	22	10	50	42	38	30	45	55	2	28	59	9	19	24	46	45	6	44	32	7	20	12	35	60	42	5	12	34	
52	16	8	3	21	56	40	48	13	12	31	4	37	27	1	53	42	36	39	31	19	57	35	23	59	60	10	36	54	19	6	43	24	11	44	35	58	12	14	59	21	41	2	55	9	58	38	41	25	15	7	33	55	20	46	50	17	51	16	60	
58	10	40	20	24	12	51	4	22	53	2	40	31	52	25	26	37	60	50	59	58	34	15	50	55	54	29	57	41	43	54	36	49	23	56	57	25	27	59	38	15	53	5	44	35	28	57	11	21	36	55	8	8	9	56	48	59	14	43	30	
53	26	54	32	39	36	26	55	50	14	26	2	52	29	34	24	51	28	23	1	3	15	7	59	20	52	44	9	3	24	27	46	40	20	15	8	47	31	58	33	35	21	22	25	46	57	41	26	11	56	18	1	13	22	4	18	5	39	17	6	
52	41	45	21	49	49	26	30	8	13	50	44	32	1	51	10	51	29	21	52	18	36	49	16	46	35	24	43	3	29	42	45	7	16	4	45	54	19	4	60	29	55	30	50	56	16	53	31	38	5	9	48	36	59	59	18	20	12	57	20	
40	28	2	38	33	54	18	16	10	21	5	37	8	30	16	47	43	58	9	11	59	11	56	32	60	42	39	3	52	27	12	29	43	14	1	13	55	7	19	54	24	21	20	31	50	33	4	20	32	58	34	25	15	23	48	58	43	26	59	35	
37	8	49	17	10	38	20	53	48	36	44	56	54	2	15	31	32	7	40	58	9	6	13	11	6	58	54	47	9	45	7	50	39	45	59	45	14	7	27	54	41	12	46	23	16	49	51	30	53	34	17	57	23	27	1	19	21	48	55	22	
30	51	59	5	33	47	38	43	50	56	25	27	60	60	39	57	46	19	16	37	45	31	27	58	2	23	6	4	59	57	20	14	46	8	7	7	52	45	48	39	33	10	56	28	8	32	9	51	41	22	21	15	49	42	9	34	60	13	25	52	
50	34	60	32	42	3	36	29	35	13	58	57	14	43	9	12	5	15	51	42	39	5	59	13	44	52	37	33	53	57	18	41	29	7	2	4	1	27	24	23	37	11	9	47	52	15	48	46	19	34	22	43	38	13	55	17	6	28	49	53	
13	55	25	39	51	24	33	49	51	46	7	12	46	14	48	25	18	31	5	38	8	16	14	35	26	59	41	17	15	18	60	22	11	19	52	58	29	20	34	3	47	31	17	22	42	2	44	50	17	40	11	21	51	26	43	9	9	19	21	23	
26	13	29	33	25	8	22	43	9	44	43	53	12	52	6	44	37	38	27	51	14	35	58	54	47	35	59	1	48	10	60	8	14	21	29	30	24	39	15	30	23	52	12	34	31	16	11	57	50	31	46	56	60	40	44	36	18	31	28	51	
36	13	41	48	30	9	14	51	43	22	9	54	59	11	10	19	23	7	14	2	29	53	43	16	21	24	46	11	55	59	52	18	20	31	3	35	27	16	14	6	24	25	39	33	28	46	34	38	56	40	35	9	32	8	37	33	26	59	33	4	
53	22	19	60	33	25	23	54	30	28	36	44	35	12	3	52	47	32	27	26	57	45	33	14	42	51	34	2	37	4	54	31	15	5	16	38	20	29	29	41	52	56	15	25	59	7	14	43	22	44	3	18	12	39	17	53	12	40	45	55	
33	26	3	37	26	17	12	43	53	25	4	24	18	16	46	13	17	57	41	36	21	43	41	28	1	5	7	6	24	40	47	46	9	39	22	25	44	23	57	29	44	59	46	52	11	21	54	18	20	30	45	31	7	21	49	57	10	42	58	27	
18	32	11	26	7	21	42	56	40	30	2	14	21	37	4	20	57	51	35	3	10	15	24	6	27	9	60	28	33	54	45	51	15	46	54	22	3	37	5	34	48	1	40	54	25	31	11	17	15	38	15	23	39	29	28	55	15	16	19	47	
58	56	23	15	35	10	20	27	31	15	49	60	2	21	51	23	45	52	36	50	24	44	1	55	53	13	43	7	26	1	41	9	42	53	8	15	59	24	31	14	28	17	10	29	36	58	47	18	48	4	57	59	34	56	41	24	11	21	20	25	
10	49	6	42	39	11	54	26	24	24	37	58	29	43	7	2	30	41	13	5	43	4	9	5	50	40	27	39	50	44	40	50	28	41	32	56	41	12	16	3	25	44	45	53	17	37	52	35	18	48	38	59	40	51	49	31	14	8	54	60	
35	29	32	52	8	58	45	38	7	54	40	28	27	17	6	48	43	46	13	47	28	51	31	5	6	10	20	12	4	11	52	39	37	13	23	33	13	58	9	15	49	36	22	14	41	27	35	21	7	42	6	26	19	30	18	19	25	35	22	24	
43	6	58	9	9	13	39	15	3	45	9	41	19	31	44	49	48	16	8	40	51	9	5	4	29	16	21	47	42	34	10	12	30	54	18	36	4	55	40	7	28	38	43	35	60	19	20	37	26	15	11	13	14	4	22	39	23	30	20	56	
54	25	47	6	11	2	30	4	57	3	8	3	36	27	38	28	35	44	4	57	49	58	59	2	52	7	33	5	14	50	26	49	18	10	60	9	10	19	12	45	16	60	47	40	21	13	15	42	51	59	29	34	53	24	18	46	14	48	31	17	
27	52	4	21	54	45	27	57	53	31	25	59	16	60	35	21	58	37	59	32	24	24	6	17	35	5	53	46	50	11	55	10	3	56	25	44	26	49	22	16	5	46	11	11	32	43	29	28	10	19	56	41	38	48	42	2	51	24	38	24	
24	27	35	16	9	50	53	33	34	15	46	36	45	56	30	15	29	56	43	41	13	25	54	37	4	33	29	38	46	5	59	8	21	24	11	27	12	2	49	28	3	33	60	38	18	24	55	33	9	19	6	9	40	56	52	26	19	1	1	54	
56	57	51	7	18	60	23	19	51	9	44	1	31	32	18	37	42	2	8	42	5	3	41	35	48	13	8	14	5	57	49	44	44	36	38	51	32	58	7	13	56	47	54	39	6	10	59	52	12	11	20	22	59	55	30	40	54	29	35	43	
12	20	21	45	49	57	34	10	42	38	23	35	7	10	58	3	9	49	37	7	40	42	12	36	32	29	9	15	44	30	53	45	47	2	28	26	6	59	31	33	39	38	13	30	43	52	33	42	27	56	41	3	35	37	24	56	55	22	9	28	
57	51	5	31	50	20	55	41	11	8	3	34	38	58	50	14	46	9	41	12	1	17	3	26	43	24	22	29	47	17	46	24	5	48	51	52	54	41	22	10	32	15	19	60	9	18	60	44	4	49	44	2	52	45	17	27	57	31	53	30	
41	33	50	40	12	30	16	58	49	32	55	14	43	3	11	45	59	60	19	60	36	1	48	17	49	6	39	27	13	28	55	47	51	42	6	53	7	20	39	48	46	23	3	13	24	52	56	20	52	21	14	35	4	54	2	31	29	5	9	37	
29	47	10	8	19	14	47	20	23	23	56	5	48	45	15	50	33	1	6	22	15	4	34	51	42	17	26	16	60	13	36	17	53	34	12	4	37	3	18	9	9	4	50	49	36	21	20	6	51	24	15	42	16	35	29	57	27	46	52	9	
59	17	17	30	48	25	31	14	14	33	8	18	24	57	50	57	49	5	1	34	23	7	4	24	37	30	9	47	12	56	53	60	2	16	26	40	21	42	52	29	15	2	35	38	46	20	19	23	8	16	47	20	11	47	36	36	22	34	20	39	
34	15	58	27	6	18	56	24	49	48	51	49	53	14	16	17	26	33	25	29	31	8	36	30	3	14	4	19	35	21	7	52	38	2	9	25	11	60	46	47	31	32	25	4	37	24	22	1	54	20	28	12	30	50	34	10	38	44	59	21	
45	58	55	56	45	59	18	44	54	53	20	11	11	42	4	51	2	59	31	38	16	32	37	41	15	19	35	43	28	29	50	3	11	30	57	5	14	4	26	8	53	42	1	6	13	60	23	4	47	42	33	48	17	7	25	21	13	52	56	15	
