57	5	12	3	13	5	60	25	14	14	48	52	21	40	45	5	30	30	29	25	46	30	53	28	37	17	45	11	18	18	15	18	1	56	13	16	50	2	35	2	19	12	43	23	49	25	26	17	54	43	31	27	10	13	55	44	27	32	44	42	
34	49	49	32	34	51	34	22	50	59	13	52	8	53	12	47	15	35	54	57	7	14	22	16	23	4	48	40	20	29	11	52	7	58	17	39	38	36	58	26	33	60	7	30	50	18	19	55	41	5	49	44	14	1	48	27	56	37	6	10	
51	12	52	56	7	53	24	43	27	19	58	57	8	2	23	55	8	26	46	46	20	24	21	31	13	4	59	3	26	60	11	9	4	51	54	54	42	13	34	6	21	22	1	28	14	4	10	18	19	11	5	36	15	16	17	17	25	48	18	29	
33	18	14	27	6	3	18	37	5	41	32	23	51	13	38	53	14	45	60	22	36	50	55	40	48	49	54	40	25	1	52	55	16	59	12	15	52	19	46	54	56	16	17	38	20	42	28	29	26	25	57	50	4	33	21	43	18	2	11	41	
1	56	25	6	45	34	15	34	43	51	25	30	56	29	5	11	9	23	29	24	45	7	10	39	36	26	18	52	25	27	22	16	12	44	19	54	8	31	17	48	13	40	15	4	58	9	14	56	32	33	16	20	34	28	40	21	38	47	48	60	
2	59	13	11	33	21	54	38	41	8	15	50	37	19	51	32	25	53	26	44	22	30	45	43	50	14	48	27	58	25	16	49	22	17	58	52	34	49	20	13	47	23	60	21	39	40	42	1	22	56	35	46	24	18	28	2	29	57	31	6	
12	27	53	31	41	48	12	13	26	20	14	2	40	3	12	16	41	51	6	60	36	38	29	48	43	39	47	60	28	52	3	34	17	53	4	47	30	5	56	46	20	1	45	57	60	49	2	42	33	6	32	1	44	46	50	22	22	15	18	45	
4	11	16	18	53	8	2	13	9	48	56	18	38	30	6	34	7	4	3	31	10	19	21	45	2	57	55	14	8	12	58	2	13	1	15	5	58	17	3	59	46	56	20	20	21	12	43	19	22	42	39	23	58	60	51	50	52	44	1	49	
44	46	47	44	36	54	34	32	52	35	25	27	20	25	37	33	34	8	42	37	40	18	43	29	5	24	14	53	57	12	30	31	47	7	11	21	51	42	50	31	15	4	47	38	26	22	55	49	17	25	23	54	41	56	19	35	28	30	39	12	
32	44	38	8	48	38	26	35	17	13	55	21	6	39	50	29	49	33	16	3	56	28	54	26	22	10	58	27	30	20	35	51	53	2	56	40	29	23	4	45	22	57	5	26	24	41	44	11	11	59	10	7	23	9	27	34	1	25	58	31	
31	30	8	22	22	1	50	48	10	42	21	30	27	12	45	49	50	28	56	51	13	3	44	33	53	9	55	43	20	54	60	41	10	5	2	29	57	39	6	3	11	17	22	35	26	4	15	6	20	7	55	32	58	35	52	40	33	45	23	59	
32	19	29	39	14	18	57	6	46	52	6	53	6	20	17	30	21	19	25	28	14	16	47	1	40	36	41	12	10	49	51	31	56	9	59	6	22	53	2	54	34	5	33	42	23	48	57	31	56	24	46	8	32	35	6	3	4	34	7	3	
20	41	31	14	47	27	9	52	9	10	40	42	2	11	15	11	48	1	28	41	17	11	38	38	39	42	37	32	13	35	24	33	14	53	34	50	8	43	40	16	37	12	51	28	18	56	36	54	55	2	25	1	3	60	44	38	45	19	59	46	
35	20	2	38	1	33	17	6	3	46	17	29	53	58	54	59	51	20	43	34	19	5	32	10	2	60	46	31	57	36	10	30	52	9	56	50	37	11	55	22	57	60	40	39	55	44	33	41	41	13	4	49	7	21	6	8	15	31	26	10	
3	25	28	44	23	22	23	45	22	6	4	5	4	41	39	48	1	9	13	31	11	9	17	15	18	12	10	31	40	34	31	39	57	47	12	14	6	33	49	17	36	42	20	37	16	56	20	1	56	25	30	2	23	46	14	38	52	21	58	24	
52	25	49	38	10	59	36	5	29	22	12	2	1	29	30	1	14	33	2	6	55	26	4	7	8	7	34	50	25	31	7	11	44	46	35	43	45	7	38	60	18	47	53	8	9	13	16	17	39	3	10	24	27	3	32	23	19	59	15	21	
18	58	25	59	41	49	32	20	44	7	9	54	52	60	57	45	4	55	50	41	53	57	56	8	57	19	21	53	6	20	12	21	15	26	9	1	3	38	3	47	42	10	34	22	57	23	56	2	10	43	28	52	37	24	58	25	26	11	5	29	
25	14	39	29	30	45	12	29	13	13	11	44	12	34	4	58	52	49	53	59	30	15	49	56	27	36	9	51	41	16	8	3	22	36	31	40	18	39	7	20	41	19	2	42	40	55	37	20	42	19	17	10	27	5	54	43	32	60	30	23	
8	27	57	20	60	16	57	9	44	53	25	14	50	16	55	26	8	19	43	47	27	48	46	52	40	35	32	4	24	52	7	30	10	53	49	6	6	34	3	47	17	25	58	5	39	43	26	36	59	1	20	13	38	54	2	12	18	23	21	40	
4	10	59	10	2	43	5	56	6	9	33	18	19	28	18	50	57	33	21	43	23	30	58	53	14	52	2	29	4	7	58	60	4	54	57	55	26	59	47	30	53	16	36	1	34	43	46	28	8	56	11	23	25	58	12	34	39	57	3	32	
59	47	27	53	30	23	44	53	11	20	10	51	33	35	52	56	16	25	22	19	10	20	31	30	5	28	57	41	20	37	13	8	14	29	58	37	39	40	27	49	60	27	24	19	1	3	12	4	18	26	15	34	29	42	44	32	4	36	1	17	
58	8	18	5	24	14	40	59	42	56	32	28	12	45	36	9	46	37	10	60	57	20	15	22	50	55	42	44	19	40	53	13	37	60	16	2	3	47	48	35	30	11	60	41	50	33	38	25	7	37	20	52	49	26	3	39	21	43	17	33	
19	47	44	45	45	50	41	37	23	17	16	42	22	6	11	2	28	46	24	25	21	36	13	4	59	5	27	14	47	30	37	52	7	18	35	48	56	5	14	8	20	21	49	31	29	56	32	42	40	51	55	53	9	6	43	6	10	59	12	52	
17	43	23	20	50	55	57	36	50	11	40	59	27	25	19	32	18	39	11	46	20	4	25	26	59	58	21	56	53	20	27	1	60	48	20	40	32	3	12	19	9	51	7	25	5	24	55	21	60	57	54	9	52	8	32	37	2	49	30	44	
60	46	41	57	31	47	27	1	48	28	17	46	7	14	8	10	27	52	18	24	37	7	30	14	6	51	49	4	32	9	38	28	50	16	15	11	52	42	9	36	55	7	19	59	10	20	4	34	58	17	56	33	14	15	45	16	3	21	13	23	
25	45	49	4	49	53	13	38	20	10	5	13	15	12	9	22	19	3	54	14	12	39	35	17	42	8	17	34	26	24	46	40	57	25	43	36	16	43	11	24	51	6	34	55	27	32	6	30	24	58	40	31	28	5	41	56	10	59	27	37	
9	2	11	2	25	42	35	39	15	36	56	55	37	21	39	40	41	42	7	2	29	36	33	51	38	60	43	46	52	52	10	49	54	9	44	12	41	6	37	53	38	30	47	4	45	13	48	17	57	49	16	18	11	50	58	47	34	31	22	14	
12	28	60	1	34	37	10	12	39	44	54	6	4	31	13	40	32	47	55	20	22	59	27	30	33	23	6	2	43	25	13	53	42	3	43	17	29	50	15	5	24	7	1	26	24	8	56	52	42	38	1	57	35	25	14	58	37	16	54	11	
30	57	60	10	48	32	13	14	19	25	9	33	21	7	46	35	2	37	27	33	3	14	23	34	36	29	20	11	37	1	17	57	47	59	5	25	28	6	36	44	28	38	6	40	31	49	11	21	16	24	51	16	39	4	39	60	26	46	1	53	
37	7	45	13	3	38	39	28	41	1	2	59	32	5	35	60	51	36	10	4	48	6	10	20	51	38	11	8	14	10	54	50	9	30	52	18	4	24	21	34	22	12	31	42	15	57	33	56	19	40	49	12	27	47	16	15	23	26	18	27	
15	1	3	15	26	50	16	19	12	27	43	20	36	2	53	40	47	21	30	1	49	9	2	4	46	6	17	6	11	24	23	23	18	21	37	37	10	41	46	13	5	28	17	32	17	7	8	60	16	29	59	53	31	50	56	14	42	1	24	51	
22	23	11	33	41	44	59	47	15	34	44	9	49	1	37	4	54	42	1	2	60	49	50	25	28	33	35	10	31	38	56	43	47	6	4	26	38	53	5	42	27	35	48	11	30	23	13	13	3	2	12	55	51	52	14	15	18	39	11	41	
59	4	10	46	58	12	59	33	2	50	6	15	22	49	24	41	9	27	44	53	16	42	42	54	27	45	5	35	17	14	3	6	8	11	47	7	13	35	25	18	22	26	15	34	12	28	3	19	51	48	52	54	29	31	57	40	20	40	9	22	
42	4	24	47	4	59	38	12	25	60	12	34	14	24	7	15	50	56	15	26	30	4	18	43	35	51	22	35	29	14	44	10	7	57	51	8	52	27	10	9	16	20	37	33	32	31	40	9	23	52	36	54	53	39	29	17	28	41	40	55	
49	21	49	48	15	39	51	57	54	50	59	59	9	32	23	36	56	52	45	7	33	8	52	18	34	11	20	55	38	58	31	17	19	18	60	20	45	44	13	36	28	8	25	23	35	44	50	14	26	22	17	1	12	59	4	41	5	19	29	26	
5	48	32	10	8	29	27	46	59	30	18	16	35	31	40	52	5	22	2	21	37	10	5	38	56	56	19	44	7	34	1	6	19	31	14	20	58	30	54	50	57	55	57	24	14	34	11	9	43	4	26	7	60	20	43	2	13	3	27	6	
20	24	9	36	51	12	45	36	40	29	17	35	12	15	53	23	31	54	32	8	58	43	14	51	52	46	38	5	39	59	5	48	20	4	21	60	17	56	25	42	25	39	10	23	41	1	44	7	39	2	4	30	34	14	11	23	57	34	16	28	
23	9	9	34	2	20	21	15	5	45	44	16	24	47	41	49	33	8	57	9	8	54	29	32	58	29	42	43	60	54	5	12	53	10	41	53	12	51	59	14	32	36	27	43	20	2	28	46	6	18	50	2	1	17	22	4	41	7	37	30	
52	31	40	34	32	9	23	33	58	15	44	36	40	4	6	57	58	24	29	54	38	15	48	29	19	2	14	49	52	50	16	35	11	45	6	29	53	24	60	46	37	40	3	13	42	58	1	26	19	27	8	47	30	42	18	46	33	24	34	22	
6	37	52	7	19	53	33	8	7	31	45	40	58	43	44	27	39	32	41	55	47	46	34	14	17	40	50	42	1	11	59	51	48	41	57	3	23	18	58	28	35	49	57	25	19	38	46	51	60	16	31	56	51	2	45	5	27	52	36	20	
38	23	6	19	53	52	9	16	7	4	30	37	40	24	57	51	50	34	24	45	45	44	24	27	39	59	21	9	18	46	10	54	57	13	2	41	1	8	53	3	2	10	29	31	33	17	18	19	47	29	10	20	11	22	48	46	12	53	40	18	
35	39	1	21	52	60	58	39	57	38	31	48	46	58	16	15	11	29	23	45	50	14	3	54	20	34	30	19	27	58	35	55	36	32	7	21	24	54	49	10	30	18	56	6	5	9	9	13	25	37	47	14	41	40	53	49	17	22	8	33	
16	28	17	47	54	13	57	60	5	47	5	24	51	48	26	1	44	32	58	5	51	40	57	21	15	48	6	23	5	2	44	14	26	8	55	9	1	45	10	3	29	57	28	2	36	39	52	7	11	44	3	55	22	57	20	25	35	8	38	36	
7	22	36	30	6	24	25	4	60	14	57	10	3	9	9	28	45	58	27	42	32	27	34	44	13	37	5	47	46	33	18	45	49	42	8	42	59	15	43	51	26	39	50	16	42	52	36	20	32	6	55	5	40	19	33	35	52	29	41	34	
56	14	58	32	55	49	11	42	1	43	18	17	8	8	21	39	43	57	52	4	54	44	59	7	60	27	31	40	44	36	2	36	40	49	3	22	24	4	2	23	44	24	28	45	10	46	25	48	30	9	41	12	47	34	13	28	50	36	14	28	
1	55	53	35	37	46	49	52	45	48	3	13	56	28	58	60	5	58	38	32	2	17	36	41	38	40	55	24	12	4	42	2	43	24	29	9	60	16	51	28	53	51	39	45	8	20	34	9	15	8	33	6	13	7	34	48	35	18	10	47	
13	33	30	44	56	46	43	44	59	32	8	42	18	36	24	24	53	48	22	58	53	41	53	55	31	16	45	3	34	40	28	37	10	12	15	57	37	59	32	25	21	46	4	47	2	19	43	50	3	10	31	51	42	21	38	1	27	8	54	54	
37	26	17	37	1	25	26	27	8	47	41	19	14	44	47	13	50	18	59	42	14	23	24	41	45	51	39	57	56	29	40	30	38	55	9	28	5	18	52	8	3	29	24	7	1	10	17	43	31	12	21	30	20	32	60	50	22	42	46	15	
54	13	26	28	57	19	52	57	34	33	2	31	48	23	29	46	20	42	15	35	40	32	58	49	1	56	37	16	20	17	6	4	10	37	27	2	47	7	58	11	27	50	38	12	22	49	51	25	21	60	53	59	29	41	36	24	24	10	19	39	
8	29	33	16	49	57	15	23	54	2	28	18	47	48	20	43	34	4	5	51	6	47	39	20	21	11	36	37	15	44	7	7	55	37	22	35	24	25	53	12	31	10	14	58	55	30	38	24	24	41	7	17	13	34	26	23	40	49	49	41	
24	46	37	14	12	55	46	34	16	27	29	22	27	42	8	19	60	35	31	13	59	33	25	5	54	47	16	26	24	3	55	43	45	35	54	56	21	28	18	19	48	41	29	9	6	36	23	57	1	41	7	53	2	27	46	52	8	4	20	38	
53	60	4	25	27	56	9	40	3	16	52	37	54	18	42	51	43	44	43	38	20	37	28	11	60	7	1	58	2	56	14	45	51	9	10	13	44	9	46	39	14	31	12	52	46	44	35	21	24	8	6	41	38	23	33	27	30	22	19	4	
7	32	34	55	20	26	1	2	18	33	36	25	57	36	10	37	17	31	47	29	35	32	51	9	41	20	33	39	31	45	33	38	56	14	28	14	19	23	8	40	49	30	42	44	3	50	4	12	8	46	28	43	16	16	59	53	34	5	48	4	
36	33	35	27	38	52	42	42	4	40	3	47	7	46	22	60	27	15	7	30	53	24	60	52	44	41	23	1	33	26	57	54	58	16	18	19	6	55	47	2	23	48	41	20	27	53	9	45	5	5	13	47	43	3	36	7	31	48	51	37	
10	42	28	43	54	58	57	49	27	54	46	39	26	15	48	44	56	59	33	50	1	24	37	23	15	53	10	30	37	5	4	27	41	21	7	24	2	1	9	19	32	34	55	47	38	40	29	29	35	47	14	22	59	36	40	3	51	56	25	57	
30	15	19	9	35	7	14	26	21	1	42	27	30	27	3	3	55	27	34	15	4	29	29	57	2	1	52	7	36	3	43	59	15	50	53	45	47	58	7	56	52	54	58	17	60	5	11	6	15	31	1	11	46	20	8	33	10	38	36	48	
39	8	42	41	48	10	23	50	59	37	4	43	2	16	49	3	58	60	36	1	17	31	5	52	47	50	24	54	21	48	18	44	59	42	23	38	40	32	19	36	4	2	15	48	7	60	45	53	52	8	34	53	26	29	43	6	9	2	55	11	
46	3	42	40	39	59	4	7	30	5	47	26	55	43	56	40	35	25	14	17	24	36	8	42	60	48	43	59	38	28	9	14	21	38	39	49	24	52	51	43	31	27	55	15	11	37	50	22	59	19	44	25	33	32	1	23	16	34	32	45	
43	1	48	52	34	28	28	58	53	9	35	13	23	22	23	8	53	10	27	49	59	60	48	36	24	38	44	27	54	47	1	26	45	51	13	17	7	32	16	55	39	37	59	46	43	21	57	33	27	15	4	19	4	6	34	29	21	14	39	5	
11	34	20	39	16	30	47	10	45	55	49	4	16	50	59	5	3	38	19	9	31	21	12	32	7	40	46	17	42	12	25	39	2	27	5	44	41	48	40	13	43	16	18	42	56	60	27	35	15	45	37	44	54	51	5	57	14	53	52	52	
