8	2	36	48	1	37	12	58	12	55	10	28	10	29	35	6	16	1	41	7	57	40	55	13	45	26	32	44	18	51	34	30	51	15	59	11	41	9	59	52	60	6	14	59	33	32	3	38	31	33	39	17	11	27	28	53	42	49	34	4	
30	57	17	10	1	13	11	39	12	7	19	59	14	16	56	32	46	48	7	15	18	30	28	18	54	45	8	25	24	31	19	51	20	25	58	15	27	6	44	34	2	60	23	21	22	9	31	49	53	29	52	60	55	26	33	38	52	35	1	36	
34	17	53	40	31	40	54	56	44	26	19	35	15	39	42	18	44	3	4	26	28	55	16	20	60	21	56	41	31	57	43	54	59	33	32	22	10	14	13	43	37	29	16	49	58	47	5	31	48	58	1	6	49	8	22	46	27	7	24	46	
57	56	30	46	26	59	3	25	2	5	6	28	23	11	14	18	47	8	39	32	4	23	27	42	28	44	17	43	48	30	18	35	23	37	10	46	33	2	9	24	4	7	49	24	12	53	32	50	58	60	9	51	20	31	22	37	13	36	9	45	
3	24	14	23	59	13	58	21	12	56	43	13	48	21	27	49	11	48	26	59	45	32	39	2	52	59	36	54	32	42	34	25	55	37	37	44	48	33	54	50	18	26	60	4	44	16	41	53	53	5	46	27	28	17	18	15	13	51	6	35	
22	37	57	6	4	31	47	49	53	30	35	8	53	24	1	34	29	39	16	11	33	54	35	55	9	50	7	11	32	3	44	41	37	38	45	30	58	21	10	40	48	42	38	43	56	36	1	13	5	7	23	26	58	46	19	59	51	23	12	53	
15	45	31	50	12	13	9	59	31	16	36	8	46	11	37	28	36	34	38	38	30	49	53	17	32	9	11	55	22	5	44	39	40	5	13	41	15	20	36	42	24	2	43	6	10	14	33	44	37	1	11	56	47	1	18	6	60	19	49	21	
12	23	42	41	25	53	10	29	3	44	2	24	43	33	18	42	36	38	15	4	34	23	55	8	14	5	3	6	10	45	19	11	2	50	41	16	32	49	46	31	22	42	47	2	13	58	41	37	35	54	40	57	6	28	55	9	27	56	17	26	
34	18	27	25	5	57	38	26	43	18	55	2	49	27	53	58	15	24	32	38	7	6	32	3	22	24	9	38	10	7	54	32	14	19	47	8	12	22	31	45	29	16	36	17	40	27	4	44	41	23	19	44	21	42	46	37	11	41	13	60	
38	3	29	49	10	13	55	11	25	22	45	51	35	19	56	4	35	56	45	12	16	1	54	30	38	27	5	31	57	6	18	32	57	39	9	4	40	60	4	2	11	47	42	43	7	37	36	28	27	13	41	32	8	18	60	43	40	14	54	33	
55	10	45	49	44	51	42	20	40	43	11	49	19	50	21	11	14	55	35	30	2	8	60	60	15	57	25	45	47	8	7	31	16	50	17	48	30	52	58	8	28	58	54	37	37	12	45	56	59	10	9	53	7	4	1	20	3	5	18	26	
4	6	54	9	45	60	46	5	45	33	10	3	28	53	37	55	56	11	39	40	18	36	25	15	37	59	32	17	55	23	40	48	18	24	54	57	21	30	55	7	1	58	4	19	44	38	10	27	38	39	4	47	12	18	2	41	14	19	51	8	
39	21	36	54	42	27	44	52	46	28	53	44	20	54	59	52	22	5	9	57	40	2	32	40	18	27	15	23	43	55	10	11	13	42	3	44	60	36	34	42	4	24	25	10	8	11	59	19	6	7	12	35	5	33	12	14	57	26	30	29	
17	36	37	19	7	29	1	3	54	32	42	52	45	55	60	43	54	49	58	56	50	59	28	44	30	38	53	16	51	13	35	57	46	2	14	4	27	12	43	10	33	22	60	8	5	48	47	56	34	42	6	13	31	9	11	49	39	29	15	14	
39	27	9	14	25	20	54	42	21	34	49	43	45	38	47	47	17	31	32	46	2	11	48	30	7	24	16	30	50	8	33	26	24	32	29	47	51	21	18	58	44	56	39	27	35	15	3	45	43	25	20	36	25	59	2	22	19	10	48	6	
5	10	21	26	39	47	2	16	57	17	12	39	11	39	55	33	43	47	14	24	9	23	48	31	18	48	49	34	43	27	29	45	28	39	1	3	25	4	15	10	19	16	46	18	45	30	44	32	20	50	38	13	59	35	42	15	6	20	40	41	
36	5	14	59	41	12	50	54	2	2	2	6	8	37	18	51	5	52	12	9	27	48	19	23	1	50	28	57	60	3	26	33	57	29	21	27	31	8	11	30	59	3	33	7	38	40	43	30	22	53	36	39	30	45	56	20	32	13	13	34	
13	28	51	59	55	9	15	23	6	23	44	3	22	4	57	48	41	37	7	50	19	33	23	38	15	8	54	36	18	58	3	20	24	43	8	10	50	25	18	46	34	59	40	45	50	31	30	29	57	26	11	13	56	27	49	60	25	32	35	39	
25	26	50	37	6	47	40	45	57	48	28	29	42	2	10	30	22	32	47	16	52	44	31	46	8	3	43	22	33	6	53	46	34	31	20	35	15	58	17	10	36	32	27	14	39	34	38	43	60	10	57	49	51	12	24	48	18	5	4	34	
60	49	17	27	9	35	57	21	22	1	20	54	31	44	57	52	7	20	33	4	21	18	43	59	28	4	44	38	58	34	9	56	19	16	20	25	47	6	36	3	56	45	41	16	28	39	57	23	46	24	25	2	34	5	57	6	8	30	26	48	
1	32	33	9	37	40	24	13	35	57	9	28	39	39	43	55	12	36	16	47	52	30	44	16	17	30	14	3	50	38	46	40	58	6	48	31	43	7	42	15	53	40	45	22	16	18	19	18	49	19	2	19	41	35	34	51	54	33	52	41	
6	27	18	53	31	2	21	11	58	52	16	50	21	46	8	27	47	12	42	13	29	32	30	55	4	51	44	56	14	25	34	9	41	42	60	9	43	9	19	28	50	15	14	10	59	11	34	47	23	11	45	37	33	20	29	31	50	3	12	54	
16	35	58	55	14	53	53	44	51	52	13	39	4	21	37	59	23	59	30	39	60	12	13	22	12	31	46	51	25	55	41	36	28	28	20	32	11	15	13	1	3	20	29	54	30	56	42	49	50	2	17	38	3	19	52	12	48	33	57	5	
17	22	33	34	47	43	3	55	43	13	51	32	22	7	23	41	57	4	28	35	2	37	10	5	53	48	3	29	18	44	25	25	6	48	49	48	30	48	40	7	50	20	38	1	24	49	45	11	49	58	42	40	36	41	31	16	27	27	41	46	
7	55	48	6	40	34	43	4	11	21	1	51	30	27	49	44	13	18	51	60	12	31	29	38	2	58	43	26	19	22	49	14	6	35	15	45	57	56	37	6	6	36	54	33	59	32	14	3	52	55	50	59	23	24	24	17	5	5	38	16	
16	14	21	20	45	33	60	40	18	26	37	21	58	26	44	46	47	47	44	25	39	32	22	51	38	32	2	39	34	27	48	42	43	5	48	12	28	45	41	35	6	13	50	55	29	27	31	13	3	4	34	52	32	49	15	59	7	11	35	30	
27	12	4	56	8	49	56	31	23	35	4	20	45	47	4	10	3	31	13	55	31	38	24	53	7	34	49	9	34	14	33	52	15	26	42	18	12	37	39	24	7	32	41	41	16	34	40	17	2	50	54	22	19	14	5	21	37	43	25	11	
46	47	48	58	10	28	13	11	52	49	32	48	18	2	19	23	33	57	20	32	35	10	43	50	16	45	4	51	26	17	45	8	53	22	55	60	54	5	8	29	44	37	6	51	36	21	4	59	14	27	27	40	20	1	22	30	43	15	6	56	
21	40	55	12	60	45	1	35	39	59	52	20	25	56	9	51	6	10	46	17	20	11	47	38	3	7	57	39	8	53	24	27	22	14	28	18	48	26	43	32	23	31	42	50	16	41	37	19	42	16	29	56	18	11	30	13	1	10	44	6	
60	54	30	21	5	55	26	42	13	57	4	30	17	35	4	31	4	40	38	41	40	53	33	45	49	46	48	47	45	28	51	34	18	10	42	14	55	8	52	3	56	45	22	5	9	24	25	12	47	57	39	16	42	1	59	29	36	44	7	18	
59	53	49	14	54	28	16	46	22	58	37	10	39	57	5	37	9	19	44	46	8	20	51	48	10	47	6	44	21	8	60	9	52	38	12	33	55	25	7	17	19	41	14	56	26	8	22	25	24	54	3	30	3	50	7	11	25	2	52	42	
59	41	48	39	15	50	9	8	14	18	17	21	44	15	58	59	21	16	21	42	59	18	1	60	55	5	10	19	56	49	49	53	26	27	29	34	13	28	36	23	30	38	33	11	49	29	59	7	32	20	39	31	24	37	35	16	40	23	36	25	
9	9	7	24	32	26	52	43	51	19	3	11	51	25	10	35	49	6	27	19	13	4	45	33	29	60	39	58	12	59	14	10	5	9	31	34	34	21	16	12	38	6	20	16	30	22	46	15	22	8	28	24	1	57	54	18	55	23	3	2	
18	4	2	12	11	30	44	41	48	47	40	13	50	49	20	60	5	58	4	19	45	24	37	40	21	21	45	1	40	46	53	54	47	52	57	55	22	31	23	59	15	53	59	51	38	17	44	42	7	46	56	3	7	25	13	15	38	56	14	16	
38	7	53	15	53	47	59	2	15	20	49	19	7	45	3	35	58	36	5	1	22	47	36	18	5	39	28	40	35	38	49	59	42	35	11	22	14	58	21	24	8	59	32	9	43	24	48	36	57	37	20	23	25	46	26	24	22	46	54	51	
19	33	39	48	58	48	7	7	34	17	21	36	16	49	38	53	10	9	18	56	37	27	59	54	11	15	12	29	1	52	13	5	17	46	50	20	22	55	14	56	60	35	27	23	17	60	57	22	54	3	4	28	25	2	11	32	24	13	8	56	
54	57	59	7	40	46	13	53	28	23	43	17	44	60	18	50	56	13	55	48	58	54	4	12	49	14	41	49	15	21	33	1	16	30	2	45	3	4	35	19	20	6	34	16	11	49	51	48	47	31	24	33	22	29	43	8	27	18	56	32	
31	16	27	44	34	18	19	25	20	42	38	37	47	5	24	38	45	59	23	18	32	46	49	47	58	28	44	15	38	26	50	59	25	59	40	56	17	48	10	27	28	43	54	12	35	6	39	21	54	58	30	19	35	9	55	18	29	28	33	54	
45	3	52	7	51	19	52	6	5	51	23	30	32	6	30	2	2	7	7	53	52	28	9	14	33	53	27	48	20	47	39	55	49	18	49	29	35	30	38	37	21	39	56	45	41	15	50	34	17	42	24	58	57	36	7	25	15	31	10	22	
15	34	11	51	48	49	17	20	16	36	46	33	1	31	6	33	44	32	8	58	3	17	52	56	29	49	12	32	17	7	50	21	28	53	4	13	37	10	23	43	36	5	9	26	27	59	56	14	29	49	55	20	56	47	23	22	22	15	60	35	
10	31	45	35	11	44	39	37	40	60	17	14	53	10	29	9	8	23	14	26	1	5	42	54	40	52	13	55	54	54	20	57	21	2	30	22	36	57	59	13	45	3	16	34	11	43	49	15	55	46	29	4	48	8	38	12	51	41	11	47	
23	21	24	34	13	43	48	45	37	40	56	18	32	8	42	42	39	12	45	31	45	14	21	28	8	54	29	50	36	32	15	58	44	41	14	43	9	57	25	38	26	10	51	56	6	22	27	46	23	59	16	5	58	30	22	3	12	48	47	32	
9	52	12	42	18	24	20	17	10	43	48	26	41	28	22	45	47	33	25	7	31	33	11	17	51	28	19	60	6	47	23	12	29	31	53	43	44	59	48	54	38	34	15	13	1	35	51	36	56	13	43	12	46	39	27	23	4	37	16	3	
20	31	8	42	2	46	14	41	42	3	30	9	23	34	15	11	54	3	48	37	17	22	38	47	59	53	5	52	22	16	48	28	43	45	5	36	21	13	12	60	10	30	58	11	55	11	21	45	4	6	11	7	12	51	48	1	28	50	48	49	
47	25	5	28	59	1	49	18	60	49	14	49	21	2	50	7	10	15	42	2	57	42	5	6	18	43	55	45	23	40	30	12	54	22	24	42	20	9	57	10	58	4	48	3	59	34	59	8	30	32	10	27	9	52	29	26	33	11	19	52	
40	21	56	23	43	9	4	50	7	6	49	53	54	36	42	47	59	28	49	24	55	25	46	51	19	54	18	44	2	3	27	40	23	11	8	51	16	1	22	9	46	12	47	30	31	26	10	33	10	37	44	34	60	21	22	5	4	24	45	13	
15	60	33	29	16	22	5	7	12	24	15	55	21	54	25	41	18	21	4	51	56	40	23	49	50	33	46	53	44	20	45	59	18	17	11	19	26	5	27	35	31	20	28	29	3	39	8	10	58	9	49	43	30	59	32	9	34	60	58	3	
24	38	60	24	36	56	37	60	59	47	25	7	5	41	33	8	18	30	3	5	42	50	45	57	46	7	58	4	56	43	6	13	9	50	34	36	45	2	25	39	47	40	35	44	17	10	29	32	51	48	49	51	11	14	53	52	16	28	55	12	
5	39	5	5	25	32	30	57	24	45	26	53	27	50	28	27	48	51	57	8	10	20	56	15	31	20	55	33	46	28	22	38	55	21	35	9	39	53	4	49	33	19	39	47	58	54	60	41	42	55	46	42	3	31	58	18	50	37	37	21	
56	58	1	47	17	17	6	35	8	47	22	31	3	59	9	5	49	14	29	20	49	7	2	41	31	42	60	9	9	30	27	4	12	13	36	8	38	19	40	33	11	58	52	55	45	46	43	35	15	10	48	27	16	32	57	39	7	53	35	23	
9	59	53	11	2	36	15	19	43	53	38	44	40	23	31	22	20	8	43	44	14	21	60	24	47	54	50	46	35	29	52	33	60	35	33	54	51	51	6	32	27	39	5	15	53	42	26	48	36	12	21	55	13	18	3	57	2	34	32	28	
41	12	3	36	38	21	25	27	1	29	54	17	52	48	18	56	15	35	18	43	31	39	17	41	44	2	28	59	30	55	8	6	56	55	32	37	7	53	51	57	10	46	11	58	14	18	28	16	9	35	53	6	4	60	36	45	57	12	23	24	
48	19	20	30	8	52	57	12	31	37	7	34	1	9	26	9	24	43	22	6	11	5	3	10	1	35	47	55	27	60	9	2	32	23	38	19	4	16	21	25	49	17	52	39	21	8	36	40	47	51	36	45	49	41	50	39	58	30	42	20	
25	30	16	29	46	40	45	38	50	55	59	27	9	49	54	20	53	26	50	33	11	17	11	52	39	55	26	35	14	48	56	28	31	57	54	49	26	29	24	14	13	19	37	20	60	12	32	48	36	8	15	36	34	15	21	58	10	40	21	19	
26	2	28	31	56	23	9	22	37	25	22	47	38	42	56	36	51	14	10	16	24	13	41	30	27	52	20	21	29	36	32	37	35	45	52	30	53	57	33	19	16	48	55	46	18	44	6	58	1	14	19	8	15	54	29	40	31	45	49	50	
11	1	21	43	30	9	51	12	56	15	24	1	55	12	41	7	50	42	6	34	42	3	30	58	42	9	18	10	29	54	54	40	38	4	4	5	3	17	6	8	2	23	54	48	33	25	48	18	55	49	33	27	44	1	14	19	46	16	26	20	
58	17	38	34	19	39	28	14	24	41	4	16	44	51	56	12	60	33	17	44	15	43	8	1	36	6	21	20	11	24	31	7	26	54	46	40	29	47	45	48	25	35	53	50	23	32	55	16	13	58	59	9	34	56	47	10	51	42	22	59	
2	29	6	22	18	14	53	36	4	27	8	5	57	43	51	13	12	41	19	4	38	6	58	60	10	32	59	38	16	2	28	57	30	19	18	34	39	58	60	19	32	9	21	20	46	1	17	52	33	34	38	11	37	40	48	14	23	34	50	7	
25	15	54	45	22	59	18	50	47	60	58	55	60	16	7	32	19	10	21	36	39	41	22	4	8	1	7	2	22	56	55	46	8	40	15	24	27	23	4	11	13	14	2	25	4	57	31	5	4	33	31	33	17	43	25	27	44	29	3	59	
14	48	34	14	20	54	29	47	9	31	38	60	10	30	59	3	25	27	59	17	5	35	40	7	6	56	22	37	13	4	24	23	48	49	26	1	24	50	28	12	17	55	8	7	32	2	11	35	16	15	42	18	38	10	36	33	1	21	43	11	
