58	53	59	34	60	10	59	16	46	10	9	43	47	30	16	55	9	23	20	12	24	59	27	25	45	35	41	46	29	2	7	11	12	1	16	17	7	5	22	43	4	21	15	49	48	28	41	50	41	51	47	54	46	3	8	21	36	46	6	54	
45	1	55	47	58	8	2	55	3	13	27	4	31	39	42	16	57	20	51	27	59	35	10	43	36	16	5	6	51	54	52	34	53	44	11	40	46	60	32	41	10	48	34	38	16	14	49	7	22	23	18	19	56	26	51	21	33	50	24	25	
24	8	42	14	42	49	51	21	47	12	59	46	49	23	22	2	33	54	2	53	15	17	1	60	32	41	18	60	19	34	9	40	31	48	43	10	27	23	28	11	35	17	55	18	37	5	10	3	49	4	41	6	15	39	58	37	13	5	36	25	
28	40	55	56	18	27	4	42	48	21	50	9	35	33	17	1	28	24	52	14	22	28	5	26	57	51	60	3	45	24	19	10	53	2	3	8	26	58	47	11	15	29	20	39	49	32	30	6	46	17	11	56	43	10	23	31	50	12	34	36	
22	36	31	12	35	31	18	58	25	54	7	29	18	14	5	4	37	32	7	17	38	13	10	10	12	19	35	51	16	53	12	39	26	40	45	58	8	60	55	23	43	50	48	58	1	43	52	33	12	47	41	42	49	46	47	59	56	19	44	7	
10	47	39	25	24	21	21	22	10	4	41	51	52	19	38	49	59	27	11	60	11	48	37	58	23	13	45	12	30	13	16	29	57	53	43	14	3	1	30	15	2	60	54	42	16	26	28	4	50	28	5	51	17	28	40	31	43	18	46	6	
22	46	16	9	28	56	17	29	49	44	29	38	41	17	18	47	40	35	48	20	1	39	60	10	58	35	31	25	36	3	20	57	44	26	2	10	19	16	30	2	50	54	38	21	8	45	55	37	23	33	46	15	10	42	22	4	7	35	27	33	
33	26	26	6	48	17	5	4	22	30	55	60	21	24	16	18	4	9	45	11	31	20	15	29	53	27	22	49	51	36	23	21	52	34	17	37	50	19	35	59	47	15	56	57	34	10	5	28	8	47	32	36	7	40	2	46	57	13	33	54	
39	41	4	28	13	18	2	50	34	30	47	10	42	40	57	5	43	59	22	36	43	49	9	36	25	1	12	19	11	42	53	48	20	54	14	22	2	4	15	25	23	55	24	54	26	18	56	60	14	8	33	46	44	32	20	58	27	21	7	29	
60	57	7	9	49	8	29	39	9	36	1	29	19	14	12	39	30	6	28	41	3	51	25	44	12	34	40	31	52	43	50	41	37	46	39	15	44	8	43	53	30	33	9	45	47	18	7	11	13	32	50	5	12	4	48	21	35	16	41	17	
48	21	54	15	56	22	19	37	25	59	17	44	29	16	12	3	22	18	11	25	45	50	27	47	43	3	6	7	8	36	20	55	54	4	58	39	23	14	24	36	10	28	11	28	40	19	26	51	32	19	13	6	60	38	50	41	30	53	42	36	
18	59	27	1	51	22	37	11	26	40	36	24	5	43	41	34	60	57	23	20	14	25	28	9	60	12	45	29	53	16	53	8	6	9	3	53	20	33	53	42	10	30	3	7	2	44	28	56	35	45	15	38	3	47	39	52	35	17	9	31	
24	60	23	26	5	19	9	22	50	59	2	48	23	53	42	20	31	7	5	56	45	8	23	37	33	57	27	3	6	33	17	19	29	38	42	24	53	49	43	30	45	34	10	57	25	46	11	53	51	60	39	25	12	58	59	25	47	22	28	52	
52	31	55	11	6	35	32	48	12	5	15	46	36	20	43	57	3	36	39	44	26	6	7	28	1	53	42	37	13	56	14	54	24	4	55	27	38	23	12	40	25	17	21	50	34	51	43	29	25	16	59	49	14	2	5	18	44	45	37	58	
29	46	37	50	48	30	15	13	41	16	48	55	30	7	42	53	55	14	17	9	23	5	46	34	55	40	36	36	18	11	27	39	54	56	27	31	20	32	42	50	44	19	43	12	15	20	2	1	25	8	6	45	3	42	10	57	21	42	33	30	
50	45	6	34	36	22	3	45	51	33	32	32	43	4	34	54	7	24	53	30	22	47	4	21	26	2	13	42	42	39	1	22	13	57	52	38	16	44	20	56	6	41	25	45	35	47	37	39	9	17	58	27	1	55	46	24	51	59	60	40	
24	54	41	35	40	31	1	55	3	18	39	7	49	1	44	21	45	8	49	42	25	37	11	20	26	50	42	9	38	35	26	57	19	4	22	56	23	24	39	16	27	15	12	13	5	52	22	43	55	2	18	14	36	22	28	50	3	2	47	34	
26	8	20	42	1	37	27	22	45	55	35	9	7	44	10	1	23	22	38	7	21	44	12	44	56	31	32	54	22	5	25	46	11	43	17	9	13	33	29	51	25	47	57	29	18	57	19	39	16	53	34	33	26	48	14	28	15	36	11	30	
30	25	4	36	5	20	35	3	48	45	51	2	26	38	28	32	32	37	59	46	18	31	7	42	10	10	58	17	33	58	43	58	21	37	24	15	52	56	15	34	39	55	29	53	30	47	22	51	27	18	40	36	48	29	7	53	41	54	1	8	
50	32	56	60	7	15	12	47	1	16	14	34	8	33	19	28	9	35	16	26	42	39	51	18	5	55	60	33	47	49	26	27	18	17	23	13	21	24	57	18	29	2	42	30	31	55	43	38	19	58	52	50	25	41	5	20	25	3	47	4	
41	3	16	57	9	36	6	28	49	60	43	7	50	15	31	18	8	11	44	22	57	34	2	19	4	4	29	18	56	7	10	26	5	22	20	11	48	16	33	27	4	1	32	51	12	53	59	15	52	40	27	47	3	30	54	13	23	11	14	21	
13	10	28	14	21	37	14	6	52	39	30	49	37	50	30	46	30	26	50	18	55	6	53	48	29	38	41	40	45	42	40	56	41	58	59	60	31	10	3	9	51	22	47	5	1	15	40	32	29	27	36	14	33	26	1	49	2	43	16	35	
9	45	19	48	40	16	44	60	15	37	6	43	51	51	45	50	54	22	4	13	46	38	24	6	2	20	47	50	49	58	18	52	41	31	29	18	35	3	7	39	28	11	19	14	53	1	57	42	21	51	55	56	26	5	51	17	22	33	55	10	
21	7	47	59	27	5	6	51	5	10	28	30	10	36	33	58	35	25	30	45	9	11	29	24	14	10	34	38	40	13	28	50	17	5	39	41	7	42	22	1	41	43	31	40	15	59	44	36	12	55	18	8	3	37	32	14	46	46	48	13	
56	54	60	3	56	38	33	1	6	44	52	36	12	17	14	22	6	39	55	12	32	2	16	31	36	37	35	16	20	9	28	1	4	24	1	46	49	24	44	52	5	32	18	15	39	29	26	34	57	10	43	25	11	48	45	47	18	19	50	23	
15	12	21	5	25	20	48	11	33	22	52	27	42	59	31	19	17	54	49	16	2	21	26	9	6	8	41	13	14	26	34	20	27	52	28	41	1	7	41	31	24	23	55	3	29	30	18	34	10	49	42	58	8	9	56	3	4	34	32	13	
50	44	21	7	25	39	45	15	42	23	37	3	46	28	56	60	41	4	31	37	50	6	33	49	56	26	48	55	50	59	58	37	32	16	40	57	53	14	1	24	35	35	17	7	51	10	5	27	3	25	53	52	18	23	29	9	54	14	2	38	
1	49	2	29	3	29	13	44	33	11	6	5	39	20	4	25	19	55	41	21	16	31	58	29	46	22	28	20	31	19	45	23	5	32	47	56	51	50	30	26	56	33	14	33	42	17	46	59	6	24	7	10	45	8	29	27	13	57	43	41	
10	15	51	4	44	40	57	31	21	24	49	7	48	60	28	26	10	12	12	5	25	7	12	59	6	39	22	16	29	55	46	28	8	34	30	47	58	23	9	9	37	56	13	20	43	38	35	43	41	36	44	1	42	45	50	44	25	10	52	53	
53	24	3	57	50	29	33	43	42	38	41	16	21	51	35	54	20	57	26	47	33	59	39	11	42	26	52	59	34	28	35	15	49	36	9	34	54	37	8	44	59	45	46	10	26	12	1	48	3	18	19	31	12	56	37	55	17	23	40	39	
41	13	51	27	36	50	52	27	19	55	57	8	38	32	14	56	38	5	31	39	17	47	6	27	30	33	7	44	45	45	12	23	46	60	39	20	39	28	35	47	11	30	53	38	54	3	27	26	58	48	53	16	24	56	31	51	17	34	24	59	
5	33	22	49	23	48	4	59	4	41	43	6	55	24	40	44	18	10	60	11	43	52	11	2	35	36	50	50	57	3	47	1	33	3	46	45	32	37	51	33	7	13	35	56	35	8	29	49	11	17	53	36	58	12	36	30	24	15	9	16	
16	43	5	38	35	46	20	56	13	58	26	13	1	52	57	27	52	28	3	40	29	49	14	22	43	47	47	4	50	44	8	55	25	10	31	48	46	51	45	57	36	56	6	32	55	60	48	30	12	49	2	39	34	4	9	6	42	34	59	27	
15	4	19	37	8	39	21	46	17	51	31	42	44	34	6	18	24	50	33	33	27	26	1	52	28	47	53	2	18	57	18	25	42	29	47	43	5	57	18	9	48	49	48	19	10	50	36	35	30	4	54	53	32	59	41	40	28	38	40	39	
11	47	48	40	11	32	19	5	18	26	10	60	13	56	8	17	35	41	45	2	32	27	44	55	8	14	32	34	35	1	57	33	47	41	12	46	15	20	47	25	41	58	16	48	45	19	54	12	49	28	3	21	52	45	4	57	59	24	22	37	
23	14	48	58	45	54	40	51	60	17	5	31	1	9	7	38	21	58	42	55	28	40	13	5	22	3	51	7	24	8	31	35	11	18	19	52	59	48	34	49	6	27	16	1	25	25	27	41	16	11	25	29	41	33	30	53	23	20	56	34	
16	27	8	16	29	12	57	17	57	27	3	57	45	15	54	6	25	19	36	38	12	58	3	50	19	23	39	32	39	33	2	44	48	55	49	3	4	43	9	60	60	9	59	41	13	36	46	40	47	9	10	53	5	54	34	13	14	8	51	42	
31	33	15	3	26	1	55	27	42	2	15	39	59	5	17	7	30	51	25	12	57	24	54	53	8	24	3	19	21	31	56	40	9	3	32	16	1	29	40	32	17	43	19	11	45	22	1	10	2	30	6	48	36	60	35	33	12	28	41	29	
54	28	58	51	20	27	7	11	43	32	40	54	14	38	55	47	49	53	41	48	5	44	25	33	30	59	1	39	22	31	56	2	56	45	42	6	9	34	14	46	3	52	29	8	19	21	41	12	4	26	35	57	13	57	17	19	50	15	10	60	
35	31	52	28	4	33	23	8	54	34	43	56	15	1	49	30	10	21	24	10	35	53	57	24	44	10	37	15	17	8	5	46	28	46	6	29	6	25	26	57	55	58	41	59	56	27	19	9	43	32	12	7	17	11	20	60	54	42	60	13	
47	2	48	8	45	51	30	40	2	53	38	46	54	13	43	33	32	59	27	2	34	25	17	35	11	16	28	1	55	18	4	31	17	41	33	58	22	52	29	19	42	57	2	23	6	34	45	23	36	59	22	60	20	18	21	19	37	39	25	16	
52	11	45	2	52	7	39	58	56	58	8	28	48	6	46	41	35	13	1	54	10	14	31	14	34	39	33	57	5	38	11	47	40	49	44	16	55	10	12	42	9	14	60	51	16	35	21	36	34	20	17	36	30	43	39	3	12	4	42	15	
27	42	58	10	24	34	15	2	36	15	33	31	28	30	20	23	4	37	54	25	47	56	50	5	37	29	50	41	15	21	49	39	60	36	35	18	54	45	13	22	46	44	51	6	2	57	21	53	24	2	16	9	56	7	11	25	19	48	58	32	
5	35	1	54	2	26	8	52	57	6	9	40	53	46	38	36	39	49	26	59	40	32	2	38	32	60	44	48	37	38	11	41	11	5	30	12	24	23	50	8	30	49	42	52	33	4	17	9	55	43	5	20	9	56	51	30	45	32	13	17	
59	6	53	59	10	12	58	12	32	45	18	47	31	45	36	60	46	50	2	24	20	60	41	18	54	21	37	27	42	48	41	38	39	23	37	35	32	30	36	55	3	51	40	25	23	7	13	57	51	9	22	8	8	49	15	50	7	52	12	56	
20	43	14	53	3	41	17	25	56	52	16	57	32	43	21	43	44	29	38	33	25	46	30	36	32	45	8	29	23	15	6	38	50	15	34	47	42	47	2	37	26	14	35	51	56	36	24	28	54	59	51	11	34	18	32	5	55	40	31	9	
38	16	36	22	19	2	59	59	35	57	32	50	1	54	35	45	16	48	10	58	44	50	3	15	7	31	9	46	55	20	41	24	30	14	34	49	5	26	43	29	16	12	23	17	60	37	48	5	28	52	1	56	39	60	6	29	31	6	4	13	
21	48	24	49	46	55	33	38	14	5	4	20	6	8	23	3	42	1	57	53	39	3	46	7	53	44	28	11	41	19	21	58	56	35	36	30	28	58	5	32	60	58	45	3	9	52	10	32	53	49	25	26	47	13	27	29	39	49	32	18	
57	42	9	43	13	42	10	29	23	3	49	11	58	25	3	51	14	47	18	1	26	40	19	57	38	28	20	60	58	50	12	53	27	4	26	28	29	31	55	48	22	46	48	24	59	49	4	2	25	12	49	55	38	54	42	7	16	5	8	33	
34	58	48	52	59	9	14	18	28	58	11	47	30	38	60	20	16	47	8	39	56	55	24	32	46	4	26	46	54	19	51	13	6	37	50	1	34	2	14	60	49	4	36	13	38	27	23	45	15	21	24	4	19	35	25	47	29	47	31	7	
55	10	17	58	43	5	49	15	58	56	12	33	54	37	39	15	54	52	57	3	5	9	59	14	40	16	54	5	60	22	1	45	18	8	32	51	6	18	4	2	13	7	26	16	22	50	2	19	33	57	5	35	54	1	39	23	2	27	20	43	
32	17	18	44	20	47	31	19	53	22	13	49	16	16	37	27	2	30	40	27	35	39	49	57	26	25	17	21	41	41	54	5	44	6	48	53	39	4	10	21	33	10	7	28	20	34	58	7	59	22	29	3	55	15	60	11	38	3	23	12	
24	5	3	13	57	37	47	33	38	46	51	59	56	48	24	8	18	58	2	15	14	21	5	1	27	52	10	51	2	12	49	6	14	49	60	3	23	53	21	4	19	16	47	9	46	54	56	17	48	50	4	18	56	20	56	22	55	51	6	41	
2	52	38	55	38	28	52	53	58	14	42	14	9	14	13	44	5	58	43	49	36	41	40	28	39	23	46	22	4	39	48	54	23	15	38	59	37	27	54	33	27	10	44	25	21	54	6	24	45	37	8	14	1	28	47	28	51	7	57	42	
32	29	33	49	37	11	34	10	27	7	40	41	14	22	3	31	6	60	36	43	24	36	39	23	60	9	47	45	1	24	30	32	46	39	16	19	36	54	26	50	52	4	28	55	17	40	17	13	15	56	44	51	14	21	57	8	24	46	30	20	
3	36	43	39	12	55	53	38	40	8	25	21	2	51	9	13	8	31	19	21	60	1	55	4	15	42	56	21	10	23	33	58	58	11	32	5	57	13	36	32	18	56	49	16	41	45	20	44	7	27	14	43	16	35	52	20	26	29	45	22	
49	9	11	35	14	43	22	7	43	1	23	58	38	3	12	10	38	19	34	28	43	29	60	56	54	32	13	59	58	51	7	36	47	12	4	54	37	21	53	17	1	5	4	31	5	13	28	46	22	60	48	2	10	50	55	6	15	8	44	19	
44	40	46	21	44	45	12	14	55	54	24	47	57	26	15	51	28	33	19	50	19	5	47	25	48	43	16	8	39	48	59	9	34	30	26	7	10	27	17	45	20	31	37	4	52	36	51	18	60	60	49	4	2	20	38	38	53	30	29	27	
15	22	9	30	53	32	36	46	59	42	28	12	52	47	4	35	6	44	21	60	41	4	56	40	12	17	16	50	37	32	59	43	51	58	8	30	33	38	6	13	55	24	13	46	7	6	9	10	48	29	59	28	15	52	3	16	57	1	3	26	
36	51	10	18	46	58	38	9	29	41	19	17	60	21	52	59	11	45	56	57	58	54	11	12	24	5	23	14	3	25	22	30	3	27	41	42	26	12	39	28	53	6	33	32	46	31	19	55	1	7	47	4	38	16	46	2	48	32	15	49	
