6	22	19	25	23	12	50	19	4	13	42	10	41	2	45	25	55	16	39	44	32	52	57	26	57	14	15	30	55	56	2	35	46	40	18	17	42	5	26	43	8	5	47	46	58	25	9	40	31	45	21	59	26	11	22	20	17	27	39	1	
19	31	34	55	8	49	1	39	51	24	11	48	18	51	32	4	5	37	41	32	12	52	28	34	57	39	43	3	6	13	2	12	40	33	56	37	14	54	15	51	9	22	38	23	10	7	25	16	35	58	33	42	44	50	17	45	26	36	30	20	
43	29	28	11	51	21	45	59	4	48	48	9	7	22	22	6	16	43	8	46	35	30	13	10	17	15	43	31	36	11	47	18	29	4	25	12	22	60	58	24	44	43	23	40	54	41	35	1	14	39	42	46	5	44	52	10	55	24	49	28	
24	23	33	43	25	55	50	36	52	45	49	25	19	9	3	1	47	35	58	58	4	29	34	58	11	15	6	54	28	42	11	44	2	42	22	16	26	1	50	7	35	37	30	50	38	22	41	19	56	28	8	48	55	31	43	57	33	46	39	51	
25	47	30	24	18	41	38	33	39	17	30	11	50	49	51	22	8	29	30	52	54	25	36	40	44	16	22	14	59	58	55	13	34	15	26	49	53	56	11	19	7	38	20	57	24	9	6	21	26	27	10	9	48	35	45	28	60	56	32	36	
51	23	46	22	26	1	60	14	52	2	23	56	36	40	40	50	37	43	3	60	5	7	58	42	39	32	59	16	26	28	41	14	44	16	27	4	15	23	8	4	21	29	57	47	6	35	26	30	9	23	19	10	20	7	48	56	38	45	11	12	
55	40	3	25	46	26	26	58	38	22	59	49	39	45	33	24	17	48	52	14	8	60	13	25	56	43	11	30	9	10	18	1	39	19	23	22	41	42	12	13	50	5	55	20	40	27	44	46	15	21	57	7	18	2	30	16	39	31	30	47	
37	46	28	5	1	49	17	32	16	15	30	55	10	22	11	47	36	47	31	35	4	18	39	11	13	58	12	42	25	31	19	51	14	42	48	6	20	60	26	26	4	53	21	11	22	18	56	45	54	15	9	47	29	45	49	39	41	49	23	55	
17	16	44	21	56	27	23	5	16	38	20	17	22	28	26	29	35	10	3	18	24	9	2	48	43	39	17	13	25	25	6	40	38	47	58	23	11	12	17	30	45	35	31	3	52	46	20	32	53	14	31	15	19	33	50	42	7	57	54	34	
9	56	58	36	32	45	48	32	53	3	45	26	27	12	17	16	47	28	29	37	27	57	38	34	16	18	14	12	10	56	31	17	49	18	50	19	1	36	39	42	28	21	58	52	22	4	59	6	28	15	33	52	2	8	16	7	22	27	20	22	
20	36	36	58	51	15	5	41	40	41	21	5	51	8	46	10	9	32	6	34	44	35	16	42	33	29	46	45	47	52	3	54	24	28	49	4	37	43	43	11	13	55	4	1	50	48	8	56	12	3	22	53	36	38	23	5	57	59	38	39	
45	38	24	58	3	2	60	34	34	32	33	44	14	33	42	1	10	39	54	9	40	3	59	5	33	17	60	21	11	35	43	45	12	56	41	7	55	30	25	18	59	46	59	4	16	38	52	16	19	36	22	47	37	8	51	6	13	42	22	15	
6	57	56	6	43	34	7	35	1	20	43	50	3	39	40	8	15	29	13	19	1	24	52	34	29	35	30	40	12	44	50	10	30	36	5	10	9	8	37	56	17	15	41	17	45	11	14	47	29	25	4	28	46	48	51	18	16	21	34	22	
52	13	11	11	47	13	10	41	12	34	27	24	38	58	30	19	59	41	3	17	3	56	42	39	37	31	41	43	38	4	53	28	15	52	35	49	2	44	28	1	14	54	22	50	39	51	57	27	29	58	45	20	43	16	55	17	46	26	60	18	
19	39	33	30	27	5	17	18	36	34	16	39	23	27	19	51	13	12	17	30	59	47	39	41	57	24	46	37	40	40	42	55	8	14	14	25	6	28	43	39	52	45	8	11	15	23	53	20	26	7	31	21	49	7	54	35	28	32	60	56	
10	39	48	7	40	60	28	43	17	57	12	6	40	18	6	39	29	55	48	50	49	9	8	27	14	55	52	31	16	51	16	15	26	2	19	3	51	45	36	5	31	37	1	8	53	56	36	9	40	20	56	30	20	54	43	22	42	32	44	51	
21	58	4	34	55	20	26	35	54	51	29	23	25	27	22	5	12	54	11	49	5	6	5	14	56	46	33	32	7	13	24	15	59	12	38	42	30	2	14	15	50	40	35	8	56	43	10	5	36	16	44	28	13	47	39	55	31	9	28	37	
11	31	38	6	33	14	45	52	5	48	2	44	26	25	46	12	5	51	6	36	56	48	53	55	30	29	47	49	27	59	13	29	19	39	31	49	42	6	40	44	54	38	28	6	60	1	7	3	41	10	27	34	46	17	26	8	43	2	57	59	
58	52	24	15	29	45	2	60	48	37	42	28	4	57	24	1	56	30	53	34	27	16	57	3	22	13	4	55	12	45	50	8	34	5	20	54	46	18	50	23	44	25	48	49	15	6	35	7	18	26	32	43	31	34	33	48	36	38	31	44	
9	19	41	32	12	58	22	55	6	1	15	47	19	52	22	23	51	54	19	59	16	47	40	34	2	60	20	33	24	40	7	30	48	45	60	57	40	11	49	35	10	56	13	17	36	31	37	15	25	53	10	27	37	39	59	38	35	8	3	4	
46	1	16	31	35	5	18	4	13	4	37	11	47	46	25	18	6	59	30	25	50	32	43	17	4	33	40	28	35	36	14	9	25	27	29	57	34	44	60	31	38	24	39	12	7	1	20	10	49	47	26	27	8	4	41	11	23	18	42	55	
42	36	53	4	60	13	58	18	45	46	38	12	8	14	20	3	4	40	3	51	14	17	15	17	10	44	14	34	1	37	14	39	11	4	32	2	5	19	7	47	1	43	47	59	46	16	49	48	31	41	27	50	55	36	49	9	13	52	21	9	
26	32	37	26	28	57	15	29	13	11	5	3	43	49	49	27	44	31	4	12	6	28	45	50	57	30	42	59	19	60	58	34	30	35	49	46	18	53	2	28	16	4	24	34	47	6	1	23	33	51	24	25	9	5	13	55	39	52	52	36	
41	45	55	60	6	41	42	21	24	42	46	23	35	56	54	15	50	42	28	17	30	49	32	28	47	42	22	4	23	8	24	2	51	16	52	54	57	30	13	9	1	48	29	34	39	12	38	26	42	59	36	2	40	53	27	14	32	58	7	44	
50	21	35	30	34	23	21	19	42	25	23	33	58	40	56	26	41	36	49	20	16	11	11	47	1	37	50	24	10	48	57	49	5	28	17	38	40	27	44	20	39	4	50	43	34	45	58	12	3	36	28	16	36	30	52	46	59	40	51	2	
16	40	40	18	58	46	43	35	11	24	44	47	20	23	10	49	55	5	50	56	39	8	1	12	27	43	36	19	21	20	15	33	50	48	40	45	23	22	9	25	34	51	59	49	3	7	28	56	13	17	41	37	14	39	42	36	24	29	44	30	
22	53	50	1	29	28	43	42	37	41	3	8	21	58	47	22	2	10	15	1	13	53	35	13	23	11	46	36	13	20	47	32	9	38	24	27	51	54	5	17	32	6	22	54	55	10	12	52	4	14	43	6	7	14	18	19	6	56	45	16	
9	18	37	8	42	56	31	22	47	26	37	13	19	59	57	9	52	58	49	45	7	27	48	11	30	54	16	34	43	46	39	42	60	14	51	36	59	10	47	37	23	21	44	38	15	28	44	55	21	30	36	29	46	15	22	12	4	30	40	37	
12	5	8	55	9	43	20	5	41	5	31	58	24	1	34	27	26	7	19	44	28	45	6	9	55	17	4	50	44	38	15	46	33	13	35	39	52	57	32	29	55	59	24	10	2	47	36	12	51	40	53	11	22	48	14	7	3	15	45	42	
34	49	16	9	58	48	31	47	30	4	13	14	49	29	19	36	11	40	45	53	17	36	50	31	15	51	25	13	46	7	52	16	53	54	10	40	28	37	24	56	35	27	60	22	43	15	55	44	52	32	24	1	54	12	26	5	47	2	18	33	
43	50	42	26	30	48	3	55	15	23	40	47	44	37	58	19	43	45	60	31	1	21	19	52	19	41	54	5	17	58	22	57	47	2	28	4	39	18	59	43	32	34	28	2	60	18	15	46	55	4	7	45	16	23	35	31	53	26	24	7	
13	44	1	48	35	9	49	3	24	43	44	45	7	4	39	7	13	46	40	57	45	36	39	51	50	11	10	30	26	31	34	36	16	24	21	37	30	8	37	52	40	11	25	44	12	53	47	18	33	19	13	14	41	42	56	27	54	55	54	5	
22	17	38	23	39	48	57	58	46	23	41	25	30	52	4	35	33	39	42	4	45	44	3	22	23	47	37	1	35	29	3	48	35	31	6	11	7	52	10	50	5	34	12	32	15	8	55	49	34	27	40	5	15	37	24	28	14	58	27	43	
18	19	25	48	38	22	51	44	10	47	29	4	7	30	24	20	21	17	2	54	41	38	55	38	5	5	7	12	52	20	45	58	36	6	42	11	16	19	46	15	60	9	16	13	34	38	15	52	48	23	35	19	39	24	49	33	14	50	42	57	
59	24	51	27	17	22	32	30	38	12	43	29	11	48	28	33	23	30	16	4	39	46	15	7	45	55	37	52	41	9	41	31	20	29	53	34	48	13	54	21	22	26	40	21	14	57	58	25	24	3	17	56	36	30	60	10	15	35	1	6	
29	34	10	38	52	59	1	31	9	44	41	20	7	19	38	11	13	26	29	39	21	37	24	44	3	10	51	12	22	43	54	40	6	53	15	55	48	14	21	57	55	60	3	56	7	40	49	13	58	7	46	2	39	1	43	32	53	33	32	17	
3	14	50	10	4	54	52	49	5	16	34	50	59	33	31	55	1	18	5	52	15	32	51	53	19	35	17	6	51	39	6	56	50	45	47	51	38	36	30	31	37	52	11	24	20	38	21	12	44	22	1	57	43	41	40	47	2	39	58	60	
15	45	31	55	36	6	35	1	32	2	22	5	43	34	23	55	57	28	7	30	39	55	14	12	38	44	48	32	13	35	10	25	9	29	17	33	33	49	24	53	41	39	54	21	1	17	8	58	31	9	16	60	59	26	1	24	11	47	42	19	
10	42	32	16	8	36	39	30	18	52	21	46	28	4	5	25	7	6	7	29	2	19	25	54	42	20	8	38	58	40	43	59	21	3	11	22	43	39	45	40	30	54	26	41	48	15	53	51	10	49	16	9	5	37	53	36	44	53	4	31	
23	35	25	39	37	25	52	2	2	27	45	19	8	50	50	52	2	42	43	9	26	46	7	20	6	52	49	37	34	37	4	54	10	18	29	41	40	15	33	31	32	1	48	37	46	27	22	45	5	48	47	19	32	47	36	29	28	24	59	60	
52	54	52	50	7	9	21	45	14	50	6	30	40	42	59	22	18	12	9	8	57	51	23	17	24	48	40	47	55	32	44	49	18	25	33	14	27	42	53	29	26	51	56	58	30	60	17	34	52	11	37	46	1	43	1	2	28	39	41	28	
56	15	54	2	28	16	14	40	47	59	58	6	48	44	53	17	24	60	38	12	9	5	48	43	45	49	39	11	5	12	21	57	13	12	57	29	19	20	6	3	18	7	56	42	51	46	45	55	37	20	23	31	22	46	22	57	25	37	8	19	
34	20	13	42	24	59	8	38	56	4	28	51	3	21	28	37	56	11	27	32	27	22	60	44	4	57	32	15	29	26	30	3	31	34	26	52	29	23	19	23	25	45	10	16	55	33	40	41	39	5	6	50	17	51	43	36	45	48	16	50	
2	36	43	30	59	3	11	24	9	19	36	22	53	35	37	38	60	13	16	23	10	19	4	12	7	16	18	26	52	21	13	45	44	44	8	39	47	2	55	39	19	28	54	9	57	27	42	39	30	49	51	32	58	49	35	54	54	40	12	46	
57	25	16	37	59	17	13	25	19	3	60	23	29	49	21	6	14	55	35	32	42	23	48	36	9	22	19	2	48	25	33	40	41	46	5	30	54	7	52	3	59	38	27	15	16	44	10	24	33	43	40	4	2	28	47	1	40	45	53	20	
7	21	57	40	2	51	3	46	58	49	45	52	12	60	56	28	27	56	44	55	27	13	54	19	33	21	23	5	3	5	16	4	15	1	30	9	49	24	51	34	3	31	15	4	11	14	26	36	59	6	17	10	10	55	29	27	18	37	22	8	
35	33	49	47	31	15	53	9	33	36	48	25	56	52	18	5	54	42	32	33	29	42	41	30	34	4	46	39	34	6	26	57	37	4	40	56	17	16	3	38	51	39	55	44	28	8	43	8	39	57	38	5	45	19	31	58	10	15	25	52	
9	41	27	42	44	4	35	48	20	34	24	53	2	3	16	21	8	49	25	47	38	60	46	60	6	7	55	17	14	6	35	19	39	59	49	13	46	26	46	51	37	8	30	36	4	50	53	5	22	15	52	48	6	19	37	8	29	28	10	23	
27	42	36	45	30	18	46	6	26	30	49	60	31	17	26	32	53	16	20	8	22	58	45	23	8	20	21	18	37	19	38	47	50	57	34	10	12	13	14	26	40	2	33	60	5	39	16	52	52	28	49	13	24	44	25	41	48	31	29	13	
39	51	57	28	45	24	24	53	34	34	7	11	32	20	60	24	58	14	13	48	36	59	44	39	31	56	52	8	14	11	15	50	52	10	5	35	23	29	16	54	50	19	54	18	36	55	30	22	52	33	54	26	28	27	54	47	18	41	38	25	
36	51	9	24	50	4	47	10	20	60	53	7	7	46	5	34	24	33	48	6	53	38	21	18	58	4	56	20	39	27	25	1	17	23	14	46	24	58	57	33	49	35	37	45	8	31	5	21	1	45	29	42	26	42	59	12	51	38	13	8	
4	30	6	59	49	19	41	3	7	23	35	41	55	60	27	60	28	23	18	18	11	40	57	21	11	45	19	44	19	24	41	12	41	50	5	20	52	38	20	46	55	42	24	39	39	52	29	14	2	47	13	58	25	9	5	15	56	16	46	3	
33	24	2	3	58	7	20	50	28	39	25	15	17	47	40	45	24	8	39	16	46	48	5	47	48	6	53	28	18	32	23	36	54	12	37	43	10	51	20	26	19	38	32	27	21	2	60	32	11	35	37	40	20	52	24	4	26	13	31	29	
32	37	49	17	41	20	54	33	60	9	46	16	44	5	29	52	3	16	14	53	48	50	30	57	12	44	58	35	45	1	50	20	22	36	36	49	49	17	18	35	15	47	39	51	44	59	37	33	2	42	24	39	27	50	28	26	34	2	55	4	
55	43	15	6	11	30	55	54	36	56	18	48	33	54	35	13	32	1	34	24	37	52	9	51	36	19	7	53	13	57	59	6	29	58	9	31	25	3	13	60	34	41	42	53	17	57	2	50	45	23	5	11	4	51	52	39	1	7	23	10	
47	6	6	12	1	8	33	15	49	35	2	17	60	26	59	14	12	50	38	58	10	31	55	13	16	44	34	6	38	46	1	21	49	7	39	47	56	46	51	32	11	50	36	19	9	37	5	27	12	44	57	18	58	55	20	11	30	42	43	59	
25	2	7	13	53	20	56	38	57	35	8	3	15	39	9	8	4	2	21	2	31	14	10	27	52	23	27	22	60	33	13	24	25	9	43	18	27	58	39	20	30	44	12	35	9	19	39	59	16	48	1	38	3	5	1	40	21	17	57	11	
48	59	17	4	10	35	5	23	30	42	39	54	13	41	12	18	49	47	22	60	24	2	18	15	5	8	48	25	23	50	20	57	32	37	51	26	3	53	56	18	24	14	5	25	1	4	46	34	57	36	30	2	38	23	11	31	33	56	6	45	
35	55	35	56	14	23	19	11	8	52	26	27	54	18	50	42	20	18	10	58	47	25	12	24	32	4	38	57	2	15	35	22	55	60	16	6	21	31	17	28	3	28	43	5	49	23	26	4	24	29	56	6	36	45	11	13	43	44	50	40	
49	26	59	40	13	10	44	27	11	50	47	12	16	15	56	46	21	19	51	43	52	28	37	9	60	53	24	40	27	2	8	14	18	53	45	21	42	25	32	55	59	12	58	9	23	38	48	35	6	31	11	33	42	32	34	30	17	54	36	41	
