12	39	48	43	39	35	1	31	12	58	49	46	47	3	53	14	27	17	31	59	52	3	44	16	20	1	55	4	24	8	54	45	14	36	10	27	7	60	55	9	55	34	43	40	26	33	43	50	39	11	39	29	3	19	34	21	17	18	13	30	
24	57	12	35	29	11	59	33	8	43	30	52	6	10	21	22	33	1	2	9	1	38	27	1	54	50	19	60	6	23	19	20	15	20	44	34	28	39	55	25	13	26	14	7	30	36	31	53	32	37	51	40	3	16	41	45	4	36	42	57	
47	48	5	51	5	45	22	30	21	14	44	22	26	55	26	46	17	49	34	46	3	21	6	52	25	22	32	17	50	1	11	32	53	7	12	48	54	31	7	59	35	40	18	58	33	33	41	47	13	3	23	11	24	16	60	36	35	27	56	20	
19	50	41	2	53	51	39	39	11	35	35	36	12	42	22	33	12	59	17	20	54	28	20	3	41	18	35	14	35	24	23	43	1	2	34	52	50	10	21	50	37	52	25	43	31	44	13	32	31	26	41	27	37	58	10	16	5	42	29	28	
53	39	8	52	30	39	33	9	38	50	57	9	31	9	49	51	40	51	20	8	10	58	17	43	55	24	48	46	56	56	12	46	25	16	27	52	44	57	54	19	36	37	25	4	42	11	52	21	59	1	18	60	2	32	22	30	45	6	14	41	
59	21	21	12	26	46	1	7	32	41	23	6	14	45	7	54	45	50	3	34	47	17	20	33	38	38	52	20	35	4	55	22	21	5	30	37	40	29	41	10	7	2	13	10	36	9	53	19	55	56	42	32	60	59	57	27	26	43	44	56	
35	28	14	46	22	41	20	60	59	58	1	55	49	1	3	23	2	53	31	44	36	10	13	33	6	56	57	29	28	30	14	4	47	25	44	7	3	5	58	60	48	43	52	37	41	45	47	38	39	15	19	8	22	21	30	17	9	16	35	32	
35	46	21	19	8	54	14	60	44	59	49	30	39	31	54	18	12	38	45	36	42	53	33	55	3	52	7	6	57	31	26	29	14	47	37	11	41	41	9	20	37	56	37	13	23	20	22	24	47	2	58	26	48	28	10	44	15	12	49	4	
32	11	23	43	45	57	51	10	35	48	17	1	32	52	12	44	60	29	6	44	21	1	59	2	18	4	44	25	5	20	19	34	22	39	14	54	25	55	2	58	33	16	56	1	3	7	43	46	24	46	28	36	36	26	25	47	26	8	6	27	
16	14	52	25	50	55	17	12	47	8	59	8	21	45	6	7	39	38	51	53	13	9	15	46	29	38	20	44	33	14	2	38	26	43	53	18	35	11	22	19	19	18	24	23	60	20	27	28	47	3	18	58	4	30	34	31	57	49	1	36	
60	47	55	22	27	45	31	59	41	42	16	43	50	29	2	38	38	10	3	23	6	10	18	59	30	40	18	17	27	3	33	19	47	26	36	11	1	56	8	39	35	13	18	14	31	12	48	7	20	44	21	11	48	34	59	9	3	15	21	28	
7	51	41	53	6	8	60	4	59	5	40	24	7	47	26	36	54	12	32	59	43	48	8	27	11	4	25	11	9	42	28	13	23	6	55	29	1	52	19	49	46	57	2	42	34	26	15	23	30	44	20	6	31	17	33	29	10	43	38	8	
14	3	10	34	58	1	49	48	42	5	35	16	51	34	56	19	49	8	40	13	42	50	21	60	55	36	27	54	8	55	51	23	46	59	42	41	52	28	18	19	30	49	32	9	12	25	26	2	23	57	8	4	41	15	51	29	38	7	11	43	
58	57	59	41	44	31	11	22	56	26	38	16	5	7	22	15	23	37	2	42	29	59	34	59	10	21	21	45	27	27	17	13	13	13	46	54	33	52	14	28	8	48	32	12	45	43	13	4	18	6	47	49	1	13	50	8	24	51	42	39	
15	56	49	17	58	30	9	29	11	11	45	18	49	14	16	31	46	18	33	1	19	4	43	20	6	22	21	18	10	47	57	24	30	32	28	23	51	26	36	59	27	18	5	13	25	9	34	4	35	54	3	33	55	37	39	50	45	44	6	43	
25	48	54	45	9	12	60	57	27	25	46	51	32	48	53	50	46	23	43	8	14	35	30	58	59	6	37	41	46	33	22	1	17	5	38	16	14	24	10	31	46	53	11	15	39	2	55	18	14	28	11	19	51	36	5	47	34	40	26	13	
9	45	59	15	47	23	28	51	44	29	19	19	10	19	24	38	18	6	41	22	29	42	37	17	8	39	2	30	11	17	31	14	51	20	19	35	36	36	16	9	1	23	26	9	40	45	38	47	48	6	59	7	43	32	21	33	1	12	52	6	
18	18	11	6	31	18	32	57	51	43	3	42	56	26	40	25	60	5	9	46	60	5	45	33	27	52	4	16	2	52	12	10	59	19	13	28	26	41	22	7	14	15	45	1	37	17	20	35	21	29	10	22	21	49	35	44	39	35	50	33	
17	59	36	5	7	38	22	32	9	44	33	10	45	8	6	20	19	23	46	25	39	43	27	57	28	60	31	56	24	18	14	30	14	40	33	21	15	53	37	11	23	59	22	5	4	14	24	13	34	54	27	12	35	51	58	59	41	26	44	2	
24	49	29	35	24	59	42	27	49	9	36	9	7	44	4	58	55	21	60	18	12	24	19	43	5	13	31	43	20	4	41	41	48	60	6	1	48	45	26	34	50	51	33	52	24	32	40	8	43	38	23	46	59	31	16	2	33	37	35	53	
37	3	27	16	60	30	13	45	4	28	9	53	8	30	33	29	52	10	26	24	36	39	5	32	7	11	22	37	44	54	23	12	49	48	23	41	10	25	15	8	43	13	50	48	41	10	14	30	17	31	46	43	58	45	6	2	55	16	36	27	
57	58	35	38	34	47	16	30	1	20	35	41	31	12	19	9	12	15	28	10	37	60	50	30	42	44	29	26	57	56	43	51	41	6	26	13	49	31	39	40	48	3	18	8	5	27	7	11	38	23	13	2	21	4	31	52	33	48	6	45	
31	44	15	9	46	30	18	24	50	46	60	28	38	7	34	31	30	37	35	57	57	45	56	7	33	13	58	4	49	59	20	17	32	25	16	7	53	36	20	41	5	19	6	32	14	27	1	33	2	25	22	48	5	8	44	37	15	39	40	54	
25	38	60	46	1	13	50	41	32	2	10	27	5	4	56	16	29	46	47	19	7	56	56	5	58	37	26	3	3	43	53	25	18	44	8	15	53	48	49	14	43	54	38	51	55	24	51	17	7	30	29	6	20	15	9	15	52	17	21	50	
1	57	4	7	37	2	10	19	39	53	31	19	35	58	54	27	19	34	29	16	51	56	22	8	8	9	13	46	23	25	33	11	11	38	4	46	26	11	3	1	55	22	12	26	18	52	50	36	28	17	48	12	5	56	14	59	60	20	34	15	
33	5	10	42	29	14	25	52	20	16	50	11	28	49	25	43	38	13	14	60	19	51	60	10	41	7	58	31	15	29	30	46	24	36	26	41	45	40	22	54	44	4	53	17	48	16	56	23	18	55	12	32	33	9	25	3	5	21	22	18	
38	48	1	51	23	15	29	56	43	41	47	24	40	29	25	25	42	1	37	49	44	46	12	13	45	26	6	39	35	27	54	16	10	50	51	22	48	17	20	28	57	50	54	24	17	3	46	52	60	13	35	41	59	36	53	30	2	38	7	32	
2	52	32	60	24	20	18	11	27	22	27	19	9	6	41	24	5	16	9	54	18	41	25	4	14	57	31	7	34	27	35	22	8	2	21	28	23	26	28	44	45	50	52	53	56	26	12	47	28	10	39	43	40	55	44	46	46	13	44	17	
21	14	28	25	10	43	52	15	6	6	48	41	53	37	30	44	49	31	22	6	40	57	38	16	39	20	59	21	14	41	27	32	42	51	55	44	22	34	49	26	37	35	4	28	1	23	1	45	54	18	42	33	4	24	36	39	29	19	55	46	
47	13	2	27	52	43	53	12	7	40	27	44	3	28	58	55	40	48	29	29	55	1	45	49	7	15	16	22	23	5	49	8	5	37	24	56	17	14	4	20	51	27	57	45	44	38	35	21	19	53	41	7	42	21	54	60	25	58	59	45	
3	36	42	60	11	4	51	16	15	44	25	55	13	5	28	42	41	60	1	43	45	36	47	21	46	28	8	8	26	52	44	10	27	22	7	24	23	49	37	29	31	52	11	30	53	37	5	33	34	58	2	9	23	38	23	6	55	10	1	19	
58	41	23	13	53	21	26	5	57	51	29	15	40	38	30	28	11	33	41	35	17	32	36	34	7	49	35	1	55	37	6	44	4	17	45	54	27	7	56	20	58	14	39	24	43	60	46	54	22	14	16	36	47	38	59	48	30	24	53	9	
48	39	50	49	54	30	34	17	26	17	28	19	29	56	32	7	45	13	52	4	25	55	29	6	23	19	43	36	39	18	42	23	51	21	60	38	40	30	44	3	44	8	11	2	53	41	6	37	43	53	29	5	33	57	60	58	3	35	18	31	
40	60	51	23	7	48	50	44	15	24	45	49	28	53	47	10	23	52	35	5	27	2	58	49	43	48	33	31	18	50	59	55	34	47	9	38	25	54	20	30	15	1	16	31	38	57	39	57	36	12	56	53	6	45	42	30	32	60	3	37	
44	46	22	15	32	26	43	44	10	52	11	13	42	20	41	8	6	9	54	32	15	41	22	1	15	51	29	35	47	16	1	21	60	23	24	19	35	4	2	41	53	7	51	25	16	28	21	27	20	14	40	30	42	59	26	49	46	45	10	24	
49	9	41	47	18	2	55	50	55	54	20	37	48	1	51	53	12	11	10	30	9	40	57	41	36	12	15	4	42	23	24	28	21	54	17	39	46	56	23	32	37	33	7	23	35	43	16	43	52	12	60	46	56	2	19	14	47	29	8	26	
40	29	43	58	12	44	23	47	37	35	14	12	4	8	27	24	48	26	52	28	30	47	9	6	31	14	10	2	31	13	16	60	30	57	47	40	38	8	15	15	39	27	17	32	45	35	45	20	58	33	49	18	3	41	18	34	50	24	19	10	
34	30	7	2	25	51	35	59	55	45	1	23	7	13	44	32	44	19	42	32	46	12	44	47	48	53	58	27	16	4	29	37	31	33	39	44	18	55	40	2	35	36	14	38	40	49	51	14	3	20	35	50	41	8	8	6	58	56	22	60	
56	45	34	24	12	60	5	20	51	36	12	17	55	13	37	32	57	14	35	50	31	7	23	49	9	27	53	59	12	6	56	15	45	27	19	47	16	13	2	4	38	10	21	29	11	34	52	57	46	23	44	13	22	18	1	25	20	41	28	35	
40	4	24	14	20	32	57	33	45	48	26	9	46	33	35	47	55	18	44	38	36	22	48	50	15	37	5	33	6	11	51	44	7	12	55	25	33	42	52	5	28	7	19	3	28	39	46	29	48	27	55	13	36	33	56	48	59	48	23	2	
50	59	44	50	2	28	1	34	12	46	33	25	38	35	23	3	7	59	21	42	20	5	52	45	35	41	31	32	13	38	30	59	26	4	40	24	22	28	53	16	7	17	36	34	47	51	37	39	49	51	24	54	53	60	37	18	26	57	37	42	
26	6	23	48	57	58	2	6	23	50	21	19	54	44	42	34	30	20	9	12	54	16	56	36	13	30	51	35	17	25	60	38	19	20	15	5	24	18	8	33	52	16	37	41	58	22	4	17	25	7	27	10	27	14	43	18	40	23	45	55	
37	40	18	46	56	30	48	1	31	47	22	20	59	43	58	49	50	54	4	3	53	17	10	5	26	42	13	55	58	57	35	33	20	52	11	5	9	49	60	38	32	12	47	21	51	34	4	41	23	2	29	12	8	26	7	35	6	17	22	5	
4	54	13	8	33	16	10	35	60	2	7	21	1	43	38	39	14	31	5	35	22	27	46	28	50	40	47	44	59	58	37	42	52	39	48	12	50	51	41	39	40	37	3	36	17	25	6	28	53	9	57	15	28	29	21	10	3	11	2	49	
1	15	26	40	51	2	54	38	37	27	15	12	53	2	37	11	23	39	24	6	40	8	60	58	32	23	3	33	21	40	13	20	55	28	49	39	19	35	7	56	51	18	3	42	9	46	44	22	6	59	17	43	10	20	45	19	31	30	46	47	
8	48	53	47	13	36	24	22	2	21	15	47	30	16	29	34	43	59	48	44	49	59	16	37	2	45	53	23	3	28	50	7	14	36	52	9	60	4	31	56	22	39	40	46	42	54	10	12	42	44	1	17	33	5	51	32	39	34	57	39	
5	22	35	3	54	17	8	43	9	30	36	29	2	5	7	35	56	4	34	27	44	18	42	14	12	22	36	32	53	7	9	42	28	34	41	9	39	44	49	45	2	20	9	54	19	2	21	3	1	46	19	37	11	58	47	59	23	10	31	6	
14	26	39	28	48	10	34	23	40	13	56	29	25	9	19	41	54	24	36	52	8	48	16	54	35	55	42	47	57	60	40	2	15	11	26	3	7	50	12	43	59	5	1	21	57	14	50	44	28	19	30	31	55	46	15	38	22	58	7	21	
51	36	6	55	42	21	44	38	13	53	18	56	47	11	15	34	16	54	7	38	1	23	59	59	54	10	11	8	54	17	21	41	43	15	25	20	29	6	47	31	49	54	27	26	51	30	57	3	31	56	32	10	9	16	2	59	28	9	58	14	
13	7	45	51	16	9	3	39	3	49	59	48	33	12	10	17	31	55	6	40	41	32	51	46	47	35	34	58	41	26	2	50	26	42	24	32	32	22	59	36	56	60	18	18	52	17	28	16	11	24	43	53	44	27	23	19	50	54	13	29	
9	8	2	33	37	24	53	2	34	55	32	19	36	39	30	21	50	47	25	57	5	6	35	38	21	54	53	9	37	55	40	44	57	17	18	26	42	56	27	1	35	45	20	7	10	48	16	56	28	41	42	23	26	7	57	43	3	46	51	31	
36	57	9	18	14	7	38	38	3	47	37	33	21	54	31	27	26	34	13	45	54	52	2	17	49	49	50	40	25	21	1	47	7	8	1	17	57	32	43	55	16	17	23	27	58	35	59	30	6	49	4	58	34	60	11	15	38	53	52	56	
6	42	36	10	32	27	10	28	53	56	11	57	58	25	15	52	59	51	9	55	38	7	49	9	60	43	18	32	30	59	32	21	33	48	20	60	4	23	16	46	3	24	38	5	38	47	45	32	26	8	31	1	50	11	44	42	36	59	12	7	
48	23	16	15	3	18	4	1	46	9	51	30	34	11	36	5	42	7	27	53	48	37	40	31	32	25	10	57	10	12	41	56	29	45	59	14	50	53	6	17	59	38	47	19	44	6	30	15	1	39	4	52	11	33	5	41	53	9	18	1	
10	56	46	20	28	31	27	8	13	17	24	14	48	15	26	26	58	36	31	56	10	25	30	11	57	32	39	37	38	2	34	35	39	9	40	4	25	3	60	42	12	19	41	54	21	59	11	16	29	32	5	22	49	27	30	30	48	6	33	22	
52	25	43	26	19	22	20	42	14	17	5	10	37	40	1	42	24	1	49	39	23	35	55	5	2	22	28	45	29	26	56	4	41	25	31	48	43	38	30	36	54	21	43	16	47	50	58	7	33	32	45	44	7	35	46	51	47	60	24	57	
15	10	56	44	29	19	30	53	34	37	34	22	55	59	25	40	21	25	36	47	32	11	24	23	26	58	60	5	47	31	44	52	35	27	24	43	21	46	33	48	18	48	8	6	49	18	36	55	23	4	26	44	12	38	3	21	42	53	9	16	
11	41	57	25	55	11	6	5	52	35	53	6	15	41	59	38	1	26	23	15	24	46	54	14	21	41	30	44	31	22	36	32	2	21	56	51	32	57	46	1	25	42	57	28	7	58	59	60	16	10	8	34	53	43	34	4	20	3	37	41	
20	12	10	1	21	3	42	36	58	25	39	7	52	29	43	48	10	22	38	26	22	44	53	15	16	14	5	28	57	40	4	5	37	13	57	52	2	33	26	47	50	55	49	31	8	4	17	15	27	50	26	35	18	6	24	22	11	31	37	23	
59	43	58	36	38	37	15	40	1	39	11	50	17	51	17	30	51	32	26	2	26	49	20	24	43	46	44	48	19	34	37	18	43	29	32	10	47	44	35	52	11	41	31	20	22	42	54	5	4	51	6	14	29	12	31	13	56	23	60	8	
