19	19	32	38	40	27	13	41	38	1	19	39	2	45	28	4	1	36	16	37	43	16	29	39	15	22	44	37	30	3	32	7	28	42	23	19	17	40	20	14	45	5	4	6	2	
36	45	8	24	20	4	26	34	30	17	1	4	14	42	31	14	27	42	39	15	17	18	37	9	41	9	7	38	10	10	40	43	16	3	26	32	5	6	25	31	19	33	44	35	28	
29	3	10	23	1	29	37	23	24	6	16	30	17	12	37	25	8	39	43	8	18	28	10	20	5	38	43	40	37	33	23	19	33	31	41	39	21	35	14	42	38	34	23	7	44	
19	36	4	18	31	16	40	11	23	19	21	21	15	13	10	44	40	32	37	24	23	29	1	18	2	38	8	32	20	22	28	44	17	36	25	43	5	14	14	33	30	39	5	2	12	
20	6	3	4	40	30	31	20	28	1	25	26	14	9	5	38	42	8	12	30	27	7	32	43	25	24	33	23	26	34	31	10	35	39	13	33	22	3	15	9	11	34	40	29	40	
3	24	34	9	33	24	39	37	15	35	22	36	25	42	23	8	33	26	1	31	41	31	11	3	4	17	9	42	16	38	27	16	10	19	22	40	43	20	44	12	7	18	41	45	21	
15	4	10	43	3	38	43	39	2	44	38	23	12	24	43	45	9	11	11	32	37	10	24	13	5	36	21	19	37	14	41	16	11	5	17	11	1	9	18	45	20	6	28	22	33	
23	24	1	38	32	30	27	1	13	33	3	2	6	26	36	13	28	44	29	28	10	44	30	24	7	31	33	15	18	7	4	45	34	44	35	20	33	16	25	43	6	37	42	10	11	
37	27	35	41	8	22	10	5	8	31	14	43	24	27	13	36	32	17	23	38	4	2	20	15	24	16	25	9	17	39	18	13	19	12	6	24	40	21	33	44	26	45	1	34	31	
18	20	15	32	40	2	33	39	26	7	15	38	29	22	14	21	44	25	44	16	35	20	6	1	13	9	10	17	19	39	45	30	18	23	20	11	25	12	8	3	16	28	45	5	24	
12	30	5	41	26	24	28	6	28	34	23	41	41	36	8	39	40	41	10	18	14	25	40	27	30	2	44	11	45	9	16	16	42	25	15	29	3	34	31	33	21	4	35	20	44	
1	19	44	2	33	14	12	16	7	40	43	6	36	12	11	3	32	23	42	16	29	21	22	23	9	14	4	17	8	27	14	5	45	10	4	35	28	24	3	32	12	13	43	15	25	
5	14	7	33	9	27	15	33	1	34	2	20	41	16	24	20	34	27	15	3	35	11	36	17	10	21	26	12	22	35	32	32	4	43	18	14	29	35	13	37	31	6	8	22	30	
28	39	20	14	13	29	8	19	15	21	32	40	3	4	21	35	33	5	34	36	26	8	16	14	12	10	2	22	14	23	7	6	19	37	20	30	11	27	7	24	43	38	25	44	41	
41	37	29	43	34	23	29	36	44	40	7	6	1	33	25	19	37	24	35	21	41	26	36	28	27	18	21	30	38	23	20	38	22	8	39	3	28	31	43	31	32	2	41	40	39	
18	34	35	1	28	15	41	3	3	18	27	19	44	9	16	26	25	6	43	29	45	43	17	17	8	44	35	6	2	5	42	20	43	30	14	24	4	13	24	7	35	11	21	31	32	
42	17	2	44	12	34	1	15	3	15	13	6	9	18	10	11	17	28	14	44	36	34	4	6	18	5	38	33	28	24	9	21	37	14	26	7	45	22	27	8	10	36	19	3	16	
25	18	25	7	28	31	45	22	27	3	37	34	39	29	21	20	35	39	15	8	22	19	5	3	6	17	42	38	32	4	9	16	23	33	21	10	18	26	26	1	26	24	35	17	13	
8	34	42	6	10	2	25	31	11	33	33	25	27	23	16	29	35	37	7	25	12	11	40	32	43	44	17	16	29	36	22	35	24	16	45	29	26	23	19	34	15	1	18	39	26	
29	28	13	18	39	35	32	9	28	23	3	29	38	22	12	28	43	4	5	17	2	40	37	30	3	27	41	6	42	39	36	20	26	11	44	25	7	33	30	31	9	8	16	44	14	
24	24	6	25	33	28	24	26	16	12	31	40	5	41	32	7	29	11	27	35	6	3	38	36	30	22	9	19	37	45	35	17	29	1	39	21	25	23	42	38	39	33	43	2	34	
30	5	15	37	27	9	2	33	3	43	22	22	44	1	16	6	33	38	30	34	39	10	7	10	12	8	8	44	40	45	29	23	3	1	19	31	12	17	16	11	24	42	33	18	39	
8	16	24	43	5	14	34	13	18	45	26	21	7	23	19	10	11	1	17	8	15	4	19	35	25	28	6	18	23	29	10	31	39	38	24	41	4	30	13	27	18	32	9	33	20	
26	35	21	27	1	33	44	10	4	38	31	32	3	2	8	28	16	34	17	6	17	17	15	28	29	39	43	20	42	25	31	24	10	13	3	16	41	6	23	4	42	13	36	42	18	
39	20	33	25	41	36	39	12	3	26	44	39	28	14	40	4	4	17	18	12	24	38	13	34	20	14	29	31	1	30	2	43	9	32	27	5	23	25	21	35	3	15	25	37	31	
17	38	33	39	7	4	21	42	14	8	22	25	40	5	29	22	4	30	31	41	3	36	19	25	16	43	32	30	24	19	13	44	8	6	32	23	7	15	20	26	25	9	10	27	4	
35	44	9	18	25	5	25	20	21	9	38	16	38	19	41	16	30	35	28	39	26	45	5	2	24	27	22	26	33	37	23	27	31	32	4	15	34	26	40	6	1	28	29	36	44	
20	7	32	15	30	23	38	33	32	41	16	11	13	36	3	1	12	35	34	40	42	1	33	20	44	37	11	24	15	2	27	39	1	14	5	35	6	4	27	25	38	43	39	10	29	
40	13	37	33	45	39	22	7	27	42	4	15	2	30	34	5	10	32	11	26	34	6	18	41	29	1	3	22	44	44	8	43	12	44	28	9	39	2	17	18	14	23	38	5	19	
31	7	12	16	22	42	9	23	17	1	5	16	43	23	15	39	24	14	8	26	40	19	21	45	33	33	1	7	34	44	10	13	11	25	26	28	19	40	4	36	45	20	10	41	26	
26	40	8	42	44	32	35	16	5	36	1	45	26	15	20	23	26	41	34	10	16	14	27	8	15	25	13	18	35	6	3	13	43	8	9	38	44	1	6	17	28	12	2	10	22	
21	41	11	10	21	13	30	32	44	2	8	17	8	31	11	12	36	21	4	41	34	1	38	37	14	2	19	19	39	27	43	18	14	7	25	42	15	28	35	7	16	34	33	23	15	
36	29	41	16	37	42	11	35	39	40	45	38	16	21	38	36	17	7	9	22	36	5	42	3	27	4	10	25	28	31	33	23	13	34	43	7	30	4	1	19	41	44	16	8	23	
4	45	45	8	14	18	4	17	7	5	42	7	19	22	39	9	7	21	22	38	20	27	25	17	26	3	11	27	29	20	6	28	17	44	30	33	20	38	42	40	2	10	12	18	31	
43	31	22	13	4	19	29	35	42	40	20	4	10	44	18	27	6	40	41	9	29	30	33	21	23	16	28	32	18	7	40	11	33	21	24	37	38	8	34	38	45	3	40	12	7	
17	42	10	17	30	20	42	18	45	22	38	24	44	25	36	2	14	5	33	32	30	23	31	34	11	26	37	13	27	8	19	39	36	28	7	25	44	9	40	4	34	37	32	38	15	
16	41	23	26	29	15	14	8	3	4	18	27	35	28	6	34	5	2	29	30	14	9	29	22	44	40	6	36	17	3	11	38	42	41	16	39	44	32	37	6	33	19	30	21	42	
38	8	44	45	34	37	10	1	12	27	42	3	38	35	21	40	37	13	44	23	25	20	26	5	17	28	36	17	21	10	11	14	15	7	11	16	33	18	5	9	5	7	22	2	2	
26	1	43	41	36	25	18	7	6	27	15	31	20	28	2	21	37	12	33	4	20	8	40	44	9	7	45	14	14	11	17	37	40	16	37	13	30	10	39	38	35	13	23	3	5	
22	24	36	40	16	33	17	14	32	13	19	32	18	37	43	24	13	42	20	21	28	44	10	33	45	2	23	8	25	26	5	3	2	36	38	15	31	14	32	13	41	21	4	6	1	
44	23	9	35	32	40	16	35	8	8	30	4	35	43	21	13	45	21	19	42	18	39	21	38	22	41	20	30	3	30	34	37	5	2	31	36	32	7	29	10	18	18	6	9	13	
11	23	17	37	2	9	7	38	35	9	19	28	21	1	26	3	39	22	12	43	5	6	34	15	32	18	31	3	8	41	19	25	16	36	12	15	42	17	24	34	23	29	19	1	37	
45	9	25	19	15	21	24	16	43	36	10	12	26	17	27	30	30	3	36	23	6	13	23	26	23	11	44	4	31	40	44	17	1	15	37	22	37	29	32	39	8	37	7	38	35	
23	10	37	20	2	12	26	21	31	11	34	36	4	41	17	2	38	34	13	14	29	24	43	39	18	33	15	4	35	3	25	8	27	9	32	16	36	19	28	7	22	16	3	26	6	
27	32	14	12	35	5	42	24	7	37	15	44	45	34	22	41	1	43	21	4	19	31	25	40	2	30	8	28	4	13	30	9	18	26	18	6	39	9	36	2	5	31	11	42	17	
