8	41	9	22	1	1	26	19	9	5	4	3	23	10	42	43	31	1	6	32	4	7	41	44	19	12	42	27	8	11	41	15	25	13	9	18	11	33	35	24	42	45	24	17	5	
26	19	40	24	20	31	32	30	25	34	2	41	29	26	1	41	21	22	18	36	35	37	44	27	28	23	33	38	4	42	39	34	12	31	10	43	14	2	13	43	45	11	3	5	6	
42	22	20	15	37	9	8	30	12	31	10	37	11	38	39	3	21	32	12	4	2	1	16	1	13	11	40	26	7	19	27	5	41	14	21	34	13	28	17	29	16	33	19	30	21	
17	30	1	1	39	10	45	2	23	43	8	38	41	38	5	12	25	4	9	29	22	40	1	7	16	27	27	11	43	13	25	14	36	30	18	34	37	15	31	19	20	43	21	24	42	
12	27	25	20	33	6	1	32	11	12	9	35	36	13	38	4	41	9	44	23	24	30	21	37	21	39	7	23	5	22	26	21	2	45	38	31	10	36	28	25	3	34	13	40	43	
10	41	43	23	37	26	45	27	43	41	45	31	7	27	44	26	3	14	24	7	5	14	22	45	40	44	6	28	16	42	29	25	36	30	8	32	3	4	11	9	3	15	42	7	1	
33	31	2	45	13	13	9	24	32	6	23	36	8	3	4	10	29	32	43	7	35	34	13	42	44	22	42	12	14	1	9	11	35	15	4	5	38	17	28	25	21	3	16	37	18	
14	40	36	5	42	1	37	35	18	31	30	37	32	45	3	30	13	7	24	26	15	21	11	29	8	32	9	8	6	1	16	15	38	10	17	39	15	19	27	30	4	20	26	33	13	
34	21	23	45	43	8	13	15	23	1	20	16	7	32	16	5	7	35	2	21	11	45	34	22	31	24	25	44	2	12	17	33	30	43	36	24	4	2	3	37	8	18	6	12	9	
18	22	17	12	28	36	20	26	29	38	16	4	19	19	6	34	32	40	16	35	30	37	37	36	33	26	41	6	31	13	21	6	39	42	15	22	23	43	4	45	44	17	9	8	2	
9	39	24	9	8	11	43	4	5	31	41	28	32	6	16	42	20	19	33	4	31	10	27	23	6	32	13	21	38	18	13	7	16	34	12	21	44	7	30	45	1	25	32	29	26	
45	28	6	16	13	7	7	14	38	35	24	22	44	42	12	21	7	17	35	1	25	15	40	37	43	44	39	24	29	25	10	26	5	13	2	19	24	8	33	18	44	13	34	40	11	
43	14	22	11	2	19	41	13	18	37	15	14	28	43	40	5	5	18	7	22	23	26	5	33	12	17	29	25	10	21	33	16	39	8	21	44	24	21	20	39	27	29	30	42	31	
5	6	41	27	17	15	2	40	26	32	10	39	20	33	8	44	18	17	37	30	42	34	7	15	3	4	29	36	14	23	19	24	34	21	9	2	35	10	39	11	38	12	7	13	39	
12	9	16	33	5	43	28	36	8	40	44	17	29	39	35	11	17	12	42	33	10	41	24	18	40	37	14	1	3	22	38	19	35	20	5	45	8	30	34	20	29	35	2	17	27	
22	26	2	30	27	39	44	20	16	13	19	12	24	17	13	6	14	29	44	25	31	33	35	20	32	7	2	13	1	28	43	20	3	42	11	36	34	5	5	8	23	21	18	9	45	
28	7	8	16	10	35	45	41	29	17	25	41	26	35	43	44	37	18	45	31	27	27	29	34	29	36	8	2	6	14	42	38	22	11	7	30	4	12	32	31	33	14	39	15	1	
22	11	36	44	12	26	21	36	9	5	17	43	17	24	10	32	25	45	13	32	14	39	34	18	29	24	3	40	8	14	1	33	31	39	30	39	18	8	36	33	17	4	26	32	25	
39	23	10	35	33	40	42	31	33	19	11	15	25	9	19	45	6	11	26	5	44	16	26	4	7	13	18	11	41	17	40	32	29	1	27	14	43	20	43	28	2	13	8	21	22	
18	16	30	33	45	31	29	14	17	30	21	24	8	36	18	14	28	8	41	26	32	14	23	8	9	10	2	31	10	26	44	25	40	33	11	37	23	1	12	37	34	35	13	32	38	
35	5	10	38	44	41	19	10	22	33	23	30	31	2	37	9	5	21	8	42	36	4	18	39	18	11	20	6	25	3	32	23	5	7	16	8	40	38	24	13	22	14	40	12	11	
36	18	13	9	30	8	5	38	30	39	12	41	6	17	19	13	8	40	22	6	7	27	42	43	10	7	24	10	11	33	18	40	14	35	7	41	2	16	35	31	15	41	23	20	17	
45	24	23	39	43	27	4	29	28	6	42	40	27	11	41	13	26	43	27	20	6	17	20	12	4	1	20	5	21	30	22	19	7	1	19	8	31	17	44	11	25	36	1	10	43	
2	24	28	45	3	1	6	24	27	20	32	23	37	41	4	19	12	20	29	17	40	41	45	9	35	15	34	29	18	1	33	21	22	16	17	38	17	22	14	42	42	43	24	31	36	
23	10	5	2	4	28	39	43	24	7	37	36	1	19	9	44	11	26	25	19	3	13	41	18	22	32	21	29	13	15	16	34	16	27	32	17	6	30	18	25	35	2	20	33	30	
34	36	32	12	14	4	19	23	42	41	43	33	12	23	45	18	36	30	38	15	21	7	17	10	24	44	42	34	19	35	8	9	22	2	19	40	1	37	16	3	31	22	32	6	36	
37	16	26	25	6	35	7	17	9	11	1	5	13	29	26	8	42	32	27	38	10	18	43	5	36	42	44	3	34	35	45	28	10	27	4	13	21	12	39	28	22	33	40	41	23	
15	42	14	7	19	12	21	44	10	23	36	9	13	43	2	8	39	27	15	18	37	33	1	45	20	25	25	8	13	16	23	35	9	41	3	33	5	21	32	17	37	24	30	11	16	
29	22	15	15	34	36	10	26	31	15	3	7	38	7	24	16	34	20	19	28	11	9	37	32	39	13	22	11	40	35	25	28	17	42	5	10	30	10	37	14	36	41	27	23	33	
1	29	27	13	5	14	30	11	3	12	2	21	38	18	13	33	40	39	1	41	4	8	25	8	38	34	42	32	11	20	23	17	45	43	27	9	9	24	17	16	24	26	34	19	39	
45	8	37	43	7	30	41	16	6	8	13	44	2	40	11	19	9	21	23	2	12	29	15	19	6	31	2	33	17	13	18	19	24	7	22	25	36	26	42	45	39	45	41	34	3	
3	12	45	27	40	7	31	21	19	9	24	1	8	4	20	25	25	36	5	33	10	22	23	28	14	27	15	19	23	7	19	27	26	17	5	16	20	34	32	38	6	29	41	18	22	
13	30	7	3	27	42	16	6	15	41	26	40	17	3	21	19	19	43	1	32	8	12	14	39	4	9	38	23	1	43	2	12	27	1	20	12	39	40	22	13	32	38	25	28	5	
29	25	16	26	21	7	33	36	20	27	38	29	18	12	27	22	15	44	10	13	13	19	10	3	35	28	38	35	36	41	29	30	23	4	14	1	8	34	40	32	24	31	2	39	38	
27	15	11	21	18	22	38	33	36	45	24	19	43	8	13	36	34	33	16	35	1	13	2	40	5	21	12	31	24	6	30	44	19	39	25	34	17	23	23	7	20	3	28	26	4	
36	13	42	28	23	29	25	41	30	15	5	2	31	34	20	35	15	24	11	12	45	43	21	20	18	33	37	22	12	4	29	1	19	23	26	3	11	9	38	37	40	41	36	11	32	
16	5	3	35	9	10	34	5	35	5	27	26	4	44	36	2	30	32	17	8	16	14	19	22	6	5	10	43	45	18	24	12	27	28	45	42	41	37	1	40	7	23	13	22	19	
4	17	4	37	26	13	6	39	22	36	39	32	39	35	29	17	16	41	41	2	43	32	3	38	30	40	30	7	44	27	29	42	1	31	33	13	45	6	2	34	26	5	19	25	8	
42	38	12	40	39	5	35	23	4	26	14	34	9	16	37	39	42	42	28	32	29	36	34	24	35	18	8	33	32	29	31	26	33	28	37	20	38	13	45	1	41	17	32	7	30	
30	39	31	19	22	15	3	12	9	21	43	25	24	37	14	15	17	38	36	44	15	20	39	32	23	32	26	41	24	29	28	6	20	5	21	2	27	19	7	28	43	7	10	26	13	
19	37	11	8	31	16	19	3	1	4	18	30	30	5	13	17	22	15	41	24	41	35	3	21	45	29	14	10	39	37	9	14	32	25	23	22	42	44	22	43	4	2	33	36	7	
41	6	18	15	11	44	12	32	45	24	35	37	42	4	30	39	23	41	31	39	11	5	36	11	25	27	16	18	15	2	34	10	6	44	28	4	40	29	43	20	13	26	38	13	40	
25	4	19	18	31	3	33	34	41	42	16	27	7	31	7	20	5	1	16	9	16	16	5	6	11	8	23	37	44	32	24	22	30	26	44	20	33	30	15	26	10	28	6	43	21	
38	7	29	39	24	31	11	41	37	15	6	36	33	35	15	19	27	16	12	3	17	25	32	44	41	17	35	21	20	28	36	10	42	13	1	21	7	14	13	30	32	19	31	15	28	
23	43	33	34	15	37	14	28	21	8	22	42	45	1	17	36	27	31	25	6	34	11	37	13	19	26	35	30	9	10	40	29	44	32	24	1	16	28	25	41	5	7	35	38	39	
