42	33	15	31	23	16	19	42	43	11	37	27	33	30	26	26	28	16	44	6	7	33	45	1	1	41	36	30	29	44	2	16	17	4	34	37	18	5	31	13	13	20	44	3	10	
22	28	33	43	30	43	9	16	38	7	21	39	3	4	20	44	8	34	12	15	19	2	37	28	40	9	41	17	5	42	24	32	21	18	34	6	12	10	23	11	13	45	14	13	25	
31	10	16	24	19	36	2	25	25	28	15	38	18	36	3	11	19	32	36	39	24	43	3	23	20	17	34	13	21	44	22	12	6	35	33	30	37	32	7	14	12	26	4	40	27	
4	5	37	39	38	29	16	33	36	36	11	12	29	28	38	26	2	2	40	42	32	18	24	23	30	36	43	15	37	27	34	45	29	31	37	35	11	13	11	7	8	20	17	34	1	
6	19	7	12	7	1	3	23	29	24	5	17	16	18	14	2	10	20	28	38	14	8	8	25	21	13	28	45	33	21	9	36	37	16	11	41	15	22	26	2	30	32	17	4	9	
35	3	16	13	36	6	24	45	12	44	26	28	31	30	15	4	32	9	45	1	14	39	18	19	21	25	8	6	2	16	12	33	24	34	42	11	36	20	9	10	22	39	37	5	21	
5	14	6	11	11	10	29	9	33	45	28	10	12	38	8	33	13	45	15	38	1	17	33	24	31	44	43	21	36	7	40	38	18	5	2	34	19	27	41	4	31	30	18	16	17	
30	33	31	27	39	28	33	15	13	9	43	10	11	23	5	16	22	40	32	24	38	17	41	24	17	4	14	41	34	14	18	19	7	8	41	12	32	26	17	42	44	21	20	2	3	
13	15	21	12	4	42	2	26	42	30	1	6	42	39	30	8	15	43	19	19	36	20	3	22	34	5	12	14	20	11	11	38	30	29	7	38	31	9	16	25	36	23	35	30	17	
17	43	31	14	21	10	8	38	18	26	32	19	36	41	44	6	11	34	33	45	40	31	27	1	7	11	42	24	1	25	3	19	28	23	35	2	30	40	4	7	20	26	29	15	26	
26	24	42	12	17	38	12	45	25	10	3	39	4	24	41	33	16	13	18	43	45	22	33	44	16	37	15	1	19	33	31	2	10	27	14	24	23	28	21	5	32	29	36	39	6	
29	31	24	1	2	19	5	21	11	1	41	45	21	3	17	6	30	12	20	14	23	41	34	6	22	37	44	1	32	33	9	25	16	30	26	27	9	21	8	17	28	40	22	7	45	
36	3	26	7	20	44	34	21	37	38	1	29	30	45	18	22	13	39	42	3	14	16	16	40	15	31	18	19	11	14	12	44	21	41	10	1	45	43	19	35	38	17	23	28	24	
36	9	39	31	3	39	43	17	7	34	35	41	11	8	5	23	18	8	4	16	20	1	13	17	19	7	21	39	24	1	25	14	7	10	41	15	2	44	27	12	36	14	6	45	19	
15	20	39	21	27	17	40	26	32	16	2	43	28	38	22	26	19	36	31	24	37	42	30	33	23	1	24	41	11	18	19	26	44	17	3	20	29	40	5	21	9	6	16	8	4	
40	19	17	29	9	45	24	4	34	8	30	32	32	22	42	10	45	23	8	18	23	33	3	26	35	21	29	37	43	31	44	34	1	12	15	14	16	38	22	2	4	5	39	40	36	
38	45	28	14	5	2	41	41	3	16	29	21	6	24	15	30	20	8	35	36	31	1	11	17	20	10	25	28	7	17	19	43	21	42	16	30	44	9	32	9	23	4	28	26	32	
40	16	4	8	1	44	32	44	7	12	23	21	33	3	27	6	17	21	24	19	34	6	19	2	28	19	22	35	44	9	19	3	20	28	13	25	24	39	18	29	45	45	5	36	7	
32	38	21	15	14	3	5	27	16	5	11	40	31	43	45	34	14	1	10	1	8	29	23	44	6	7	3	4	12	35	11	40	24	26	11	44	22	14	20	42	17	28	34	9	30	
36	39	3	33	45	2	1	34	22	41	38	30	42	38	37	34	4	36	11	27	45	13	9	12	30	6	31	17	44	34	5	29	24	2	23	29	43	19	15	17	12	14	7	12	8	
41	43	10	36	13	34	33	24	2	3	12	3	32	26	43	18	29	30	1	26	4	27	28	20	5	5	37	11	8	15	22	6	9	29	44	21	23	31	2	22	35	19	22	25	14	
23	2	31	5	1	18	13	32	41	30	31	44	25	45	11	29	19	16	35	4	10	14	28	42	21	3	29	38	29	6	39	4	8	21	13	17	45	23	40	35	12	23	43	34	20	
45	22	44	14	16	42	21	28	22	23	8	28	5	42	9	14	39	17	25	20	34	32	15	9	33	11	26	14	3	18	38	1	44	36	19	13	28	2	6	18	19	7	35	27	6	
3	38	43	25	15	14	11	5	26	25	33	31	9	6	30	25	42	36	21	28	12	31	16	13	35	22	35	39	17	19	40	24	4	42	1	22	8	16	34	37	38	27	32	10	29	
8	29	21	3	2	4	8	39	14	25	25	42	10	22	16	21	21	37	29	17	42	11	28	15	38	17	1	21	40	5	45	8	31	19	8	32	24	23	28	42	41	12	35	13	38	
3	36	19	45	18	38	39	32	20	2	34	40	1	5	32	3	44	4	41	21	6	30	7	22	9	43	22	25	37	37	16	40	25	11	8	1	33	33	31	15	32	13	38	37	12	
28	45	18	25	37	33	35	19	34	15	30	36	35	14	25	24	34	22	8	25	16	6	10	45	34	9	38	5	45	39	20	32	30	32	9	26	25	3	1	11	21	35	11	6	2	
33	30	33	4	35	11	23	45	15	27	39	24	26	40	20	9	20	14	43	5	18	21	26	28	25	42	36	16	6	35	13	34	24	44	36	19	17	17	29	31	1	22	7	20	13	
31	32	30	40	25	31	10	43	17	31	22	11	20	33	19	14	5	2	43	7	41	20	12	10	42	40	13	6	45	34	16	28	14	5	27	36	33	1	39	2	37	20	18	4	15	
34	22	14	37	24	11	30	42	26	1	34	26	8	44	30	38	19	18	13	21	43	45	17	35	41	20	19	13	39	27	23	24	2	33	20	31	4	3	25	36	7	3	12	21	22	
39	8	38	9	15	20	3	18	30	42	13	2	14	28	1	40	12	24	44	41	42	28	3	4	10	42	11	32	6	17	6	5	29	3	21	3	25	33	24	16	19	32	22	37	20	
13	35	27	41	31	26	36	17	39	43	32	33	3	25	38	24	37	40	5	40	17	12	19	39	44	29	18	25	9	7	42	25	3	28	18	45	7	13	13	38	10	1	18	11	23	
16	30	11	15	40	3	31	6	18	29	36	6	43	13	18	12	14	41	15	44	10	4	44	27	14	45	33	18	20	1	38	30	35	45	5	27	3	32	37	23	11	24	34	13	42	
2	26	14	42	38	7	9	40	9	33	13	3	25	27	24	23	21	6	14	13	11	42	20	36	32	44	45	13	30	9	15	35	39	25	28	37	33	41	28	43	34	38	45	12	16	
21	37	36	32	7	9	38	2	24	25	40	20	29	8	10	35	18	42	32	8	27	15	31	19	43	30	3	44	34	22	6	11	7	39	43	16	12	32	17	28	9	18	13	34	19	
20	27	33	16	19	39	37	30	28	17	29	18	23	19	2	37	31	14	45	27	9	5	32	41	19	24	7	29	35	3	1	4	33	37	22	3	34	11	38	14	40	19	42	14	42	
34	40	32	7	41	10	14	4	1	12	42	17	24	9	1	25	15	3	16	10	20	19	34	37	11	8	18	27	40	20	28	33	22	13	38	23	25	12	20	26	29	2	44	40	18	
7	21	24	10	32	24	35	3	18	22	18	34	37	42	23	17	29	15	40	2	5	11	25	12	36	3	39	33	13	29	44	16	9	30	23	4	6	10	9	26	31	21	8	35	26	
34	4	5	1	42	7	15	7	27	19	36	35	14	29	44	13	33	12	9	12	39	23	21	3	15	2	34	34	11	24	8	44	25	16	6	10	20	14	22	30	32	31	43	1	37	
1	43	29	17	11	37	1	20	10	6	44	13	45	31	21	16	36	25	32	22	23	3	28	30	24	38	16	31	41	17	27	38	15	8	4	28	4	7	44	19	18	35	33	14	32	
9	34	44	30	25	8	17	23	40	1	4	36	19	32	28	36	12	26	6	24	33	31	29	34	37	41	10	22	31	21	29	39	15	38	23	42	41	39	24	35	43	21	25	18	13	
11	1	34	41	6	5	24	41	34	18	26	37	25	7	8	15	35	1	17	23	28	24	14	21	31	12	8	20	34	26	29	8	19	9	43	28	10	25	30	38	33	16	22	22	15	
34	41	7	34	41	21	20	8	42	37	45	4	7	5	36	22	24	38	1	30	39	35	32	9	12	27	2	27	10	22	43	40	5	43	32	3	23	6	12	33	38	11	26	40	28	
10	23	45	18	22	26	44	4	19	11	20	41	17	1	4	37	42	5	2	37	24	39	26	31	3	37	27	28	14	30	33	41	1	40	37	29	11	39	35	27	15	5	21	32	9	
19	19	2	16	26	43	45	11	21	31	19	14	13	29	29	31	23	27	29	9	3	7	22	38	35	39	4	37	16	28	4	42	10	15	12	17	5	17	33	24	6	8	40	43	34	
