38	11	37	17	45	12	43	31	20	13	21	32	45	42	18	44	30	28	3	3	40	42	5	44	14	25	10	24	24	33	14	35	21	26	4	7	35	6	35	15	17	16	5	22	17	
21	25	44	1	32	6	45	26	9	4	42	31	18	18	7	3	36	40	28	15	41	33	10	2	27	28	22	2	30	5	16	8	23	19	1	11	34	12	37	38	13	39	20	24	17	
31	22	4	30	2	23	30	39	37	34	25	17	7	24	44	6	44	45	33	22	5	38	4	8	34	40	19	26	16	39	41	44	20	1	35	27	22	15	25	11	2	3	32	13	23	
28	23	19	32	9	38	42	6	40	9	37	36	26	14	4	24	11	7	3	10	37	27	29	5	8	44	4	12	28	15	30	16	35	8	45	3	13	1	17	5	18	40	39	30	20	
40	6	22	44	7	29	41	38	17	43	2	20	6	9	7	25	44	21	11	4	24	18	7	23	21	10	26	21	8	16	32	6	19	13	2	30	2	3	28	27	42	31	34	45	1	
45	22	36	17	37	38	1	15	4	19	33	18	5	13	22	18	6	32	41	15	31	31	14	38	11	34	32	42	27	37	35	25	18	23	39	14	20	44	26	21	15	24	43	24	29	
24	39	31	8	33	5	44	16	16	35	31	9	18	25	34	14	11	11	29	32	9	41	3	5	26	29	27	42	28	1	24	2	38	14	13	36	16	10	5	37	40	33	42	18	17	
28	29	25	43	18	16	12	18	23	14	41	4	44	36	33	42	19	38	39	30	3	21	43	10	30	31	9	22	32	24	37	20	13	27	15	35	40	24	5	9	45	6	17	38	2	
2	32	16	37	30	43	45	3	45	7	37	35	13	11	20	42	8	37	9	24	11	1	17	33	4	29	28	5	44	25	3	6	10	16	12	37	19	14	15	18	10	41	11	21	22	
28	21	15	24	32	36	32	30	12	24	31	38	11	40	41	34	2	6	41	16	13	37	38	9	41	14	15	35	22	39	44	9	17	18	30	42	45	21	25	16	43	14	7	6	19	
7	37	12	10	38	32	19	34	29	31	27	40	5	21	14	3	17	20	13	26	2	15	30	21	44	43	23	17	9	26	28	22	16	44	33	5	35	4	43	24	39	25	11	41	42	
21	42	11	45	14	41	7	33	30	25	29	25	1	6	37	31	38	9	43	34	39	8	22	3	3	2	39	32	4	40	31	36	34	44	27	7	5	31	10	21	15	26	5	19	29	
39	1	19	7	4	6	2	16	32	44	23	27	42	6	35	34	34	17	27	33	3	36	30	31	22	3	5	45	12	28	29	10	26	43	15	37	8	18	6	9	14	30	24	15	40	
18	2	26	32	27	17	39	10	44	22	36	6	31	34	15	11	20	22	42	22	35	35	28	4	41	24	22	23	7	35	19	22	37	45	14	19	16	4	38	17	30	22	21	20	8	
32	28	32	14	28	7	45	17	39	9	9	22	35	29	33	23	4	15	16	1	25	40	13	32	30	27	18	44	7	31	12	37	18	41	9	45	7	8	18	5	20	33	25	10	13	
10	34	14	22	8	19	5	44	29	36	24	16	8	26	27	44	35	22	15	34	29	17	39	40	40	41	12	16	25	23	33	40	18	6	21	28	30	31	32	11	37	44	38	42	43	
3	26	14	31	44	45	11	21	43	3	13	44	19	26	23	39	19	14	8	22	31	34	42	14	12	6	35	15	34	17	39	1	40	5	24	37	10	32	17	7	32	27	8	4	12	
27	1	28	44	13	3	35	44	42	1	15	7	40	30	39	10	25	33	2	34	9	43	41	45	12	8	29	43	11	36	14	42	34	33	44	12	33	37	4	6	38	22	5	31	16	
30	38	32	23	44	18	35	40	10	32	11	20	20	6	36	8	18	31	2	5	28	6	41	13	15	28	3	41	27	34	45	17	27	29	36	24	2	23	21	9	9	36	33	25	2	
21	40	17	10	1	18	36	9	12	8	26	44	7	18	30	41	15	44	20	1	32	40	2	14	21	16	26	10	45	11	8	27	1	24	34	4	45	19	10	22	23	35	13	34	5	
41	34	23	2	10	22	27	6	21	1	28	38	24	38	35	32	43	19	37	25	3	39	23	26	45	36	1	38	13	39	40	8	29	21	3	37	42	35	44	19	33	24	18	16	14	
11	8	16	28	42	39	28	41	14	10	44	12	12	35	16	11	32	20	34	6	27	23	7	14	24	29	13	43	43	20	17	9	25	30	38	26	21	19	18	40	30	15	7	1	8	
19	2	38	43	40	3	23	22	12	37	42	39	41	44	40	17	13	8	39	2	41	20	27	21	40	26	1	14	29	45	19	3	6	16	3	1	16	24	25	33	25	28	30	14	31	
23	30	40	33	26	42	33	2	25	5	39	2	3	5	28	7	22	33	12	42	34	14	18	16	36	4	37	15	31	10	38	12	41	34	43	20	27	45	24	9	44	11	8	6	21	
40	4	2	33	12	41	20	23	11	39	18	13	36	31	39	43	17	10	38	3	12	16	32	44	27	45	33	1	12	37	16	5	37	15	35	8	8	17	35	25	11	7	32	9	33	
33	40	10	38	30	20	2	45	9	2	24	8	35	27	17	23	1	25	20	13	19	32	25	29	28	1	44	30	39	41	22	21	42	36	18	29	14	16	25	23	24	8	31	12	34	
4	41	36	26	19	8	3	3	31	30	32	36	27	16	33	28	43	12	21	38	20	7	6	41	29	33	11	35	10	28	25	9	22	14	33	39	26	34	36	9	17	23	5	5	43	
35	27	45	45	5	36	18	11	43	20	35	23	33	29	29	13	14	40	30	32	36	18	12	19	14	28	40	2	26	42	43	24	19	3	22	21	37	40	31	32	17	34	6	2	10	
36	13	21	29	2	14	13	18	19	36	38	40	28	32	25	20	24	5	43	27	20	26	12	22	9	41	34	28	43	32	42	32	4	15	23	4	31	39	26	2	35	14	3	7	6	
31	31	30	33	34	9	13	9	16	28	17	10	20	2	12	12	41	3	14	18	21	22	43	9	1	5	32	19	4	44	16	33	36	4	25	23	10	38	39	23	26	45	37	39	7	
1	3	44	4	21	18	25	42	14	32	43	23	23	12	24	26	33	15	17	36	44	32	45	34	16	18	5	20	14	6	27	12	11	24	19	29	41	39	30	13	30	37	33	8	32	
16	34	24	28	3	13	32	43	7	15	7	29	24	33	41	27	4	18	39	35	27	25	24	28	7	37	8	26	34	16	20	39	2	38	27	9	2	11	1	13	31	12	40	14	41	
34	35	3	42	26	33	28	5	9	6	9	2	10	33	26	24	12	22	31	45	4	44	8	11	37	17	38	7	9	13	43	14	35	20	16	13	29	28	19	41	38	32	40	23	14	
25	35	20	2	22	24	2	14	28	18	8	42	15	4	10	16	7	8	5	2	17	20	31	1	32	27	36	13	21	3	26	42	39	4	41	6	33	9	23	5	19	28	12	30	37	
20	43	41	34	5	40	4	22	27	42	7	6	38	24	31	38	9	26	25	11	25	35	31	30	10	1	2	43	6	30	36	28	32	33	8	35	24	11	16	3	12	29	14	3	13	
41	44	9	25	23	22	6	19	12	33	31	5	32	28	16	21	10	44	18	39	7	45	15	13	20	23	24	3	41	26	45	34	20	8	19	2	32	27	15	42	10	43	44	11	21	
22	26	35	15	36	26	24	39	1	34	12	20	16	8	13	36	18	23	15	28	23	19	7	6	25	7	15	21	5	21	2	21	44	32	37	40	17	20	33	15	3	1	41	27	30	
5	12	23	9	23	44	36	1	2	41	19	3	8	42	6	29	2	30	32	38	22	21	11	35	11	20	42	17	11	14	31	23	25	7	33	10	4	21	45	16	27	36	9	28	23	
16	5	29	3	39	20	22	13	25	16	28	11	11	43	12	30	23	37	3	31	26	24	37	41	17	45	14	37	15	38	20	40	7	1	36	39	18	14	12	2	28	37	4	44	32	
26	20	12	11	20	1	28	32	34	28	3	38	43	45	5	37	16	33	40	14	25	29	38	37	39	42	24	33	44	19	18	23	8	28	30	13	30	22	45	17	42	9	13	2	2	
13	30	18	5	28	34	29	15	24	26	14	19	45	42	21	16	27	41	4	41	23	17	25	43	14	9	6	31	17	37	39	30	26	37	30	15	32	33	40	44	1	38	16	35	36	
32	7	35	27	11	35	7	28	18	2	40	22	2	15	36	45	36	16	24	29	6	30	45	20	3	40	17	40	19	4	19	12	9	13	42	18	1	44	41	23	5	37	44	45	23	
37	45	1	5	20	21	14	5	22	38	13	24	3	5	40	4	29	41	19	39	30	38	44	22	42	23	24	28	21	32	3	11	30	39	26	16	19	36	18	34	25	2	10	33	37	
40	33	18	40	1	25	18	37	13	44	30	34	29	14	11	14	21	24	41	7	43	2	23	27	17	19	15	4	35	33	1	30	28	23	31	23	38	41	20	8	6	6	45	21	26	
6	36	39	35	41	2	21	32	26	3	8	45	9	17	32	1	13	13	22	40	29	4	29	37	18	36	20	18	33	43	40	38	30	42	11	14	44	33	7	15	8	19	15	29	12	
