5	6	29	1	3	33	17	15	40	40	36	24	6	27	29	7	34	14	13	41	18	14	26	30	28	45	26	23	39	11	38	27	25	31	20	26	32	34	42	23	35	34	44	37	20	
25	40	7	43	5	7	20	17	31	3	4	35	33	32	34	41	22	13	25	12	30	6	33	18	38	9	2	31	8	36	4	37	28	8	39	42	19	10	11	14	15	16	42	21	44	
28	40	24	45	24	34	27	24	26	3	22	32	3	5	42	43	6	36	25	18	25	14	35	39	25	41	8	44	42	7	1	22	9	23	19	28	16	6	10	39	11	24	31	13	26	
32	9	37	20	38	14	4	10	1	41	39	2	8	35	41	13	33	23	24	8	3	4	28	4	15	20	16	41	5	25	27	34	38	17	11	36	34	19	41	40	19	42	39	26	21	
39	42	5	14	18	17	13	26	43	14	37	22	26	30	29	11	9	20	8	31	28	40	16	6	41	10	23	25	6	45	3	42	44	12	9	19	34	27	1	32	2	33	15	30	24	
36	38	31	15	5	13	2	4	33	5	42	45	25	19	3	29	26	4	27	36	17	40	22	40	32	10	37	19	24	19	34	20	16	18	35	25	39	30	27	28	32	21	24	23	1	
31	5	22	32	30	17	9	29	43	8	20	12	42	37	33	20	35	4	40	7	32	25	1	14	4	26	6	34	10	21	25	36	22	11	28	13	28	41	38	23	3	10	43	3	45	
25	20	34	27	20	38	18	42	37	30	5	21	33	31	27	12	15	22	31	25	2	40	13	2	33	33	1	44	32	1	4	9	26	34	40	42	24	11	43	20	45	7	39	41	35	
18	1	9	44	36	32	6	28	41	5	17	33	4	14	19	1	16	31	26	7	23	27	35	34	29	8	35	37	6	24	27	30	22	38	24	11	24	39	43	25	30	20	10	30	40	
32	36	4	22	19	8	42	41	40	33	28	7	20	13	10	5	37	35	23	24	19	38	6	43	41	29	32	13	44	26	45	26	11	4	9	27	12	2	30	15	39	7	14	16	17	
27	12	13	22	40	39	38	37	42	40	30	22	26	40	17	44	40	2	13	43	7	43	9	13	21	22	4	32	39	14	8	18	29	19	44	28	10	41	20	11	34	15	31	24	44	
7	21	44	6	31	44	19	26	8	27	6	34	35	36	23	7	41	45	33	12	42	20	26	37	34	38	28	38	25	43	42	29	23	39	1	6	40	15	36	2	2	3	4	34	30	
17	38	28	15	23	44	16	40	22	10	34	16	43	31	45	38	32	32	21	26	23	24	18	42	20	19	41	12	7	28	2	28	27	31	3	39	28	25	4	9	29	31	29	30	33	
26	15	6	10	40	35	37	17	9	31	41	36	25	12	42	8	15	24	20	43	16	18	30	35	17	37	19	6	27	39	25	3	13	40	17	7	28	13	29	33	42	20	21	26	32	
18	28	41	38	7	43	12	30	26	44	5	23	21	8	1	11	39	7	22	33	21	32	13	45	11	5	33	35	25	13	23	40	43	16	31	9	18	42	36	41	4	2	17	19	6	
12	24	3	23	5	36	3	43	5	39	11	7	27	43	30	40	18	25	41	38	4	3	10	3	44	2	7	42	22	19	6	38	8	6	13	12	37	13	9	45	5	14	4	33	16	
30	32	39	11	25	29	21	32	35	20	28	42	23	22	16	1	24	13	2	27	23	17	31	33	19	19	43	37	26	28	13	10	34	4	18	41	30	36	33	37	14	13	38	42	3	
1	40	21	11	45	7	31	14	33	23	38	4	25	34	28	12	44	41	28	8	11	28	42	5	13	20	17	30	4	12	20	2	10	45	22	8	15	3	19	41	27	9	6	18	41	
29	13	44	24	38	4	38	27	44	41	40	21	10	19	22	25	43	28	32	41	45	37	4	1	16	5	26	29	6	34	30	40	7	33	15	2	34	12	20	36	5	15	9	19	31	
35	41	27	25	33	27	22	29	36	21	42	37	5	38	41	39	12	33	42	44	7	43	29	16	20	17	26	40	29	1	23	24	43	9	42	45	2	18	26	27	6	19	24	3	4	
24	33	10	16	32	12	28	25	37	2	6	13	25	39	4	27	16	26	22	22	19	9	14	38	30	1	29	45	21	22	42	4	15	12	17	44	21	43	22	18	41	23	34	25	20	
33	4	29	7	30	3	27	44	21	17	25	19	2	28	44	22	30	1	34	39	15	30	20	16	12	40	9	38	27	31	7	23	41	35	23	24	42	9	18	14	26	2	37	27	29	
34	3	11	32	41	7	7	30	23	19	38	25	32	28	9	23	40	25	15	25	1	42	25	8	11	43	34	17	33	16	44	26	24	10	21	17	20	22	6	4	44	45	17	28	28	
23	10	20	2	22	5	8	16	33	15	31	28	8	9	21	24	2	43	5	11	19	19	32	44	34	23	40	22	45	27	9	33	35	33	36	17	34	37	36	26	7	25	12	12	38	
24	39	31	28	40	45	43	18	32	1	44	7	38	25	10	19	42	34	12	29	20	25	21	10	14	3	22	41	45	37	24	29	36	13	15	30	17	10	5	44	9	8	10	6	2	
19	28	36	4	37	12	26	15	34	40	26	29	13	23	32	10	42	15	42	14	25	28	25	41	37	24	8	43	30	11	5	6	44	42	8	33	44	38	45	31	31	35	11	3	12	
40	11	13	13	11	23	35	38	1	34	26	27	39	28	15	10	20	19	6	7	31	36	4	28	42	32	12	30	2	22	2	1	33	12	14	4	41	6	44	38	37	23	24	43	5	
36	43	30	14	8	33	44	3	38	23	7	18	38	40	24	16	37	27	9	1	38	10	38	2	7	28	30	29	11	25	31	7	32	14	18	34	39	20	33	35	12	41	2	45	30	
37	20	19	5	26	18	39	40	10	42	44	41	22	23	6	6	11	8	31	24	32	15	17	10	7	44	13	45	9	20	28	35	29	45	43	14	21	32	12	26	30	9	27	4	23	
38	16	7	3	43	28	30	11	2	37	23	43	6	20	7	15	5	43	4	9	35	15	19	26	25	5	10	39	35	17	28	22	31	39	24	31	27	13	39	21	8	29	20	12	36	
31	29	38	26	30	1	20	5	22	6	26	31	12	24	19	33	11	39	22	2	19	7	18	32	3	42	40	20	13	2	15	40	30	21	25	18	9	43	22	35	10	4	19	17	26	
41	9	35	32	28	34	11	38	4	43	45	4	36	25	13	34	38	16	29	9	37	44	23	37	18	10	39	24	26	15	7	21	18	1	11	5	26	31	2	42	14	6	36	8	22	
2	44	18	19	21	25	10	31	44	45	37	14	35	15	36	5	23	15	28	5	24	30	35	3	36	27	14	33	12	19	16	16	20	30	32	44	22	34	21	13	38	17	26	28	37	
16	30	6	36	10	15	19	45	3	18	32	38	37	18	39	17	36	5	37	19	40	33	34	35	22	4	27	28	24	8	26	44	42	25	41	6	45	14	7	7	43	29	1	29	6	
29	45	40	38	34	17	32	22	5	24	33	8	41	16	29	9	1	37	3	16	26	1	25	39	43	24	30	30	17	4	40	5	4	44	34	31	11	24	13	19	45	36	23	45	7	
11	4	43	8	1	19	32	2	45	23	3	20	6	41	44	7	28	43	16	21	29	4	31	12	8	6	9	5	27	18	9	43	14	9	7	20	25	32	23	21	13	28	22	15	26	
45	25	3	40	36	20	29	32	9	38	44	15	7	43	38	18	9	33	36	16	35	21	2	17	35	30	24	26	31	31	37	27	19	3	23	4	14	45	39	22	44	34	37	1	37	
27	17	45	19	11	11	14	23	16	35	18	38	9	44	20	42	2	5	7	34	21	14	3	25	4	24	31	43	15	29	32	45	38	27	24	1	43	40	28	18	22	5	8	30	10	
42	31	38	9	44	24	15	15	29	38	19	16	10	21	30	32	3	30	23	35	11	34	29	7	9	11	29	13	12	23	9	4	1	6	45	3	33	17	15	10	7	37	25	22	8	
8	12	12	33	32	2	3	13	27	7	26	39	31	34	5	1	4	2	45	6	9	11	38	18	26	14	34	15	23	9	29	26	18	38	30	10	36	25	21	24	28	5	16	10	41	
13	14	42	18	15	45	23	24	35	36	2	38	28	26	25	30	45	6	5	35	27	12	23	4	36	7	29	1	7	44	33	16	11	29	37	21	32	8	4	34	1	10	24	20	22	
2	7	26	11	12	16	35	19	39	43	8	40	31	6	39	28	36	13	35	23	3	22	15	20	24	38	14	27	29	38	7	25	5	30	29	32	45	33	37	41	21	11	42	2	9	
20	33	1	37	28	21	45	41	6	11	17	43	29	40	12	26	44	38	28	28	33	37	27	44	31	13	22	36	36	30	40	14	14	41	2	39	23	4	39	7	11	18	39	44	8	
9	22	11	41	2	41	24	1	20	20	27	36	11	17	31	35	8	7	10	4	3	45	17	13	43	33	21	4	28	16	18	39	37	24	34	43	18	16	40	42	19	21	30	38	42	
20	26	2	29	31	42	33	35	18	4	43	44	10	45	29	31	7	20	30	29	12	23	8	24	27	15	14	3	34	32	17	6	6	20	32	25	13	14	14	38	16	1	36	25	39	
