2	38	31	20	42	26	5	40	20	29	6	39	44	16	8	14	25	9	5	41	10	31	22	13	37	22	18	29	3	23	40	35	4	36	39	7	14	43	3	45	29	15	37	27	33	
4	37	10	17	1	11	24	29	30	41	26	11	12	7	10	39	6	43	40	39	42	44	12	45	4	13	23	14	6	8	9	7	3	14	28	2	31	5	32	18	15	16	27	7	19	
34	5	27	36	42	25	36	43	35	29	44	4	4	17	9	16	21	19	16	40	45	15	23	10	3	44	6	13	22	15	37	18	20	14	10	24	37	1	14	31	32	17	39	33	38	
6	8	19	30	22	11	27	41	36	40	3	32	4	14	14	17	8	33	37	26	3	9	22	43	26	12	27	2	4	20	38	7	25	9	42	6	24	20	45	19	21	1	11	20	18	
22	40	30	14	36	9	14	4	28	17	27	45	41	34	1	20	24	12	5	37	6	8	21	30	13	38	10	11	44	26	32	25	18	15	39	16	29	3	19	23	17	42	12	31	25	
17	42	8	27	44	4	37	12	21	26	21	16	32	35	13	17	20	35	33	39	31	43	19	34	9	31	11	7	3	24	36	17	22	3	3	23	11	45	30	36	25	5	6	14	40	
22	29	15	9	20	6	38	22	29	30	36	20	34	40	20	18	36	41	39	43	42	12	7	45	42	44	20	3	45	39	1	16	20	11	31	37	21	27	12	4	15	8	20	2	6	
44	22	39	44	13	35	45	30	40	43	29	38	22	31	33	15	26	8	30	42	36	27	13	21	43	20	34	2	1	41	5	40	14	4	36	32	43	37	16	2	3	39	7	10	28	
23	21	10	29	10	2	23	42	19	42	43	36	27	42	32	18	7	31	38	15	26	19	11	20	39	3	7	34	38	16	13	14	40	27	41	9	28	15	4	42	17	44	37	3	45	
21	25	11	11	14	23	35	36	37	6	31	37	13	18	34	30	34	45	22	14	38	28	44	12	35	39	26	32	40	32	41	16	10	43	24	20	25	15	16	16	15	2	10	42	21	
41	12	7	39	31	18	35	19	15	44	6	13	29	41	10	13	28	20	27	30	42	45	7	5	21	25	24	23	32	6	41	33	15	1	23	8	26	22	34	42	14	31	16	3	35	
19	20	11	37	44	38	39	3	4	40	21	26	23	5	17	27	41	1	1	2	29	11	30	44	36	23	12	26	42	17	10	13	34	24	8	37	22	43	40	22	43	18	7	25	17	
21	3	18	19	2	16	45	17	42	45	5	25	11	28	19	32	41	36	20	17	4	14	35	43	6	9	44	26	13	15	2	38	21	17	10	27	38	23	41	39	14	43	22	24	30	
39	6	23	27	28	37	36	40	24	37	4	37	35	33	11	7	34	44	25	3	13	5	44	26	43	36	42	1	4	17	29	3	27	12	34	15	45	21	14	29	16	21	18	4	8	
25	8	37	28	37	43	38	1	2	21	4	35	16	2	44	37	36	43	17	4	30	35	9	3	8	40	18	27	12	19	31	41	24	27	22	21	32	19	20	38	39	23	22	6	26	
18	41	20	20	15	21	2	10	27	10	16	21	25	39	31	42	29	32	18	17	12	36	4	29	19	36	22	32	23	29	24	40	28	35	13	3	8	26	9	33	26	30	14	3	34	
41	43	9	32	20	28	41	15	36	22	30	33	45	19	2	26	34	3	13	21	10	16	26	27	26	18	4	8	29	12	25	29	6	38	13	31	25	14	36	14	34	22	44	39	38	
5	23	24	2	34	42	16	44	29	2	32	43	3	34	35	19	11	20	26	8	37	5	31	4	45	3	41	20	5	33	10	6	6	39	12	44	36	26	7	13	27	38	16	40	15	
6	11	30	31	31	36	20	40	25	27	38	32	21	22	34	10	24	39	14	15	9	17	8	32	17	26	16	43	2	8	12	4	19	44	38	6	40	13	43	15	35	40	45	14	23	
30	22	38	27	40	12	33	16	17	25	30	41	45	32	45	12	1	45	34	44	36	35	32	6	2	6	3	30	4	18	44	36	44	37	21	43	43	19	11	20	43	39	23	5	23	
15	13	22	21	41	23	17	36	8	24	28	11	26	15	16	43	12	14	39	5	39	34	10	2	42	31	42	33	2	42	18	21	7	42	45	44	19	12	35	29	36	17	1	14	37	
13	9	45	28	7	10	16	38	13	16	32	42	17	25	2	11	45	21	15	39	18	18	20	34	12	43	27	31	39	45	22	19	23	26	42	28	30	24	7	3	31	4	40	8	29	
1	16	32	26	34	24	3	11	43	34	25	43	22	8	41	18	27	10	29	9	5	2	36	23	10	35	10	15	35	14	38	42	34	30	18	28	4	18	44	5	12	20	1	37	32	
1	7	16	8	33	22	10	36	11	34	45	5	41	9	36	21	5	29	1	31	6	37	39	22	30	3	38	4	14	27	40	6	32	6	12	17	25	20	12	41	13	7	42	6	24	
36	18	21	24	24	13	28	9	9	10	42	9	1	3	22	23	38	25	13	45	34	27	26	14	40	17	23	41	10	35	11	8	11	2	27	32	6	7	45	19	13	12	33	16	4	
7	43	44	29	9	44	18	40	22	33	29	1	8	28	14	38	44	16	2	39	41	39	5	7	4	21	19	41	6	38	3	10	42	43	37	11	39	12	13	21	45	34	17	9	20	
27	44	18	3	5	14	41	2	11	1	40	37	22	41	40	13	39	10	6	34	6	18	33	15	10	6	17	42	28	22	16	13	26	31	13	29	7	6	38	21	11	25	4	30	18	
3	2	17	10	12	3	13	28	41	25	1	43	5	37	29	19	14	40	42	2	7	28	43	15	15	19	23	44	18	13	20	21	19	27	26	36	33	38	16	25	21	11	27	22	9	
15	45	16	7	36	27	16	24	18	28	34	40	11	29	10	31	1	26	44	32	11	33	24	8	8	10	30	16	40	4	28	9	43	3	19	39	23	32	15	45	20	8	36	27	42	
43	7	40	28	11	31	42	40	16	41	2	21	28	23	15	34	3	25	41	1	41	29	24	25	44	25	45	45	17	30	39	9	33	5	35	41	37	32	6	7	26	9	38	12	18	
32	4	25	11	37	14	12	18	40	35	16	17	33	21	35	22	19	42	6	20	40	6	44	24	43	45	2	5	18	9	10	15	10	23	22	1	42	29	21	43	21	36	17	7	10	
5	17	31	6	27	45	39	31	44	11	33	45	9	25	18	23	35	28	43	15	2	40	12	29	14	9	13	7	24	21	19	34	36	1	38	22	1	27	3	44	41	33	5	9	16	
16	29	41	40	18	8	4	18	23	35	35	44	41	42	12	24	10	3	45	19	36	20	11	22	23	15	22	9	15	28	15	37	10	17	34	32	27	33	2	11	29	3	43	21	26	
9	30	40	12	32	8	6	7	23	31	27	2	10	32	19	30	8	4	37	27	35	28	13	21	28	16	1	22	11	25	45	21	15	45	29	5	5	36	3	34	19	33	27	20	21	
41	10	33	35	43	15	22	24	20	2	11	37	7	38	42	29	34	23	3	38	8	41	6	1	42	32	14	29	16	39	45	5	44	34	43	45	9	24	24	15	31	39	12	35	36	
8	16	26	26	16	12	34	45	11	32	35	3	40	16	20	31	22	25	28	6	27	28	14	4	11	23	39	10	24	29	30	34	41	8	15	6	35	42	5	44	33	7	2	36	19	
10	19	36	38	44	1	17	32	9	37	41	29	16	2	13	40	30	5	37	7	16	42	14	17	43	6	44	39	8	25	14	20	45	13	11	4	12	21	31	25	18	28	14	23	27	
24	17	13	27	8	3	40	6	22	12	1	27	14	45	26	36	15	39	30	25	5	38	41	31	22	19	32	2	33	10	33	17	25	7	37	42	6	39	39	28	6	19	9	16	5	
39	14	23	41	38	45	43	30	39	28	7	17	15	10	44	28	2	17	11	43	19	44	16	1	1	37	5	40	5	31	4	41	29	23	44	23	34	6	8	26	22	14	3	35	21	
42	15	28	10	21	29	20	25	34	18	20	30	27	24	37	4	19	35	34	10	22	19	25	33	20	11	30	38	5	16	23	43	39	45	3	13	17	27	1	10	6	14	38	41	31	
29	44	12	22	30	13	44	6	45	16	23	5	43	20	3	18	37	3	10	30	14	21	15	35	16	13	40	27	19	32	16	1	21	25	17	11	39	18	14	36	29	6	41	31	2	
37	24	9	42	16	39	1	34	39	36	9	12	29	43	26	25	4	22	32	28	43	3	19	11	14	5	7	17	1	38	33	35	30	39	40	41	27	44	10	27	23	39	35	13	31	
19	26	42	38	17	23	7	11	1	3	29	14	2	41	21	16	31	41	4	18	32	1	45	19	33	27	44	30	15	13	20	39	35	9	33	40	38	25	10	37	25	41	43	28	43	
11	42	29	4	3	32	8	5	33	11	37	13	18	26	30	35	43	24	7	4	15	10	38	27	17	26	20	1	21	30	42	30	31	3	36	31	41	23	39	24	40	27	13	44	2	
31	27	43	2	35	5	10	37	41	42	8	28	6	6	7	39	40	33	23	11	24	5	1	9	38	14	29	18	20	34	15	44	12	16	4	10	2	17	21	22	11	26	40	32	39	
