11	41	42	9	24	6	20	45	4	15	16	32	6	43	43	14	1	22	39	7	35	2	36	15	17	12	38	33	17	40	11	34	25	15	27	45	18	44	42	28	18	13	11	23	11	
13	40	9	39	32	21	26	38	9	45	6	26	36	37	41	26	7	27	3	26	14	45	4	10	2	27	33	10	35	15	25	45	5	42	43	44	11	22	1	29	19	8	12	16	17	
2	38	41	33	45	19	43	43	20	12	42	6	3	11	38	13	40	43	22	30	38	23	39	19	14	24	43	15	30	9	3	29	44	41	25	42	21	24	4	42	1	45	5	40	16	
36	12	7	38	39	34	35	14	32	7	31	7	2	4	37	8	4	23	12	5	6	6	27	25	9	22	18	13	19	10	26	14	28	29	11	20	22	45	36	15	3	21	11	17	21	
5	14	29	32	30	31	33	33	10	17	1	36	32	12	8	2	34	26	27	21	35	3	41	38	36	45	38	7	15	6	32	24	17	22	15	4	9	11	37	18	22	43	16	13	19	
26	12	44	4	42	17	43	43	17	33	37	21	30	42	45	33	35	17	10	6	31	14	14	34	11	37	8	5	3	19	16	27	36	19	38	30	40	30	32	10	22	21	39	5	23	
28	42	14	5	4	25	39	22	36	25	30	25	38	40	32	16	14	17	3	31	4	37	33	38	29	44	12	1	31	21	27	12	23	41	15	34	15	6	6	11	35	45	40	43	2	
25	6	5	39	7	39	2	3	21	37	28	17	9	33	1	27	12	18	11	10	36	38	22	40	41	30	30	34	23	21	24	8	24	32	5	35	26	13	42	42	43	23	19	45	9	
24	32	18	40	38	25	25	35	7	21	28	41	10	20	23	28	3	27	12	32	37	6	15	39	1	17	42	22	33	43	35	9	26	12	8	23	44	28	19	2	11	4	1	27	29	
22	3	30	8	19	14	42	22	34	40	29	3	31	2	33	24	34	1	9	11	4	36	44	36	6	42	41	9	5	15	32	22	27	12	35	38	29	37	20	15	21	45	15	10	6	
7	31	44	6	37	1	13	26	43	1	36	44	1	42	44	15	23	25	40	38	12	31	20	45	10	39	25	8	14	33	11	18	16	6	28	13	4	38	2	9	44	32	3	42	34	
44	15	8	22	8	7	38	43	30	35	5	21	12	9	34	42	23	3	18	33	35	39	34	26	30	1	28	20	45	23	5	4	42	19	29	10	24	21	4	6	13	13	31	25	27	
13	17	1	20	40	31	7	27	25	36	15	22	17	41	26	44	4	26	45	19	8	9	2	24	16	6	35	26	32	10	5	4	31	10	21	23	38	32	11	22	28	29	3	42	20	
27	37	21	12	35	45	17	1	3	45	20	7	32	43	43	1	8	44	30	14	24	12	11	15	24	38	39	16	38	34	28	25	29	9	33	23	13	2	22	19	6	1	26	4	41	
19	41	10	22	31	25	5	1	41	18	23	31	11	32	28	1	19	4	27	34	34	7	42	40	30	14	44	26	36	1	29	7	39	38	34	33	16	36	27	9	8	2	44	20	38	
24	18	9	26	41	2	19	4	39	12	38	12	15	21	45	20	45	12	23	36	43	44	11	31	24	17	1	30	13	14	27	42	26	33	32	27	37	3	27	34	14	16	6	35	40	
42	5	38	6	20	33	8	17	41	39	45	17	34	34	35	2	14	28	25	6	7	4	43	8	36	29	19	3	25	11	41	21	13	32	30	31	24	40	9	22	32	11	37	21	44	
26	20	8	7	43	12	16	6	13	22	39	37	45	44	15	9	40	32	19	35	21	9	8	11	20	31	45	36	24	19	30	44	38	1	2	31	14	23	42	25	42	33	12	3	32	
31	7	25	15	31	8	40	44	20	9	17	2	6	4	21	22	38	17	13	40	26	1	5	44	42	32	45	26	41	12	10	28	10	39	43	3	45	43	14	17	4	17	24	11	30	
42	26	23	18	34	15	39	40	19	42	32	9	1	17	9	11	25	30	18	16	32	22	20	33	22	43	34	37	18	38	22	20	24	42	36	12	27	33	10	39	34	41	45	40	21	
6	3	37	40	25	12	31	44	38	16	18	31	4	14	9	44	41	24	20	39	17	34	12	2	40	2	43	42	44	33	7	2	33	45	39	11	17	26	13	6	5	28	41	1	2	
1	39	39	29	10	35	44	41	41	5	33	40	43	30	43	31	31	42	13	32	40	27	43	21	37	8	16	24	1	17	23	6	7	22	34	22	12	34	15	13	36	8	9	38	45	
3	18	26	4	28	13	42	15	8	22	4	13	42	25	11	12	9	14	16	26	5	42	38	37	16	7	25	29	10	16	22	9	32	2	11	19	10	17	30	23	38	31	33	33	18	
4	43	27	23	16	12	28	10	2	24	24	5	5	6	10	18	24	29	2	37	39	25	35	10	7	17	3	42	8	30	16	11	24	40	41	42	15	21	45	10	44	21	13	9	29	
25	19	5	10	25	37	44	2	25	13	14	1	16	8	12	38	29	16	15	21	18	11	29	32	20	36	30	35	6	24	17	39	3	24	4	25	20	7	31	42	23	44	3	26	22	
8	15	36	22	44	16	32	42	45	22	9	37	5	39	40	32	13	34	33	41	34	17	14	38	3	14	7	39	18	29	8	22	3	43	1	34	10	37	28	3	20	34	2	20	35	
43	4	6	30	40	41	16	8	13	14	12	25	17	10	43	5	15	22	7	8	27	44	21	16	31	28	32	18	24	13	9	19	20	10	45	24	22	29	24	26	30	40	11	33	3	
8	16	14	27	26	26	9	21	44	27	7	24	18	26	2	33	33	19	5	3	22	15	10	45	43	36	29	35	1	38	42	5	6	8	37	35	39	3	12	35	30	16	20	5	4	
23	35	32	43	37	36	16	11	1	19	12	42	1	45	38	43	37	3	8	4	37	40	2	41	45	2	23	14	12	39	13	31	20	44	27	16	32	5	31	3	20	6	30	18	43	
28	21	39	28	27	3	24	19	2	20	22	40	40	34	10	25	44	2	42	45	29	17	37	35	4	26	5	44	16	26	1	3	8	38	6	30	7	12	41	14	31	14	43	13	9	
9	35	11	3	36	9	34	13	5	23	10	35	31	15	10	17	12	12	13	18	42	41	6	5	32	9	31	4	11	7	9	14	43	20	21	37	31	16	3	40	33	19	27	21	28	
35	29	45	4	1	9	6	31	17	15	21	30	44	30	39	5	43	12	2	20	30	42	3	4	34	5	32	10	37	8	33	21	40	33	7	25	41	32	16	13	12	41	14	2	24	
38	4	19	2	45	40	30	39	44	29	25	43	14	26	31	21	16	9	42	8	44	27	7	27	40	13	34	33	17	30	18	3	35	36	10	41	20	44	33	24	25	5	26	6	35	
14	22	9	21	15	13	18	39	16	2	38	31	31	35	3	20	5	4	17	28	11	45	7	7	23	35	36	32	13	41	25	26	5	4	4	29	4	24	16	27	25	20	34	19	42	
13	33	2	21	3	32	36	5	36	4	24	30	35	8	42	26	37	31	35	29	25	12	40	1	32	18	29	43	27	16	44	43	41	39	17	29	30	8	34	18	7	7	10	43	20	
45	21	12	19	16	38	3	25	22	2	11	39	37	13	21	35	17	20	26	11	30	13	1	39	44	15	40	8	21	41	31	23	34	5	9	36	16	4	12	43	7	27	30	41	39	
12	34	4	25	11	12	14	28	9	6	21	23	4	27	44	42	10	11	21	40	15	5	6	13	19	45	24	17	35	26	40	43	8	3	27	32	29	38	7	30	41	35	8	2	31	
39	43	22	9	12	10	21	19	23	39	43	25	19	5	12	36	4	15	3	9	38	23	28	28	25	11	28	27	20	31	34	11	30	39	18	41	17	43	24	26	37	21	4	8	24	
12	8	25	31	3	42	20	23	20	10	13	29	33	12	4	19	39	11	44	29	28	43	45	30	15	21	20	34	22	25	10	38	37	6	24	26	32	1	7	5	5	17	31	7	36	
29	23	24	36	13	11	22	9	6	5	26	23	25	7	4	45	21	39	21	12	18	8	42	28	16	10	24	31	41	27	14	22	42	40	19	4	3	42	17	16	2	34	32	18	38	
27	24	18	34	1	43	2	12	36	25	23	45	5	16	36	28	30	13	28	22	40	21	29	36	35	30	37	23	26	10	19	1	36	7	30	39	21	31	42	10	4	38	7	14	40	
37	32	28	1	14	1	41	36	26	30	34	15	21	2	5	29	25	33	24	11	16	10	36	6	12	4	6	38	8	18	25	44	9	11	3	17	8	39	23	33	27	42	7	40	43	
40	27	20	32	5	44	7	18	23	11	26	33	19	19	36	32	2	36	44	13	42	24	16	33	26	3	14	25	9	22	21	44	45	35	28	1	22	34	14	7	38	44	41	16	37	
29	1	21	17	42	30	11	19	12	4	44	1	20	18	13	23	31	9	29	25	45	22	9	36	40	16	24	39	1	37	10	35	42	14	5	43	28	19	21	22	34	22	27	15	37	
41	28	31	44	2	4	45	29	14	26	19	27	6	22	32	3	20	21	4	15	32	13	17	3	33	23	6	39	38	35	36	30	10	16	28	8	8	25	39	37	9	1	18	24	11	
