42	1	41	32	6	31	42	22	38	15	22	40	30	8	28	21	37	12	32	43	36	11	40	17	29	22	13	35	23	6	16	44	14	7	27	7	45	28	26	33	40	2	25	22	5	
13	2	2	22	32	41	17	2	33	38	29	14	2	16	42	12	36	38	30	40	25	34	43	5	13	28	43	18	12	24	20	22	26	19	4	15	21	27	21	6	23	2	31	35	37	
17	31	18	8	13	17	37	7	12	39	24	37	41	38	8	19	17	28	1	40	29	20	12	6	40	21	22	45	42	38	27	11	28	43	23	1	14	12	5	27	3	33	23	4	23	
29	19	45	9	24	37	42	41	1	45	31	20	24	35	13	21	14	28	2	8	3	7	25	19	10	10	26	1	32	27	28	19	5	25	33	30	15	34	36	16	30	17	38	18	4	
2	32	16	34	38	21	41	42	4	12	10	12	43	8	3	29	33	18	31	18	5	17	30	25	40	6	14	9	36	25	11	45	19	35	28	6	13	28	7	13	37	21	39	39	26	
28	20	18	5	10	33	4	24	22	33	17	23	6	30	10	31	45	12	41	29	44	6	37	25	18	9	21	35	35	12	20	25	36	36	26	1	28	32	20	3	27	42	29	34	38	
43	15	28	7	15	9	4	19	5	26	33	11	44	28	6	16	45	24	4	40	45	1	21	36	25	28	12	20	9	2	3	4	10	34	9	23	8	17	13	4	14	38	22	43	18	
21	18	16	42	20	8	1	24	34	34	2	13	5	17	26	45	22	28	15	9	41	35	14	10	40	16	16	30	31	11	8	12	34	23	6	13	33	10	37	27	3	36	36	7	19	
22	10	35	2	22	3	2	16	14	17	8	27	29	35	18	44	40	33	30	20	35	41	13	5	28	36	5	19	31	15	32	6	30	19	11	4	19	12	23	31	34	37	21	11	24	
38	8	22	23	42	1	18	35	11	20	21	6	29	44	42	41	28	44	24	6	15	29	30	30	4	13	12	31	34	20	12	31	32	33	7	27	36	22	25	44	2	1	9	37	43	
3	28	29	7	9	32	19	43	14	45	44	31	16	33	17	34	3	8	25	30	12	4	18	38	22	20	1	20	27	35	21	36	16	2	31	37	32	10	25	5	14	39	34	40	13	
10	20	20	15	43	2	31	6	24	28	33	41	23	12	20	5	32	7	18	37	42	45	21	4	29	33	22	11	24	1	27	34	27	45	8	28	9	35	38	36	16	25	29	42	39	
7	44	23	18	22	12	13	26	38	14	15	21	40	22	43	38	8	32	23	5	35	3	16	29	39	2	4	17	37	42	6	39	1	27	9	28	36	30	12	34	44	24	44	36	5	
45	34	11	29	9	20	17	17	35	5	8	33	5	26	19	6	30	17	7	8	31	35	41	9	45	22	6	28	22	3	31	21	32	1	1	2	18	22	15	4	24	20	42	38	8	
19	36	32	34	45	45	20	32	39	30	37	17	42	17	44	39	7	15	33	6	20	28	20	40	41	28	23	19	29	14	31	1	2	13	34	6	10	8	36	9	41	35	29	43	45	
24	32	12	36	21	13	15	2	38	16	1	25	32	27	6	7	6	3	12	23	33	18	38	42	3	5	35	39	31	28	36	8	12	45	3	31	17	15	40	14	26	43	37	19	20	
40	21	29	41	29	12	30	41	2	31	4	4	18	40	32	44	35	43	8	39	43	44	9	18	42	20	45	34	16	17	5	8	3	39	10	22	3	1	23	7	24	6	10	11	30	
1	43	24	41	11	16	44	8	29	14	42	9	14	28	22	30	38	34	22	31	39	3	36	41	32	45	16	13	4	15	2	10	12	25	2	17	3	5	20	32	18	22	40	6	15	
18	15	44	6	41	32	3	41	27	40	31	22	7	41	23	19	4	28	26	24	35	42	27	45	20	11	25	39	1	8	8	16	25	5	29	18	43	25	19	21	17	9	1	28	2	
20	45	2	8	30	34	2	23	9	5	3	24	22	39	22	26	44	42	10	7	19	33	8	3	11	32	16	21	30	41	17	9	4	23	25	29	12	28	9	35	30	13	5	4	6	
21	35	9	24	4	21	45	34	32	1	42	26	14	11	5	14	31	19	11	13	44	43	23	27	3	1	15	16	2	21	26	28	17	36	45	18	13	6	8	42	7	3	20	22	25	
27	32	8	5	2	19	2	44	1	32	5	6	45	17	4	20	41	33	34	33	38	45	1	40	6	3	39	13	14	12	29	1	42	41	12	40	16	2	43	17	36	7	20	30	12	
30	9	12	13	37	42	5	42	44	2	45	43	38	18	14	2	10	16	2	1	20	6	14	26	40	29	15	36	7	4	8	32	11	17	4	3	11	15	43	19	3	12	23	45	21	
19	7	21	35	6	15	7	12	34	33	5	28	5	45	26	4	3	10	9	17	11	10	32	19	13	43	27	11	18	23	26	33	34	5	20	45	24	36	14	10	22	18	30	25	16	
14	25	15	28	39	36	38	9	30	14	16	23	1	25	37	19	11	22	13	12	39	10	40	23	16	4	42	32	36	18	6	2	41	20	31	33	14	24	43	43	44	19	13	45	40	
9	14	9	30	24	25	20	31	18	3	7	29	4	43	15	22	1	19	19	23	6	10	34	24	5	25	28	20	44	11	13	4	23	26	29	45	11	16	35	19	20	38	41	16	33	
13	39	31	36	12	7	40	18	45	21	20	22	2	37	17	8	9	25	30	34	10	26	41	22	13	14	38	15	13	6	41	29	42	32	17	5	42	14	27	44	33	1	24	3	11	
44	33	9	19	15	1	32	1	39	4	18	10	43	25	27	1	26	14	3	16	35	12	17	1	36	16	37	40	35	22	33	30	13	1	2	33	5	38	31	43	41	8	13	39	37	
36	33	25	3	32	35	35	45	6	41	37	30	31	29	12	11	14	38	21	19	43	6	24	32	44	23	22	8	33	9	1	24	7	18	31	39	11	26	38	20	19	27	2	8	10	
5	16	26	3	35	43	6	45	25	33	9	41	15	13	29	21	12	13	27	29	1	19	44	26	7	16	2	31	10	3	45	20	23	22	30	11	28	28	17	8	21	20	3	31	32	
36	5	43	1	28	31	2	4	28	25	11	42	26	43	9	33	39	35	9	21	10	23	42	37	35	7	3	14	3	30	4	38	40	6	41	20	34	44	21	22	23	45	21	8	35	
31	32	34	19	40	10	27	14	8	15	12	9	13	32	9	3	28	4	39	38	2	18	33	35	43	5	9	35	30	16	23	17	44	9	36	42	20	13	18	25	28	21	45	42	1	
4	42	31	45	41	22	39	11	12	34	14	15	45	1	41	12	21	11	16	34	7	24	6	14	30	37	36	2	26	37	9	30	43	40	34	32	20	33	2	29	17	18	40	17	12	
41	30	37	11	5	31	12	18	42	30	43	29	19	3	15	15	13	6	5	4	35	2	21	20	41	8	41	22	2	7	29	9	41	28	18	43	23	29	21	2	10	16	36	30	27	
3	3	39	11	7	4	43	5	20	23	45	32	16	19	34	28	44	40	29	22	13	23	31	44	45	27	8	15	24	10	42	26	6	33	37	9	32	41	6	11	15	3	1	2	17	
37	15	27	31	41	39	42	25	26	35	23	16	3	42	32	43	2	14	38	28	3	36	19	40	1	34	14	4	29	5	22	24	21	41	5	44	40	45	6	24	8	20	34	32	18	
23	24	6	36	25	38	7	8	10	36	13	40	8	11	30	2	37	5	27	41	14	1	35	11	40	12	17	26	43	36	33	18	19	42	15	36	31	3	3	45	36	22	44	36	28	
24	4	24	37	22	14	45	20	44	18	19	7	21	40	6	17	23	29	32	22	34	27	5	32	35	8	30	6	3	25	31	33	28	7	22	8	24	31	24	38	39	1	43	15	41	
6	28	19	21	23	37	14	3	7	4	30	6	33	39	8	4	24	42	28	35	19	31	10	39	12	41	33	25	31	45	15	23	37	29	3	13	22	20	43	18	21	32	17	9	22	
32	11	3	29	44	40	1	29	2	6	45	45	36	20	31	35	23	9	24	10	16	24	26	31	27	41	7	16	19	10	37	5	24	42	38	24	39	29	22	41	42	17	4	20	34	
24	12	16	38	33	23	8	10	13	29	39	43	37	7	13	9	5	17	35	40	4	14	34	34	20	30	18	41	20	43	28	3	6	44	40	36	23	42	5	26	19	11	27	16	22	
33	10	7	44	41	6	2	13	37	38	28	18	7	22	40	1	9	41	11	2	26	44	27	21	8	45	34	9	25	1	24	9	15	24	14	9	35	19	29	23	8	4	43	20	23	
35	22	36	34	34	36	16	36	19	27	42	37	20	10	45	18	29	13	31	11	22	5	43	43	13	24	42	23	15	26	44	14	38	30	42	21	25	12	28	2	1	11	32	16	31	
26	38	43	39	31	11	21	27	8	13	34	24	17	8	1	33	15	9	22	36	8	9	28	18	16	25	20	31	5	33	8	35	30	10	19	11	29	40	32	26	6	30	7	23	42	
3	13	38	9	27	32	22	33	15	37	8	34	9	2	28	10	16	20	28	14	35	8	28	28	27	17	37	5	12	13	40	19	25	29	32	6	21	7	36	24	4	4	18	7	44	
