5	28	6	32	22	18	8	45	21	2	39	7	12	1	24	42	15	37	6	14	43	9	42	38	28	10	37	4	35	11	5	44	34	30	13	6	16	18	17	26	24	19	37	41	6	
14	35	26	10	38	37	5	7	31	3	32	36	37	40	30	8	42	26	1	31	44	11	39	21	19	22	43	24	17	35	41	28	30	13	42	27	9	45	31	2	12	23	33	4	25	
23	8	16	8	14	45	4	22	40	22	1	13	24	29	27	11	16	15	2	33	9	24	41	13	10	36	17	34	29	18	8	5	30	29	19	41	35	17	25	25	43	20	42	26	1	
28	41	14	2	38	6	9	14	43	26	26	38	3	13	19	25	27	27	15	6	42	8	36	17	35	20	20	7	16	44	10	40	36	24	1	29	37	11	45	30	38	31	20	5	4	
44	22	17	23	33	28	23	1	16	38	34	34	10	37	7	12	2	6	45	30	5	30	18	16	26	6	8	1	24	3	45	27	29	15	2	19	2	25	12	20	21	4	9	34	39	
13	43	44	16	40	26	18	29	3	32	7	6	42	6	34	5	10	13	31	29	14	12	28	41	15	45	19	23	8	43	20	18	38	16	39	37	1	16	21	1	9	22	5	2	32	
36	4	2	9	39	28	19	42	9	18	16	2	27	38	14	29	8	30	26	28	28	22	26	43	37	32	1	18	41	45	11	3	8	10	42	44	34	20	5	6	35	13	7	15	12	
13	2	20	2	25	1	27	44	32	20	40	22	25	18	15	22	26	3	34	38	6	38	31	22	36	31	10	8	36	21	20	9	28	39	14	5	35	41	2	29	18	7	44	42	16	
18	22	38	19	8	35	21	5	26	40	45	9	11	5	4	36	22	10	15	20	21	17	14	23	23	37	41	22	42	40	39	10	15	33	33	28	24	13	43	43	16	33	12	19	44	
15	6	24	27	18	40	45	40	7	23	15	41	23	34	39	16	29	1	35	14	2	20	38	4	9	34	14	3	5	42	43	17	41	19	44	19	10	43	11	21	25	30	22	8	17	
10	21	43	15	7	16	6	32	6	17	38	44	33	43	1	23	36	19	24	12	17	2	26	19	11	3	41	37	14	1	13	21	20	15	40	31	35	4	15	39	11	18	35	41	8	
40	24	3	19	45	12	33	44	35	11	13	37	11	9	3	10	27	28	33	1	21	16	34	25	35	26	39	44	19	32	11	20	17	14	35	22	27	29	15	22	36	32	18	43	2	
19	5	25	6	43	23	31	11	9	7	6	39	8	10	12	42	17	26	13	32	20	26	15	44	45	31	33	30	1	26	28	24	36	12	29	31	38	18	1	3	34	14	36	35	18	
5	26	32	35	33	17	14	11	33	10	8	16	45	42	21	31	29	43	19	38	30	13	30	1	14	38	27	23	34	12	38	41	35	29	28	36	43	39	37	28	11	3	4	6	5	
29	34	31	31	12	28	13	25	17	17	36	11	42	19	39	14	16	31	7	42	17	32	44	15	27	25	21	33	32	35	37	18	22	25	41	33	20	13	10	38	28	5	42	30	28	
33	1	40	24	13	34	45	41	38	12	27	15	37	19	6	20	6	25	41	35	26	26	45	42	40	39	22	43	32	10	30	25	16	23	2	3	17	44	25	7	7	8	28	41	21	
35	21	33	18	14	19	40	38	22	34	30	12	15	32	4	37	21	27	41	41	23	24	16	25	39	26	36	2	10	36	25	42	9	10	17	21	43	12	20	14	5	7	31	28	45	
31	7	17	11	5	17	37	19	37	21	18	15	9	17	22	4	41	17	20	3	34	43	40	45	13	6	45	25	33	23	20	26	30	42	37	32	11	27	3	1	6	28	20	24	40	
40	23	41	16	36	3	9	31	42	4	3	5	8	33	42	34	11	18	15	6	8	44	20	38	7	25	45	29	43	13	32	42	39	27	21	26	28	24	16	26	37	35	30	36	9	
30	28	22	45	40	24	12	43	41	3	2	26	4	34	28	14	23	22	5	1	1	35	32	18	11	11	8	31	43	6	42	25	28	16	23	20	44	39	27	8	39	20	29	40	14	
11	14	39	36	16	37	32	10	29	8	18	40	13	12	41	21	10	17	3	31	44	25	27	35	43	31	34	15	18	33	33	22	44	25	9	19	23	1	27	19	3	6	43	20	10	
42	37	25	12	34	8	14	17	39	1	14	30	39	35	40	25	18	20	21	1	32	38	27	28	24	33	35	26	36	15	44	30	4	22	45	43	29	11	13	27	19	25	10	8	6	
2	30	27	26	10	33	11	45	12	42	28	42	31	13	37	43	5	26	6	29	23	7	8	38	25	31	9	5	45	19	15	13	8	1	29	16	31	3	20	40	38	45	44	32	17	
38	28	19	17	30	42	37	2	8	35	25	45	39	27	41	18	39	44	22	44	33	41	28	29	13	21	24	20	21	4	32	12	31	4	26	18	5	23	28	11	9	43	14	7	20	
14	29	18	17	2	14	1	3	39	33	13	19	9	28	44	16	13	8	42	21	38	19	23	20	40	38	35	28	4	45	7	15	25	26	30	34	40	36	32	39	22	42	17	32	31	
16	45	2	28	1	20	23	17	2	40	4	38	34	36	1	30	40	21	7	22	9	3	21	5	27	12	25	32	37	7	18	43	7	17	28	6	41	4	29	42	44	38	37	27	24	
36	15	28	16	20	42	22	23	24	25	3	31	38	35	16	45	5	29	8	26	4	18	30	7	41	25	2	27	15	34	11	10	6	32	33	30	36	42	4	9	17	10	43	14	42	
20	19	6	37	21	36	38	40	14	43	31	37	5	22	11	38	28	18	44	10	45	23	2	39	25	7	15	32	3	34	34	19	8	44	16	30	33	10	24	6	6	12	2	13	27	
10	3	12	32	4	19	29	24	26	28	8	32	2	44	30	33	37	9	42	34	25	24	35	33	5	29	42	16	38	8	1	45	14	11	35	15	34	17	6	13	41	9	40	3	7	
32	33	40	42	28	27	19	12	11	11	15	38	6	26	29	17	24	28	30	39	15	1	26	36	3	35	36	9	34	37	12	16	29	18	20	16	45	40	24	10	4	41	5	19	22	
26	28	4	13	8	41	34	13	18	29	17	14	16	20	44	15	36	22	38	7	40	6	3	33	34	5	37	29	9	45	2	35	27	9	8	39	2	43	12	24	17	21	41	44	37	
38	9	25	20	44	30	9	13	36	39	40	1	32	21	10	29	31	41	6	37	7	40	39	6	42	23	25	11	22	16	45	13	24	34	34	17	12	40	26	45	2	23	8	22	43	
12	10	29	10	6	20	15	5	13	15	41	38	40	5	14	19	9	24	32	36	10	14	1	9	28	4	44	3	20	18	3	21	25	35	27	35	7	38	37	22	18	39	16	11	23	
24	19	8	7	9	43	16	14	1	30	5	10	25	7	20	2	8	36	25	4	15	12	6	11	9	27	21	45	35	38	43	19	12	3	23	18	42	42	31	3	26	33	10	17	38	
26	11	5	14	35	4	33	6	7	41	12	36	21	8	24	9	3	1	17	11	22	42	12	24	29	12	7	13	26	20	16	5	10	12	25	4	30	15	18	31	9	27	23	34	28	
3	1	30	1	23	45	28	15	10	1	42	27	2	14	5	7	20	16	25	40	34	26	9	9	31	41	15	6	9	17	24	11	14	21	15	35	11	2	1	32	45	45	13	44	18	
17	12	26	25	28	15	17	16	21	24	42	18	43	37	26	10	30	37	23	31	10	7	42	40	12	19	38	16	27	40	22	35	2	8	31	41	32	33	4	7	13	44	21	29	32	
4	17	13	39	37	44	41	39	45	5	10	16	29	23	38	28	4	33	27	16	3	21	40	34	22	6	6	18	25	9	8	36	29	20	24	16	19	17	14	15	16	32	28	1	11	
26	31	11	18	15	25	18	33	24	13	6	35	16	30	19	32	39	4	9	16	27	22	37	2	40	8	15	21	37	22	27	23	42	35	38	10	19	7	38	5	24	3	36	35	34	
6	22	34	8	28	39	30	9	28	29	11	29	7	25	18	16	4	37	10	41	26	27	15	3	14	15	20	21	2	14	12	5	33	31	17	21	22	5	35	2	40	36	37	38	10	
21	13	12	3	24	8	35	44	27	31	10	42	1	35	2	22	40	11	43	23	28	19	4	21	44	10	16	36	6	14	40	8	12	5	15	39	18	44	38	12	26	9	39	25	37	
38	36	35	1	41	13	30	4	13	14	9	21	21	31	23	31	19	35	11	26	12	38	5	8	26	1	35	28	44	19	26	34	18	5	42	2	21	22	3	31	7	4	15	9	38	
39	44	12	29	43	38	36	34	4	33	19	39	20	5	42	40	25	45	2	43	27	10	7	8	16	2	3	22	6	24	9	42	5	28	26	8	13	9	41	17	1	15	10	21	17	
5	16	42	38	26	33	24	32	37	36	44	33	30	39	43	42	32	37	12	8	29	10	25	31	7	34	27	19	7	5	40	6	24	40	3	4	16	21	34	18	6	45	1	9	10	
37	38	36	33	3	5	10	8	25	41	20	12	28	34	13	35	26	23	14	16	16	15	43	30	12	2	40	42	3	39	17	1	26	3	32	21	4	6	34	41	27	2	42	22	33	
