39	28	39	6	34	24	1	36	14	40	43	17	33	38	37	6	2	21	41	12	13	26	35	31	25	37	27	39	29	31	42	37	22	38	44	14	15	42	9	33	45	11	9	30	1	
43	37	7	17	38	16	27	16	3	10	45	45	41	36	32	24	36	22	42	27	25	15	1	19	21	31	13	39	40	44	35	33	34	2	4	5	14	6	8	18	2	9	12	11	20	
41	16	32	22	18	11	6	30	9	23	4	44	40	45	34	44	33	26	37	31	32	20	4	17	16	19	23	21	32	24	12	33	36	42	14	6	13	18	35	19	1	42	25	44	39	
8	40	30	38	29	20	22	1	22	43	21	42	19	35	27	32	6	19	23	45	31	31	10	45	17	33	4	18	7	1	16	24	38	5	10	28	30	37	25	9	34	44	5	3	41	
36	39	41	7	19	1	42	2	15	1	23	45	3	38	11	1	13	35	43	15	5	22	44	40	45	6	30	3	8	38	45	4	29	45	9	10	12	2	14	10	16	26	17	7	24	
23	5	40	17	8	15	19	27	9	17	31	19	45	39	31	35	35	32	23	33	43	28	35	4	38	5	2	24	16	13	44	43	18	1	20	21	11	36	7	25	6	36	41	10	26	
30	4	21	23	24	6	16	11	45	18	2	3	24	25	26	34	27	25	9	29	42	34	37	38	1	14	41	34	13	10	19	43	11	39	14	32	2	35	3	5	11	12	6	40	36	
33	26	21	18	39	3	12	33	37	9	31	4	10	17	14	16	40	15	24	30	32	19	29	25	16	34	34	22	44	25	20	29	11	35	6	2	36	23	38	25	31	27	42	36	43	
5	4	28	16	33	17	7	3	44	30	22	36	23	2	32	45	16	24	15	3	26	14	43	44	6	20	29	31	11	21	19	18	29	8	34	14	32	39	19	35	28	1	19	4	5	
11	7	18	29	19	26	12	37	21	9	1	45	39	29	8	12	9	26	45	19	13	23	43	13	35	26	36	39	42	43	41	5	2	19	38	27	42	3	15	22	17	14	28	16	4	
38	30	7	19	27	22	28	43	17	35	38	40	30	29	41	25	22	6	31	38	44	9	39	3	22	21	16	42	43	32	1	34	16	7	10	41	33	34	36	7	37	26	8	10	11	
45	39	34	3	22	24	4	29	23	4	10	41	24	9	36	11	7	29	25	17	36	27	7	30	13	12	9	43	15	23	14	19	21	41	26	40	28	38	28	44	42	2	37	18	3	
25	33	15	13	17	29	1	38	33	27	3	4	42	6	17	22	13	40	40	14	19	32	34	5	20	38	44	14	28	23	15	11	14	30	21	28	16	26	18	7	12	26	9	4	31	
23	23	39	22	15	11	38	6	42	2	30	32	5	42	18	31	16	33	44	2	7	22	14	36	37	25	45	17	31	1	43	13	28	39	35	41	2	34	6	4	30	40	40	8	3	
12	22	2	4	23	5	7	42	19	40	39	42	1	7	32	43	7	44	24	6	28	24	12	10	33	13	44	20	14	43	8	27	24	15	28	45	17	39	40	34	38	30	35	35	9	
19	38	45	21	14	9	2	41	18	16	27	35	19	5	1	14	15	24	36	23	4	40	42	2	31	31	39	21	25	26	14	3	17	20	22	33	24	28	34	40	43	13	27	29	30	
24	37	33	8	32	9	17	24	1	16	9	34	6	26	11	36	44	11	10	14	30	40	38	12	26	27	14	45	7	25	18	35	22	13	40	6	19	16	28	20	29	40	5	39	25	
13	27	21	28	33	32	11	33	19	25	18	44	31	21	10	16	42	4	35	5	4	38	24	17	26	40	43	17	6	34	39	21	19	12	2	14	41	17	42	23	39	20	16	22	37	
30	42	35	31	36	40	32	27	20	1	11	16	3	27	18	41	24	43	13	41	45	29	34	14	30	13	3	2	26	29	4	15	30	34	6	19	26	44	5	2	7	13	18	3	6	
40	4	20	33	21	20	29	4	6	43	32	17	7	27	2	31	22	22	26	8	25	36	41	19	39	38	26	5	6	27	6	42	30	30	37	1	3	14	7	13	18	34	34	19	23	
42	8	1	14	26	7	43	14	4	22	12	2	9	20	5	33	23	10	18	6	37	23	13	11	27	22	24	12	17	3	29	1	6	28	19	36	37	25	16	1	41	19	38	38	40	
2	29	18	5	44	28	39	20	38	1	6	19	29	16	25	27	4	30	37	35	8	31	31	32	33	36	21	11	19	18	6	26	44	22	28	3	9	20	23	45	33	24	15	13	42	
44	37	37	33	35	31	39	19	14	20	11	43	2	19	21	20	25	42	27	2	23	22	8	2	3	11	31	26	32	45	17	28	38	12	24	24	40	12	40	6	33	10	44	36	33	
23	9	8	20	34	14	44	9	26	45	15	35	27	32	18	21	7	5	11	16	22	41	12	37	39	18	31	2	23	16	33	42	35	3	13	17	17	10	29	40	19	38	34	34	1	
4	14	40	15	30	8	38	31	20	28	20	37	8	33	17	29	18	11	16	14	27	34	35	39	19	27	1	12	14	40	44	22	13	37	32	2	5	23	41	22	9	7	17	21	31	
31	1	3	1	16	19	24	45	7	15	17	37	20	32	4	18	29	34	28	25	21	27	26	41	14	2	9	19	22	30	5	4	27	10	2	44	23	32	3	33	43	35	36	37	8	
30	41	35	24	25	12	37	11	43	38	23	5	44	40	20	24	45	29	9	4	35	6	31	18	12	23	20	27	4	39	32	36	36	26	3	20	42	37	30	1	28	3	2	30	7	
15	6	5	41	12	6	30	21	41	7	33	16	25	16	19	23	7	8	17	31	16	34	32	11	22	21	42	28	18	24	31	29	37	30	36	4	43	20	25	2	21	39	17	9	27	
39	31	39	44	7	30	18	45	13	26	19	33	20	1	7	42	28	40	29	15	22	25	15	43	9	10	23	21	24	35	7	14	14	45	17	25	27	40	22	36	20	41	32	43	2	
32	37	22	23	20	41	4	5	9	44	9	23	21	34	6	3	38	25	21	36	39	43	11	28	25	4	6	16	27	1	24	17	42	38	45	26	38	1	18	8	3	31	25	33	17	
26	32	9	45	1	1	41	7	16	28	28	17	34	1	3	36	17	24	30	14	20	1	4	24	29	8	25	14	37	42	36	23	22	6	20	31	2	20	33	13	5	7	39	38	12	
35	25	26	11	14	37	36	20	2	12	5	13	34	22	9	30	9	31	14	10	1	39	14	20	23	32	24	29	18	15	36	16	41	21	28	15	18	19	42	24	27	43	31	17	12	
44	45	19	25	9	32	26	8	6	3	22	38	30	9	12	1	5	22	2	23	6	14	7	15	5	22	10	3	20	8	13	5	14	35	29	18	27	11	16	31	17	42	24	44	16	
1	42	6	21	41	33	27	14	28	1	24	6	43	23	12	4	33	16	13	27	1	30	6	9	2	40	26	44	31	29	7	20	21	17	41	22	8	21	37	29	25	8	40	14	32	
3	24	21	26	32	45	31	18	11	34	25	6	16	17	33	40	30	7	19	37	2	42	36	17	28	29	41	38	23	14	17	32	39	43	5	24	44	29	1	10	22	15	10	41	37	
38	35	14	42	10	9	45	42	5	21	25	39	14	13	9	37	34	37	20	28	1	1	26	44	38	41	11	12	43	4	2	37	3	20	7	6	33	33	41	12	6	25	27	24	38	
6	9	29	29	31	10	34	32	32	24	26	24	35	37	16	41	41	12	36	20	3	42	15	33	43	6	5	23	30	25	9	25	38	36	10	38	1	42	4	37	21	33	13	13	22	
34	10	22	43	2	39	40	41	8	30	36	7	31	11	41	9	21	22	1	13	29	33	18	29	32	15	8	19	24	20	36	12	23	24	16	21	22	2	26	17	44	28	27	25	23	
27	33	42	1	37	13	34	15	29	31	43	8	28	19	22	43	14	23	24	32	31	4	41	45	23	16	33	37	3	6	21	27	40	12	30	34	22	24	43	3	39	45	44	20	17	
10	21	28	37	43	16	33	44	9	29	34	22	9	15	22	13	24	9	8	33	40	44	16	23	41	15	12	1	8	31	20	30	5	11	19	7	25	5	3	38	26	32	15	42	39	
42	11	23	3	28	18	39	13	22	8	12	1	14	15	7	44	35	34	3	2	9	5	18	16	11	17	38	35	33	36	34	17	43	15	25	14	29	15	31	7	30	2	45	6	19	
7	40	10	35	44	4	3	6	25	10	14	33	8	12	16	38	1	37	32	13	15	5	45	34	36	5	13	40	1	11	5	9	4	16	18	13	23	2	10	19	14	29	38	23	34	
9	12	39	2	42	12	14	10	9	4	35	11	10	28	23	25	36	30	33	3	31	37	24	1	7	22	6	34	19	16	26	31	25	18	23	20	38	34	13	41	40	45	21	5	44	
32	34	17	14	40	21	4	9	10	36	15	20	37	45	43	8	30	27	30	7	11	45	2	45	18	35	35	25	39	38	3	30	24	25	41	31	4	5	32	38	13	44	19	23	14	
20	36	38	9	45	42	5	23	32	44	44	24	38	18	28	28	26	2	4	11	41	28	3	6	19	43	34	30	19	17	37	39	3	19	31	29	21	35	10	14	38	8	33	35	19	
