11	61	30	67	11	79	65	3	80	52	54	59	1	11	55	66	55	40	5	82	69	80	26	25	13	8	14	61	70	45	62	65	15	60	20	73	8	83	35	85	4	86	51	54	56	65	27	18	65	29	59	41	16	83	63	78	50	36	46	28	40	68	52	53	34	69	84	1	21	25	87	73	71	4	37	34	72	58	49	90	47	68	2	22	20	23	8	31	55	17	
16	2	40	65	11	33	41	1	32	21	23	74	1	52	75	85	83	11	50	2	8	56	67	6	76	46	25	43	72	40	15	86	1	53	58	10	45	59	60	74	39	42	55	89	3	90	81	82	61	4	44	27	54	17	82	5	22	15	7	1	14	18	47	12	25	64	71	68	84	38	13	28	77	26	78	79	22	66	27	80	63	69	13	87	48	9	35	62	70	34	
22	40	6	28	11	81	89	80	17	40	77	25	65	62	47	10	7	29	72	31	66	4	5	38	40	9	90	34	66	26	26	48	63	30	72	35	70	30	21	84	67	5	68	1	26	74	9	32	9	41	20	72	42	22	71	41	27	69	72	51	1	8	58	23	85	37	54	23	73	34	15	39	89	43	38	24	33	6	50	82	43	36	44	44	11	1	45	86	65	46	
45	25	78	10	8	31	6	59	52	68	53	64	67	49	65	64	69	86	67	77	76	69	14	7	21	22	5	24	15	29	46	19	14	32	26	19	58	82	37	69	20	87	2	83	43	65	16	19	60	42	55	3	19	66	61	89	47	23	27	62	12	24	38	23	13	24	39	33	13	35	7	30	34	7	72	70	69	85	48	86	36	63	49	17	88	18	61	44	90	40	
62	7	62	8	27	34	28	25	62	38	57	29	27	46	33	6	24	61	51	31	16	82	1	24	54	87	89	74	89	84	22	58	88	43	62	23	36	50	6	9	47	60	84	71	14	76	37	90	6	85	77	19	35	38	3	87	86	89	30	80	80	49	7	75	51	31	56	85	39	59	52	82	78	41	22	53	79	56	45	81	47	83	63	41	2	57	4	70	53	26	
19	40	33	75	74	82	10	37	36	45	55	83	86	41	83	15	51	66	30	56	52	36	46	68	75	31	33	69	60	45	1	38	45	34	21	26	73	27	23	16	31	39	58	24	37	48	89	86	76	26	49	84	60	53	59	42	43	90	18	62	44	17	7	85	8	24	70	78	10	54	1	2	86	57	77	30	63	71	23	47	4	31	35	61	43	62	62	87	11	39	
52	50	15	56	3	20	39	31	5	47	80	55	7	35	70	78	62	40	57	45	42	19	35	36	40	76	85	8	66	4	44	78	12	57	41	64	36	43	2	39	46	41	53	50	73	31	38	6	30	51	47	71	67	79	12	13	24	4	17	88	56	21	73	65	75	74	88	18	22	89	16	25	90	29	72	69	57	68	33	84	24	77	61	88	26	34	9	47	86	81	
4	50	2	36	74	37	68	70	13	48	27	79	70	22	15	50	50	69	24	80	22	45	28	43	2	11	73	7	17	28	40	18	75	39	13	57	34	78	86	44	33	20	30	63	1	5	20	12	32	3	88	52	7	74	54	7	82	87	63	6	21	10	76	56	8	83	72	1	31	65	42	23	44	35	84	46	85	62	50	25	26	8	36	29	79	89	84	38	42	55	
85	60	23	65	75	80	17	54	78	6	26	80	79	67	71	68	70	63	89	26	47	20	31	80	8	69	36	89	58	76	13	50	5	85	74	77	73	51	39	20	55	24	7	39	90	37	72	27	8	64	50	14	43	41	2	48	69	88	44	35	70	16	44	34	9	26	18	81	73	56	6	86	38	63	87	34	10	21	22	64	82	67	83	84	73	40	42	45	32	49	
38	60	55	79	1	61	64	17	47	45	30	13	90	65	73	44	58	39	62	75	11	13	12	84	3	76	80	40	79	18	78	76	38	2	63	36	66	34	12	67	38	41	77	88	64	19	39	31	56	9	68	64	71	73	20	71	21	56	69	57	72	16	42	16	16	70	12	74	59	21	10	2	60	85	49	82	63	48	71	26	15	43	49	83	75	25	62	53	78	45	
17	19	52	17	84	27	77	3	8	3	22	15	2	39	59	10	80	82	54	58	15	67	8	24	57	42	8	78	4	84	76	68	10	87	45	1	21	81	55	79	83	35	52	43	71	19	49	59	62	63	76	72	37	85	55	53	30	61	39	86	14	23	19	25	16	65	73	34	11	88	20	90	26	68	5	57	46	48	75	13	18	58	47	14	50	59	64	36	28	10	
77	38	29	3	18	4	23	49	35	31	40	13	80	64	41	79	28	84	86	10	57	63	27	61	74	71	30	45	67	14	15	13	11	3	65	79	5	47	35	89	37	72	12	25	5	50	66	83	1	56	51	55	26	76	75	7	16	10	15	80	22	24	52	81	76	32	67	82	68	9	74	17	41	44	87	6	88	59	85	49	20	46	63	8	78	48	61	2	53	33	
41	33	14	1	73	87	74	48	72	12	16	17	74	54	56	68	19	13	84	11	59	63	15	82	65	51	35	85	50	47	23	50	39	36	48	20	28	82	64	7	1	78	72	75	2	87	9	69	7	90	77	26	60	50	18	32	8	10	24	21	53	44	64	89	38	72	22	63	61	39	30	21	76	25	3	36	4	6	13	62	3	49	45	22	58	56	52	25	66	34	
39	74	37	63	70	72	42	45	5	62	43	32	81	26	90	40	21	52	42	33	18	5	78	22	23	43	75	33	68	7	26	64	40	24	34	70	54	35	22	56	6	24	85	43	9	82	79	27	3	80	57	18	44	4	37	65	5	73	55	30	38	78	2	37	60	86	14	21	28	87	76	83	16	28	88	25	69	32	10	71	27	24	46	66	24	47	84	89	77	8	
16	20	83	67	53	12	59	27	30	46	19	11	87	33	88	78	14	64	17	20	40	86	3	83	55	77	33	6	62	66	10	75	82	52	49	5	61	67	81	50	21	7	22	15	89	15	90	13	76	68	80	76	60	84	69	73	65	58	76	85	32	45	29	74	57	75	37	25	12	26	35	30	1	54	4	78	65	56	86	48	26	38	31	45	79	56	28	47	73	60	
40	12	65	66	45	29	11	41	13	72	64	45	61	53	5	62	38	29	74	84	74	59	79	67	12	63	81	86	16	60	16	15	31	78	41	75	66	13	22	76	80	45	82	10	57	46	69	54	71	50	45	17	68	83	38	77	52	24	73	28	43	46	3	72	32	42	14	4	14	33	39	49	37	79	56	1	34	87	55	70	6	57	36	85	51	88	53	7	2	83	
84	4	36	84	76	26	83	84	79	1	77	78	47	21	64	63	72	55	54	32	23	55	48	55	31	3	84	44	60	46	86	51	46	81	5	26	67	85	69	53	83	54	90	89	34	62	21	14	76	73	42	58	87	49	74	77	56	64	80	70	16	75	79	59	23	82	45	87	77	21	9	25	88	7	21	12	28	40	74	65	72	24	28	68	70	8	13	79	71	89	
17	45	68	4	64	50	81	15	44	23	85	50	46	64	16	26	35	3	25	69	63	6	51	89	29	28	7	38	71	33	33	42	76	60	43	9	17	83	24	20	14	14	31	18	37	43	41	31	47	25	8	14	27	56	62	19	43	30	49	69	57	42	21	1	10	20	11	77	63	78	3	36	51	32	52	85	39	52	79	36	74	48	12	8	5	69	72	13	2	53	
73	17	67	51	68	35	68	72	70	38	20	71	71	69	60	82	21	53	41	4	85	74	43	2	41	7	30	21	11	29	45	44	5	75	54	70	65	29	12	43	27	28	21	57	3	40	8	22	90	10	74	83	80	24	43	30	31	70	47	89	6	50	2	9	27	55	38	90	42	48	46	66	79	20	86	36	57	49	15	16	55	87	58	52	76	13	67	59	78	23	
54	41	66	53	9	53	13	45	50	14	89	49	76	31	28	27	63	44	73	76	58	35	32	23	36	9	82	11	64	65	80	77	67	15	89	33	65	61	74	75	72	33	83	17	24	17	42	46	59	73	29	76	69	20	60	11	26	45	71	50	68	58	34	39	78	31	30	5	89	12	77	37	4	70	44	38	43	44	81	9	25	55	44	56	34	10	22	58	51	1	
15	78	18	8	77	48	88	14	51	47	75	35	74	76	60	28	59	10	67	86	68	51	11	19	62	43	25	82	59	36	42	33	73	57	38	58	13	86	70	61	40	12	55	21	47	79	6	65	82	71	60	63	81	28	37	52	29	20	2	87	53	41	25	86	5	22	50	67	16	77	89	52	3	49	34	2	83	39	64	72	66	82	90	55	17	31	65	46	49	69	
87	61	12	71	16	66	52	63	41	27	9	35	38	54	44	68	53	34	64	25	65	37	14	60	51	80	54	23	82	59	84	38	79	55	16	3	29	28	25	68	51	32	61	87	45	12	62	58	5	33	80	67	30	57	87	81	2	7	61	83	69	52	26	11	15	1	11	6	35	86	31	40	25	88	30	39	59	70	84	73	44	42	88	72	45	85	18	48	49	76	
84	18	88	69	26	10	29	87	62	14	81	89	47	66	82	74	90	10	85	44	69	36	75	26	67	79	67	83	30	22	64	78	89	59	50	74	31	39	68	87	51	17	44	4	78	34	37	38	3	84	41	69	23	74	55	85	60	28	35	50	9	61	31	5	25	40	77	13	76	14	59	33	32	11	1	71	6	82	63	4	70	12	37	52	86	46	6	52	72	39	
7	40	5	87	43	79	35	79	89	18	90	18	11	26	78	56	52	80	46	22	44	75	31	34	34	73	83	89	31	19	35	88	57	89	81	6	76	75	82	36	1	42	13	61	27	86	24	76	72	29	9	74	63	2	15	58	66	90	53	55	16	47	12	32	44	3	35	84	72	77	85	32	28	81	54	50	74	4	8	17	62	51	87	33	6	64	10	31	21	14	
83	86	53	2	25	56	51	20	4	82	4	73	22	79	23	71	88	57	14	81	70	36	6	26	66	4	46	27	32	64	85	23	58	40	74	80	54	84	7	55	73	61	87	2	8	18	33	5	34	11	44	65	39	43	86	67	44	1	83	36	63	69	56	28	68	89	74	28	90	34	45	24	1	37	74	59	13	14	29	6	72	63	75	16	77	21	77	76	20	30	
12	80	5	27	67	31	24	41	18	62	72	57	43	33	53	24	54	63	87	70	67	64	40	2	77	65	21	23	41	38	50	52	77	14	75	51	44	56	89	20	78	31	75	28	23	35	49	71	57	45	48	83	15	85	83	50	19	63	74	57	8	80	16	82	1	47	2	3	10	90	21	84	81	55	20	8	5	69	76	22	67	32	56	79	76	49	88	4	68	28	
57	73	16	30	24	14	75	76	66	83	70	84	74	18	46	52	23	2	76	7	67	50	35	28	88	70	71	87	70	8	19	86	78	32	25	61	5	58	5	31	47	74	26	80	49	27	39	70	79	74	36	51	31	32	77	29	8	17	70	37	21	86	30	60	77	12	78	41	67	81	69	21	21	53	60	68	36	63	7	33	40	44	34	67	72	67	54	34	42	38	
68	60	76	5	77	22	67	24	61	41	63	37	21	82	46	80	19	79	6	75	62	41	23	90	67	48	65	80	81	14	69	55	34	54	20	70	72	84	3	2	32	62	88	50	13	41	87	84	27	89	63	85	1	44	45	25	4	17	12	39	83	7	8	73	40	70	51	69	64	12	71	52	33	63	66	47	74	55	86	88	14	17	42	9	59	11	32	18	60	3	
53	10	79	14	80	77	81	38	53	50	9	81	61	40	13	30	82	74	82	34	31	3	48	70	61	14	24	90	83	43	53	41	50	42	52	38	23	2	35	37	11	44	76	70	84	49	7	29	29	48	22	57	48	68	87	69	41	71	28	28	20	78	28	72	25	85	65	8	45	15	2	47	8	39	24	51	83	32	35	19	36	54	36	86	81	1	21	29	59	56	
16	39	30	42	13	14	78	75	71	24	44	70	69	47	15	53	53	5	40	84	73	73	45	68	63	85	19	40	21	37	82	35	74	19	36	83	83	22	28	61	43	67	38	72	73	12	30	33	66	67	25	9	48	29	74	68	23	53	16	2	87	56	86	67	76	29	58	24	49	45	84	50	20	80	81	89	90	17	82	27	46	14	32	88	3	64	26	77	24	4	
74	19	54	66	83	84	55	10	15	62	52	57	19	30	45	6	79	40	75	68	62	23	41	53	71	40	24	56	73	45	57	15	24	63	78	14	59	2	76	29	61	85	83	39	77	34	43	60	33	81	35	55	4	35	16	34	35	37	87	15	42	8	27	62	69	66	33	86	65	67	70	84	58	60	31	1	64	32	72	45	13	53	7	67	89	80	60	28	17	54	
2	51	21	26	70	49	49	11	38	20	73	67	12	90	34	3	89	46	31	17	88	42	29	55	68	22	33	35	9	44	49	8	53	67	83	82	75	40	89	72	19	70	47	28	30	39	79	77	82	18	1	43	19	28	2	84	10	32	78	69	34	36	73	48	61	26	41	43	63	32	23	79	61	66	67	52	13	54	37	56	30	45	1	50	19	57	5	26	81	80	
1	75	68	33	28	36	56	23	39	78	14	59	27	72	84	53	81	56	65	21	18	7	51	69	8	29	80	57	52	68	41	12	12	66	43	38	10	58	20	46	6	34	64	30	62	55	44	49	19	14	70	86	73	80	24	72	15	10	37	26	40	35	43	47	7	45	48	67	55	61	71	58	51	42	50	22	59	86	71	35	8	53	54	60	31	10	16	90	18	7	
23	15	38	18	59	4	14	63	68	66	83	8	83	42	48	37	59	65	82	33	6	49	34	31	79	20	39	88	18	16	54	90	27	89	17	46	52	30	16	80	53	58	85	44	7	2	77	26	63	67	56	66	24	88	57	9	67	55	56	84	28	17	81	52	70	54	60	76	40	32	64	90	5	17	41	54	19	25	78	43	50	41	69	32	1	29	90	71	38	61	
14	63	29	54	75	53	14	39	37	52	31	7	49	26	21	86	77	86	69	62	31	79	62	1	18	19	76	16	40	21	28	51	44	55	11	78	15	75	80	49	34	14	17	42	89	85	87	74	40	65	5	68	49	26	28	27	45	64	41	41	46	66	90	87	81	60	32	2	42	20	10	35	79	82	74	83	29	30	18	67	1	72	4	10	5	33	36	6	52	43	
45	3	7	4	47	83	61	76	42	63	51	12	5	37	84	39	71	20	66	87	46	26	30	48	85	31	38	77	86	88	17	1	49	72	1	4	21	23	39	62	82	89	32	46	6	75	45	61	54	70	17	8	55	50	53	47	33	49	84	78	4	9	76	52	76	36	51	56	18	87	24	59	43	15	64	33	2	15	57	49	44	30	60	7	34	66	14	62	22	4	
9	23	9	44	33	44	40	81	8	54	37	81	20	77	4	81	73	50	55	29	6	8	18	19	64	47	82	75	68	63	37	79	46	5	27	76	48	63	26	14	77	62	2	56	6	57	6	34	65	58	24	68	25	38	47	49	82	89	79	59	60	23	41	64	28	25	10	69	48	36	42	32	51	6	47	16	18	51	52	83	17	66	56	90	12	15	42	61	5	31	
18	23	10	17	46	38	39	52	63	46	45	14	75	53	12	81	66	27	38	72	15	13	8	30	9	68	1	10	28	53	88	43	36	5	57	79	87	60	1	58	16	3	29	47	54	35	32	79	21	68	59	89	78	26	76	50	5	70	19	27	84	11	67	26	65	33	64	59	48	24	74	53	25	20	6	40	7	34	24	23	9	56	71	46	69	46	90	73	80	22	
88	65	71	24	50	5	15	74	61	59	5	6	20	80	9	21	24	8	52	46	77	20	47	48	25	20	53	73	81	39	44	40	60	22	59	72	76	76	51	44	38	15	48	17	4	16	36	23	72	49	28	56	27	75	63	54	52	26	30	3	19	33	37	38	55	55	17	35	86	63	38	34	76	45	46	41	18	41	20	87	89	45	57	78	81	79	28	42	55	27	
35	71	47	31	17	58	83	29	53	39	56	50	68	87	53	73	32	68	76	47	64	30	51	72	8	36	50	89	33	65	63	24	43	68	55	19	86	5	8	45	41	21	54	69	13	66	10	3	42	81	52	62	70	59	4	74	90	12	34	80	75	88	11	77	63	61	3	57	25	60	65	26	80	74	2	86	48	67	86	49	10	6	18	76	82	17	78	17	79	84	
4	59	41	64	43	63	32	5	79	16	62	9	38	45	80	87	90	35	54	47	81	23	44	58	6	61	34	23	37	20	14	90	77	17	61	84	75	53	80	65	66	49	67	64	55	16	21	50	11	36	2	89	56	6	19	57	26	48	77	60	64	51	19	54	71	78	85	6	38	73	26	63	82	52	89	42	66	13	68	74	69	51	33	4	16	70	23	39	51	7	
58	23	17	74	30	36	20	22	2	55	54	26	77	43	37	70	84	11	42	40	43	83	50	34	47	63	41	28	61	86	80	27	68	2	59	57	38	77	78	35	1	45	19	46	79	53	66	36	22	15	67	24	58	81	17	12	9	52	39	71	10	23	54	35	80	19	90	72	55	75	63	16	71	87	49	21	3	22	51	74	48	73	5	52	56	72	62	61	31	57	
89	88	37	47	31	19	26	80	48	40	61	18	53	1	57	61	17	56	81	22	37	75	52	3	34	66	71	54	86	62	16	81	20	13	87	49	82	72	34	38	22	54	14	32	14	67	2	81	83	40	10	26	28	21	78	15	85	55	68	78	76	42	30	4	14	23	8	2	55	1	86	33	59	6	63	25	35	24	13	29	59	74	6	41	7	84	58	50	5	79	
30	78	28	18	78	39	90	44	90	51	42	83	45	53	49	65	75	77	84	88	4	14	27	8	51	25	47	63	29	49	52	20	86	36	35	32	72	31	73	31	79	22	74	82	72	29	55	56	13	46	9	69	56	34	33	66	18	80	89	48	85	45	61	78	83	54	17	21	87	1	11	38	17	84	23	57	18	76	62	2	81	67	17	3	60	47	68	38	36	62	
42	24	69	62	62	15	23	77	33	64	71	2	1	48	81	70	55	7	49	21	50	86	53	61	86	67	67	22	12	58	43	13	45	18	72	11	30	54	84	21	25	24	20	75	31	60	53	80	26	61	63	70	57	66	90	9	40	65	28	52	82	73	21	35	44	90	46	32	51	83	11	41	14	80	19	3	56	68	47	71	88	9	13	50	74	16	56	75	32	59	
81	22	18	9	51	21	60	49	54	69	39	21	13	12	8	29	13	15	54	52	84	53	24	56	58	53	23	74	34	51	25	26	32	2	79	41	20	45	87	30	21	33	10	31	5	15	17	15	80	29	27	71	38	46	84	3	4	14	36	86	61	58	65	51	59	57	90	37	3	85	28	22	83	40	11	79	16	77	53	86	13	76	24	18	80	19	63	43	35	6	
36	44	24	61	2	77	19	89	73	72	46	5	53	81	87	23	27	1	7	39	82	70	22	65	77	62	77	47	12	9	13	10	49	33	65	12	70	48	7	51	75	9	15	35	47	8	18	72	58	25	17	49	51	90	21	37	57	55	42	66	23	52	40	31	82	6	43	21	13	6	68	80	64	42	74	20	9	3	88	69	71	64	76	28	63	50	22	78	12	67	
12	32	72	42	23	24	6	60	42	13	24	75	51	86	19	33	12	77	83	6	49	58	29	29	84	86	37	12	35	48	34	41	38	16	80	58	39	83	77	35	54	8	12	14	10	80	46	10	64	31	65	73	50	2	9	38	53	42	9	76	47	39	78	44	11	63	9	7	17	45	35	67	50	18	77	55	52	79	17	20	69	41	87	24	4	54	25	47	56	28	
82	61	26	68	13	40	1	71	87	11	24	29	78	32	85	22	39	37	9	53	13	37	2	59	59	4	72	79	7	34	64	49	55	50	74	65	43	69	6	41	40	27	28	75	58	20	4	8	14	62	14	77	7	67	43	63	26	25	10	30	17	38	38	30	80	19	3	30	52	5	66	85	84	89	70	4	73	30	12	38	90	67	23	15	39	74	29	64	45	32	
55	21	24	88	48	11	66	9	1	21	65	63	65	50	20	1	56	44	28	14	79	25	40	10	26	77	31	49	8	35	47	57	52	62	15	59	33	77	66	32	5	88	60	29	46	32	34	57	36	52	69	21	75	16	80	61	54	17	70	19	11	71	74	61	39	47	81	30	31	17	20	85	10	72	21	58	61	45	73	3	64	7	74	38	83	60	67	30	37	41	
47	45	11	80	65	7	34	52	88	25	63	16	17	70	44	89	82	12	38	58	71	1	62	46	89	41	13	16	36	47	9	36	54	16	23	24	72	18	75	66	37	48	78	12	74	81	5	63	90	2	82	64	52	11	22	10	11	79	23	40	86	29	33	43	4	53	65	39	30	49	14	27	50	51	35	31	87	87	56	84	3	90	15	7	19	83	15	20	65	37	
20	56	24	45	7	77	57	32	20	81	74	79	64	81	86	58	18	78	50	27	69	9	24	44	10	82	30	25	6	54	16	17	70	90	20	85	77	73	12	1	23	44	79	84	32	30	47	8	15	56	33	43	59	19	84	71	11	75	48	61	87	60	75	66	54	4	49	35	36	16	85	62	19	31	47	13	58	55	16	34	17	21	73	76	73	26	8	80	12	49	
43	1	70	78	24	85	40	66	22	72	41	68	87	19	4	42	27	23	56	3	53	69	60	84	11	40	18	67	22	74	77	25	34	51	62	55	37	9	83	19	44	80	82	36	12	46	40	86	28	52	45	38	78	13	29	87	49	44	26	30	79	6	14	18	54	73	70	50	41	21	72	41	7	17	39	62	24	75	58	46	30	57	48	20	65	70	59	73	76	82	
62	58	42	36	79	3	69	13	50	70	29	75	18	85	51	49	57	71	76	65	76	60	28	27	29	52	56	83	84	36	30	15	1	68	48	34	30	80	6	39	52	88	73	66	76	32	74	89	10	57	61	83	77	48	72	12	59	33	54	50	66	43	63	36	70	75	19	9	53	74	6	64	66	78	37	11	15	70	67	74	86	28	65	81	36	4	41	5	33	2	
13	58	43	72	43	23	11	26	75	24	3	80	85	28	24	82	1	36	59	56	19	15	81	42	82	76	4	84	76	87	81	89	51	82	29	54	60	86	79	47	17	35	5	10	61	11	89	57	44	55	20	21	74	62	22	18	44	27	6	79	25	46	33	33	35	18	83	2	12	22	4	31	53	81	38	73	89	37	89	7	43	16	77	70	39	2	85	40	88	50	
78	90	4	17	81	36	33	25	3	2	43	1	25	55	77	17	36	35	8	85	34	46	60	66	23	5	28	67	39	10	24	23	59	26	89	43	21	87	65	16	84	15	12	64	30	51	80	25	82	81	16	73	86	73	47	20	35	72	42	74	41	63	53	8	48	11	48	70	88	21	44	75	85	12	46	76	57	83	6	9	79	72	14	64	52	82	40	85	27	40	
25	62	11	38	69	18	46	78	43	42	2	81	82	47	52	81	29	16	71	84	20	12	63	54	35	22	6	72	66	27	19	3	47	79	86	73	56	39	57	8	40	55	49	23	60	5	64	87	70	44	81	48	13	9	10	45	28	65	76	54	50	55	51	7	3	5	75	57	41	37	60	88	61	67	65	18	68	32	66	46	33	11	1	53	15	73	85	14	32	32	
54	81	84	63	44	83	70	26	49	65	23	69	13	71	40	72	48	15	63	73	20	10	39	19	5	53	38	50	14	68	79	27	17	29	87	60	22	21	81	26	45	63	1	56	41	89	87	51	64	57	27	82	19	63	64	73	74	6	31	90	32	67	19	46	2	65	12	20	45	52	7	88	23	2	13	27	89	8	68	24	23	58	10	42	25	67	75	6	33	9	
51	60	73	29	13	32	54	82	48	58	84	52	55	64	14	63	46	60	29	23	80	49	36	49	47	57	22	25	24	50	83	70	69	21	61	79	53	20	25	58	76	13	67	90	35	76	26	78	6	47	62	43	64	1	89	11	55	74	32	38	81	77	15	56	3	34	5	49	19	23	17	87	84	48	40	27	86	65	16	79	67	68	85	26	28	39	85	88	17	10	
24	57	57	89	19	56	27	73	14	34	4	76	76	88	24	77	71	9	3	81	48	65	18	35	49	44	71	42	83	51	26	66	10	80	22	81	6	45	59	69	38	23	16	74	14	36	57	85	2	19	37	7	80	10	90	90	55	30	1	4	78	22	68	45	62	87	81	28	5	11	2	8	29	12	32	15	6	50	43	57	75	73	64	13	81	60	12	17	20	18	
54	30	77	29	32	8	75	21	31	35	78	30	83	13	2	24	15	5	29	54	60	90	85	80	10	37	48	68	87	2	70	47	81	15	39	20	25	71	90	10	12	75	38	55	50	1	51	57	4	66	68	20	61	22	11	67	58	16	5	9	64	72	53	57	45	47	33	62	23	29	73	83	63	69	44	18	65	77	34	28	46	79	3	64	43	8	6	57	74	1	
63	42	31	76	1	74	30	30	6	49	18	34	1	44	8	5	18	32	79	12	13	84	33	13	17	73	70	15	37	52	65	59	48	4	41	47	75	68	36	39	77	14	71	36	16	76	50	81	66	78	90	76	29	30	51	43	63	35	55	64	31	80	28	77	82	67	83	26	1	2	61	45	51	46	68	62	75	19	51	10	87	10	53	23	8	3	25	60	74	39	
78	64	26	11	49	14	36	90	88	85	76	57	28	86	58	55	60	37	27	66	45	73	73	86	54	70	45	80	38	26	29	23	89	8	84	7	24	77	56	71	69	38	33	59	83	87	18	47	81	4	19	88	74	3	39	36	67	82	20	64	74	1	46	37	7	2	31	76	75	41	50	11	40	41	68	28	9	41	77	71	43	52	24	25	47	61	57	79	13	42	
8	76	86	12	60	90	59	46	40	39	87	45	48	29	83	71	61	75	20	33	14	60	49	36	43	88	57	60	42	67	55	2	10	56	57	30	8	24	72	40	26	63	82	68	89	38	11	51	16	27	43	79	47	83	23	51	40	77	13	31	9	65	23	69	73	39	5	80	60	74	77	81	9	71	17	4	8	22	18	78	5	16	59	8	62	40	53	5	82	24	
84	82	49	66	20	29	12	19	14	71	53	51	19	57	24	84	19	83	13	89	62	68	58	81	73	22	27	1	77	8	18	68	50	61	42	23	55	50	4	22	79	52	70	57	69	1	53	48	42	21	87	63	85	54	50	28	72	36	75	55	3	83	88	47	14	30	34	60	43	29	41	78	78	23	42	17	76	50	24	18	80	15	56	26	64	90	9	63	84	86	
56	84	67	46	1	41	33	28	58	32	59	7	23	1	22	18	65	88	66	83	72	41	4	14	23	74	61	30	65	55	14	29	6	40	31	62	78	63	81	42	2	4	50	16	11	68	82	64	24	55	15	87	56	25	66	76	79	34	13	53	39	81	44	8	23	69	57	7	37	7	8	43	10	51	9	59	77	52	82	60	12	4	17	65	20	68	19	67	73	21	
67	53	56	13	54	78	76	70	45	19	74	48	14	51	58	69	59	41	26	48	61	38	11	71	59	79	8	28	5	57	11	68	72	64	78	86	46	61	58	86	81	1	41	49	1	6	26	62	5	12	64	22	7	72	85	23	20	86	50	22	15	54	87	76	24	72	66	73	3	29	60	40	89	63	90	77	24	74	4	78	83	65	7	43	5	52	63	25	44	19	
4	52	70	50	35	52	31	6	25	82	86	43	29	32	61	74	16	44	53	71	29	2	42	85	42	45	43	64	23	84	81	80	5	19	37	37	68	26	9	54	12	46	56	90	75	22	73	49	67	32	30	52	82	27	44	83	23	3	57	5	38	4	79	41	72	76	37	48	2	8	59	63	41	21	60	75	40	90	83	66	81	70	24	74	87	28	33	16	69	77	
71	15	39	57	15	16	88	50	23	53	45	82	19	56	62	38	85	59	35	70	29	23	54	10	52	90	84	71	65	61	14	45	37	47	59	48	22	55	55	43	10	8	81	78	13	58	75	1	13	72	67	2	90	77	60	14	68	52	83	40	24	1	49	52	12	9	63	27	26	20	67	82	86	17	30	87	61	18	89	36	7	21	40	39	6	90	51	32	11	44	
26	28	86	70	39	1	37	56	25	17	79	53	6	58	65	88	14	87	4	59	27	43	38	57	78	34	15	2	19	23	89	41	13	73	66	8	35	59	61	17	74	5	66	40	21	90	29	84	84	82	50	18	31	84	36	68	77	9	22	7	80	12	4	49	79	41	55	71	47	76	90	42	44	60	21	63	20	46	48	11	86	62	75	24	48	30	51	85	75	72	
47	66	80	48	15	25	36	30	7	80	67	87	65	9	17	83	26	30	90	32	89	82	86	71	69	2	45	23	85	24	53	39	80	1	45	56	21	41	88	74	27	57	34	89	22	42	41	43	32	37	34	28	27	31	5	4	78	48	72	69	70	32	71	19	29	70	35	8	20	73	81	3	85	27	8	13	21	89	23	48	38	47	73	36	75	44	76	54	82	51	
86	20	81	17	88	63	84	28	69	8	61	19	9	53	32	56	64	14	15	76	55	47	28	87	25	56	31	3	70	72	45	21	61	80	40	9	16	27	90	79	85	54	57	52	14	54	68	75	73	80	18	23	33	43	65	17	59	53	14	41	32	20	16	50	58	49	49	79	36	42	16	29	6	69	43	26	23	27	59	77	1	64	62	83	67	74	7	85	38	19	
28	26	34	41	66	89	50	33	26	84	68	39	70	25	15	16	37	88	32	45	74	78	17	83	72	43	63	76	43	57	51	22	80	85	24	67	42	79	38	73	29	56	63	53	81	38	65	75	35	54	79	75	88	5	51	64	6	86	45	44	48	3	18	24	46	38	40	47	69	55	77	47	87	58	4	49	82	27	90	15	75	59	37	57	16	7	4	19	1	11	
15	67	61	30	82	65	27	83	19	53	21	47	7	63	89	8	2	30	85	28	4	29	79	39	59	6	82	62	69	56	66	43	22	86	71	63	64	57	49	74	18	26	35	73	86	77	41	52	61	34	74	24	72	59	68	78	25	48	51	48	88	71	1	42	65	38	65	31	83	79	64	60	7	59	7	52	84	41	6	53	32	78	80	54	9	5	37	73	10	41	
29	31	19	25	32	43	16	4	71	5	75	10	24	41	54	22	3	8	21	55	75	51	56	1	70	12	2	4	44	61	6	61	89	20	45	28	23	62	82	57	17	30	55	37	64	69	22	35	74	88	75	1	8	78	7	72	73	50	29	15	70	34	35	67	17	46	53	30	9	47	80	68	65	5	71	90	71	81	26	14	74	60	12	82	33	60	27	66	23	48	
39	85	69	73	21	38	18	32	65	67	82	14	42	6	16	12	53	47	50	35	57	87	81	32	69	75	86	81	46	69	82	83	16	20	28	88	57	89	27	33	64	54	3	65	59	14	74	70	19	38	7	36	73	48	23	55	28	19	90	34	45	53	77	13	58	8	4	22	1	25	6	44	76	5	86	2	71	29	68	50	23	35	78	90	41	17	9	30	74	15	
59	71	8	2	85	64	55	84	80	15	67	46	36	50	10	90	11	73	18	38	78	35	70	33	87	71	32	1	13	64	58	24	7	65	75	89	31	37	35	77	50	9	24	86	18	31	76	26	68	49	66	8	45	1	30	34	69	20	40	35	1	86	19	84	56	90	42	83	34	69	25	82	75	47	48	1	41	65	80	54	73	61	67	27	44	49	55	72	3	84	
21	68	82	32	9	2	79	42	46	22	88	64	60	15	68	54	65	62	77	48	74	57	1	41	77	10	49	39	73	25	87	85	38	28	73	44	27	59	47	30	52	23	4	57	36	66	19	7	86	5	53	78	20	14	67	6	17	29	1	1	44	55	38	80	74	71	83	58	37	40	81	51	18	41	12	23	15	72	17	61	31	29	38	43	13	24	5	16	28	63	
56	69	5	55	22	70	31	8	83	27	5	72	58	18	25	16	30	84	78	5	51	66	84	88	14	82	50	69	53	74	32	16	18	34	33	80	71	64	85	59	82	90	85	9	63	13	22	2	55	60	52	80	31	42	16	21	31	62	77	45	7	74	20	67	6	45	61	64	15	46	79	51	11	73	57	22	44	43	17	55	65	75	27	89	67	12	56	58	67	87	
10	25	50	25	90	12	71	51	73	37	57	20	85	16	1	57	40	89	47	49	49	17	74	73	58	13	72	18	75	2	3	72	25	11	56	22	20	88	70	60	28	4	80	19	10	29	31	42	23	72	54	68	83	84	12	47	7	42	21	65	41	76	6	27	84	62	44	61	12	82	21	46	67	89	53	43	75	78	76	5	20	34	68	9	30	76	15	26	25	85	
49	27	74	15	48	17	34	53	76	43	1	56	84	21	18	90	67	86	80	37	86	2	55	24	60	54	59	34	45	43	31	45	65	52	64	72	69	50	10	10	3	36	63	37	66	36	35	68	29	75	12	81	32	6	8	88	14	78	81	58	13	15	57	36	77	69	79	89	33	62	82	76	2	83	21	15	25	16	87	30	85	51	9	19	61	51	13	11	4	70	
68	43	66	81	86	6	58	51	55	41	69	14	88	34	2	7	40	76	16	27	87	11	77	45	71	89	89	4	54	30	41	82	69	67	68	52	26	90	62	70	32	2	43	20	25	9	70	66	78	45	64	72	10	31	73	76	80	30	29	89	59	27	77	38	52	15	82	75	5	13	13	1	9	56	61	32	55	5	51	8	43	18	33	12	87	14	46	70	40	31	
66	4	20	13	87	67	25	40	10	28	47	21	73	15	35	41	4	47	39	57	46	44	57	50	48	14	51	53	81	49	90	30	19	6	78	13	32	10	42	40	88	43	23	67	65	12	70	56	69	16	16	5	51	33	8	59	43	15	79	8	21	62	60	29	26	52	36	55	54	24	56	7	68	71	45	26	81	8	82	12	22	64	72	29	84	85	61	1	7	58	
76	77	85	43	12	68	83	2	30	4	20	86	60	59	22	1	66	17	5	15	83	73	69	2	75	20	87	15	18	51	37	49	35	79	51	7	19	3	3	6	55	73	85	22	26	70	71	53	74	39	23	10	21	52	13	36	81	90	56	39	11	44	48	42	88	5	9	6	7	64	9	57	41	61	79	28	27	60	31	60	16	51	66	62	14	72	5	33	34	20	
31	90	22	76	4	6	80	7	9	81	66	68	8	68	29	43	86	18	10	76	90	52	37	11	71	1	38	36	88	70	7	28	25	23	6	25	23	12	30	82	35	89	59	87	61	44	36	16	57	36	89	86	46	82	14	76	83	38	32	72	62	79	51	84	3	56	13	24	3	39	75	83	15	80	85	54	32	20	67	51	15	26	40	21	15	27	3	54	41	71	
84	5	53	49	41	54	54	55	36	56	48	60	6	61	47	2	54	81	7	90	82	21	13	29	89	26	29	88	47	18	33	31	71	79	32	67	1	82	34	86	5	37	53	8	38	7	85	84	43	53	72	35	29	87	19	39	67	11	20	14	72	57	4	51	18	30	20	44	74	5	40	73	87	50	78	30	58	32	19	59	84	88	52	17	42	61	65	15	25	18	
79	6	25	39	9	28	38	79	20	7	81	54	40	38	11	77	68	24	19	78	41	56	57	4	32	35	9	31	10	42	45	46	85	37	82	2	47	17	78	18	73	29	66	20	67	35	12	88	17	69	32	53	34	65	43	26	61	44	52	66	36	3	22	27	86	13	78	87	75	27	2	55	56	74	75	73	60	64	65	76	64	5	33	58	45	59	76	3	32	62	
22	70	85	40	52	72	44	36	58	79	60	57	41	73	3	75	11	48	66	42	82	39	90	74	90	27	10	35	78	2	67	1	64	20	88	73	89	39	17	16	86	35	37	26	11	21	3	76	31	28	14	69	65	11	50	22	87	20	58	29	23	82	78	55	5	77	24	54	72	4	83	55	30	59	80	5	39	38	69	26	68	81	8	86	53	50	20	6	43	35	
32	45	13	16	46	30	49	65	29	28	6	3	80	60	21	31	47	57	23	24	1	46	61	81	2	70	11	66	73	28	4	14	31	12	77	74	76	33	15	17	20	68	64	62	78	83	84	26	48	65	21	90	71	35	75	70	3	39	42	75	59	40	45	58	19	81	31	85	22	10	53	5	23	34	58	7	67	10	27	88	73	31	79	51	18	54	80	22	44	36	
90	11	27	2	29	42	80	12	75	61	7	87	62	24	72	25	31	45	33	11	2	71	59	63	80	15	62	65	48	14	5	81	83	74	74	16	79	32	5	13	87	64	6	34	80	41	34	17	39	26	20	30	89	18	82	70	36	43	38	20	35	84	90	88	26	44	47	89	56	19	5	9	66	68	14	53	1	10	25	37	30	4	21	25	85	90	60	69	8	3	
