62	68	5	58	87	89	36	63	65	61	84	21	13	79	4	49	83	52	12	47	16	54	46	5	59	12	64	16	24	39	55	4	67	64	66	61	22	4	85	85	25	37	65	35	23	28	81	13	78	52	60	53	13	69	55	31	34	78	44	55	76	58	18	50	82	77	70	11	40	61	56	62	57	28	71	77	15	6	49	72	17	14	64	27	75	79	19	16	73	58	
31	9	24	8	19	65	82	86	73	82	16	36	51	70	23	67	16	87	70	63	47	85	36	18	71	20	4	88	84	27	13	74	34	89	79	50	58	32	5	1	20	72	35	30	10	16	56	25	11	37	84	17	78	28	33	18	6	90	64	48	75	76	81	65	29	29	22	85	57	77	83	38	54	80	26	62	89	2	3	58	7	36	12	19	39	66	40	14	21	15	
31	86	38	71	20	27	8	1	71	24	75	23	58	88	6	43	57	54	29	9	19	61	4	50	77	76	20	21	59	87	74	50	42	71	28	60	57	33	58	35	17	40	55	34	88	62	74	14	71	63	22	50	30	74	7	15	57	78	83	24	36	26	33	72	57	64	39	25	51	5	54	65	4	68	6	89	90	77	11	66	10	81	73	37	24	41	10	79	76	52	
63	16	38	54	85	54	19	84	72	29	48	85	1	49	61	4	8	16	40	68	39	8	56	20	41	39	57	10	77	40	21	46	53	58	59	7	17	76	88	49	12	43	3	63	52	23	26	19	36	64	84	73	69	9	90	69	45	16	38	30	15	56	35	27	74	2	31	48	75	79	5	46	81	57	18	2	78	42	18	22	63	11	53	6	24	12	32	20	25	28	
47	37	79	79	61	20	40	51	66	22	89	29	28	78	83	3	77	68	2	55	48	62	61	60	22	36	69	48	53	54	71	7	49	20	45	69	38	83	80	63	64	76	89	52	23	41	52	59	68	56	21	23	73	80	42	4	75	70	10	35	30	81	1	38	57	5	14	58	85	1	24	19	39	72	67	65	20	26	25	85	43	41	74	17	80	18	16	82	85	27	
56	74	61	55	20	25	18	83	76	11	43	59	27	76	37	53	39	16	39	21	9	73	60	74	87	8	50	62	67	4	45	82	76	13	5	57	87	20	45	33	80	86	51	14	69	85	28	68	63	63	88	67	44	15	10	89	19	19	58	45	22	10	34	64	72	36	18	29	15	65	59	3	53	70	66	82	23	90	57	81	71	12	17	62	26	76	75	1	6	77	
43	73	83	36	37	25	31	51	13	43	18	31	44	32	7	17	20	27	14	74	16	34	45	30	3	65	66	59	63	66	42	65	46	84	8	79	68	38	39	78	76	14	16	79	47	72	3	60	7	67	2	75	59	48	61	60	69	35	78	40	7	80	62	12	32	70	88	8	64	85	49	46	6	21	84	50	90	86	71	4	19	63	41	77	15	5	43	51	35	81	
78	2	66	47	11	57	74	59	24	43	50	67	48	15	47	39	20	44	30	81	8	9	51	40	82	25	41	84	65	36	33	12	35	6	18	5	22	89	61	44	3	71	18	49	83	62	85	10	68	73	50	70	79	61	72	32	83	75	76	17	13	13	80	7	69	56	10	88	52	30	42	14	8	16	58	53	37	11	60	9	45	77	39	86	36	19	20	78	87	90	
3	56	62	40	22	38	3	29	33	15	19	31	25	24	44	42	72	78	50	90	84	1	65	82	80	8	5	58	83	48	17	45	63	77	45	85	74	45	71	66	57	87	4	42	70	7	81	12	82	2	9	35	89	34	25	39	8	79	3	43	86	73	47	56	54	89	10	35	6	76	8	20	32	61	59	9	67	11	18	16	7	88	49	3	68	32	13	69	71	14	
67	64	68	21	80	81	69	85	75	69	30	42	48	59	10	14	27	72	21	5	85	25	40	2	78	16	84	75	41	62	35	66	33	62	86	20	12	22	64	87	51	1	33	6	19	2	70	44	34	50	8	77	34	45	79	19	58	68	54	58	37	48	31	29	70	76	47	82	56	18	71	14	73	63	70	88	63	49	36	3	4	41	83	38	46	24	14	65	89	32	
28	85	72	57	21	11	1	27	88	54	5	28	66	71	88	44	25	58	49	21	22	12	21	6	44	64	27	17	35	75	41	60	67	73	76	47	81	74	34	76	36	88	63	61	28	59	63	50	76	19	68	4	80	87	7	33	20	83	8	52	65	8	77	1	78	17	9	29	89	1	67	84	86	35	14	23	2	36	69	74	15	7	76	3	52	42	29	69	90	86	
81	19	2	60	70	39	74	75	65	32	73	89	75	66	31	86	46	81	82	22	24	2	25	7	90	35	9	27	12	53	72	90	69	71	19	48	18	52	80	42	44	23	38	26	85	67	74	90	16	60	20	38	61	2	4	57	35	62	43	6	22	28	3	1	55	78	4	30	30	83	70	76	11	77	57	56	3	36	53	17	55	33	51	22	34	53	41	29	22	79	
28	42	61	80	90	22	58	1	11	85	80	78	26	51	15	80	14	17	75	26	28	37	55	39	57	45	51	3	67	32	41	2	33	10	41	30	81	6	81	51	50	30	89	73	78	12	22	52	23	4	75	13	39	1	46	55	43	56	17	67	87	55	29	26	24	66	16	64	69	7	25	78	31	19	21	18	27	40	33	9	5	61	16	44	59	34	54	57	76	68	
32	30	82	56	54	14	81	67	75	19	31	5	5	58	73	23	34	7	22	59	13	23	79	79	24	44	8	73	60	42	48	51	70	38	66	83	11	55	19	84	71	46	48	36	63	80	57	5	85	75	25	61	6	9	43	26	12	10	62	70	16	65	28	41	10	53	83	72	15	9	22	47	14	29	78	74	17	41	76	9	77	58	27	39	65	33	23	37	35	78	
65	6	50	90	44	19	51	34	86	25	2	15	68	13	42	54	47	18	54	30	24	36	86	8	72	20	33	4	53	28	40	26	31	87	75	35	65	85	66	20	70	28	32	45	90	37	58	46	48	19	38	31	14	79	89	84	6	29	46	21	54	49	3	83	39	38	27	63	82	50	80	59	41	71	64	35	69	43	38	73	8	74	62	19	55	58	67	20	88	76	
88	46	19	50	88	17	85	20	77	75	29	64	3	64	5	64	58	66	53	3	6	59	70	65	36	84	30	6	13	22	70	61	27	87	16	22	14	9	1	48	43	79	71	5	12	73	29	67	8	80	68	15	6	7	74	1	89	64	4	60	83	34	25	69	80	39	50	90	7	10	5	11	86	76	11	63	16	37	32	23	78	7	86	40	72	68	42	62	35	2	
25	77	33	48	15	20	46	62	68	50	69	32	56	26	13	27	80	27	23	71	8	5	38	88	5	9	59	41	64	54	43	49	90	34	4	14	12	10	72	39	56	11	69	74	85	79	60	34	65	76	66	78	42	9	28	6	67	47	43	44	7	42	51	56	35	12	73	44	16	8	81	30	70	18	61	75	57	24	53	81	63	29	59	82	83	45	61	58	1	84	
54	54	65	8	18	6	66	81	9	79	86	49	16	23	64	36	42	28	19	2	17	75	76	35	4	28	39	24	44	37	85	5	86	20	62	63	25	36	52	81	74	7	40	50	29	60	82	69	48	8	29	26	43	67	56	44	90	54	68	2	88	21	4	45	35	27	12	22	21	30	5	55	80	1	10	67	58	52	41	13	19	31	34	59	52	51	70	10	11	87	
9	57	65	63	5	60	86	67	74	66	49	38	79	36	36	87	10	1	7	11	64	24	89	5	42	50	52	12	56	22	58	63	75	30	33	40	87	78	66	31	13	22	65	89	59	60	44	25	61	49	34	30	32	30	84	71	76	43	45	39	24	8	67	14	88	1	6	43	41	69	72	48	88	46	44	15	11	3	36	29	16	66	18	33	62	9	68	90	12	17	
89	33	69	57	1	63	18	2	14	53	68	44	61	26	84	12	36	54	57	69	42	20	5	19	50	19	26	21	17	88	83	13	79	59	29	76	82	45	75	55	57	15	6	25	36	49	86	70	64	51	10	65	68	11	81	78	26	16	58	3	60	10	21	46	28	40	30	18	42	66	31	6	37	86	32	71	7	22	8	65	34	23	36	62	73	27	6	67	4	61	
56	54	68	28	8	4	26	86	70	65	19	61	31	52	54	56	28	57	37	85	80	28	58	76	85	38	7	89	51	54	19	66	15	84	53	72	47	76	29	77	11	44	45	39	5	6	54	81	22	51	73	9	82	37	48	30	32	49	78	41	62	10	14	36	47	67	16	2	12	3	76	18	46	33	16	45	83	30	34	64	78	66	35	23	62	74	17	90	84	88	
38	51	89	12	85	43	36	60	4	43	61	77	21	63	65	34	68	17	24	61	40	64	34	70	81	4	53	53	54	3	48	52	52	44	60	6	46	56	25	48	5	44	84	23	14	18	17	79	84	90	47	31	57	41	9	7	42	20	57	55	20	13	12	32	15	31	35	58	83	18	66	48	59	19	30	72	86	8	19	77	11	26	15	58	67	73	61	71	52	29	
26	70	86	88	60	8	27	2	25	69	17	50	76	36	28	13	66	21	17	82	5	69	15	69	33	39	12	53	10	61	37	34	38	31	30	58	87	14	57	71	80	35	28	63	28	54	36	1	72	12	81	35	83	55	64	18	53	73	32	60	41	64	56	39	59	42	4	47	53	20	29	2	12	51	25	40	63	23	36	6	29	78	89	14	3	59	84	52	7	18	
70	40	41	31	38	1	69	39	45	81	18	30	81	27	39	65	62	10	83	58	63	18	3	59	81	2	77	31	11	75	8	79	22	46	17	57	6	45	55	48	34	73	36	74	57	73	9	78	80	87	43	12	64	6	67	14	4	51	42	66	89	47	52	15	52	28	32	55	71	46	68	10	76	5	44	40	48	50	26	24	49	66	33	69	69	60	76	35	70	82	
4	63	83	14	38	5	38	29	56	15	72	77	74	55	43	25	2	76	70	77	60	72	12	52	6	40	19	42	31	49	78	33	19	69	6	54	70	44	80	86	54	24	32	37	36	34	19	88	17	49	75	36	81	82	85	83	28	64	84	18	20	70	48	88	46	52	13	79	53	51	30	15	70	62	8	16	90	80	61	66	35	41	9	20	87	57	65	68	26	58	
82	4	31	90	89	74	49	61	18	62	20	46	72	48	13	40	21	62	25	79	36	15	26	4	32	13	55	2	39	77	15	29	41	43	27	90	76	34	56	3	6	75	44	33	80	16	69	8	76	52	85	19	64	70	72	58	43	37	17	79	71	30	15	22	73	1	15	53	31	35	12	82	10	54	22	51	68	51	57	50	10	9	28	42	76	11	48	38	40	63	
64	70	88	77	86	26	36	8	37	65	90	47	16	5	60	36	13	34	46	64	44	15	71	31	45	15	36	1	38	35	22	9	13	70	45	59	3	79	26	2	13	21	6	27	75	63	21	85	56	64	57	7	76	85	39	81	10	31	41	4	26	61	65	88	40	15	53	90	54	76	50	66	4	52	49	76	74	67	30	37	6	46	42	36	43	37	24	5	68	25	
6	50	44	66	45	40	41	6	38	1	79	45	24	43	56	32	78	37	58	16	72	57	21	73	90	18	69	74	20	3	59	76	51	8	11	3	45	12	7	42	10	45	85	83	47	48	22	84	44	77	59	80	41	81	55	90	3	31	32	75	2	86	17	42	53	26	46	9	34	13	45	4	14	88	83	19	5	64	9	47	52	28	29	49	23	54	15	70	34	89	
44	25	45	58	64	5	43	66	8	37	33	51	37	4	8	80	19	10	52	77	54	59	13	43	15	74	85	72	7	26	69	10	48	21	28	71	23	68	6	81	14	36	90	9	38	5	48	16	18	11	1	64	63	61	14	40	17	57	20	61	42	83	68	49	63	3	27	84	31	31	73	2	27	69	12	23	34	53	35	43	22	84	67	41	15	46	37	75	24	55	
36	44	3	13	90	64	64	76	16	2	66	46	4	90	22	59	72	53	72	14	55	50	58	29	88	70	29	32	45	31	43	80	34	47	51	83	67	21	66	79	21	5	32	75	51	15	38	30	26	17	41	81	64	6	68	21	35	3	18	42	83	54	27	76	56	35	69	28	53	1	74	71	90	58	19	10	69	48	37	57	24	39	1	87	7	65	73	36	33	76	
73	17	36	58	2	51	90	25	76	52	24	12	81	73	67	90	82	5	7	26	56	29	22	54	74	23	79	47	56	13	31	88	80	26	55	39	74	15	62	58	21	45	30	9	27	3	59	65	5	66	88	20	1	69	71	70	89	60	77	14	32	15	61	18	38	75	53	76	84	74	89	11	28	25	69	49	33	35	73	83	58	34	6	16	7	37	46	4	53	40	
67	80	42	35	56	39	16	68	19	5	50	14	65	37	36	45	43	20	74	24	58	1	52	23	15	55	57	60	18	17	85	83	56	86	24	21	32	37	46	10	2	55	73	64	88	69	13	38	49	47	59	14	7	71	34	19	33	50	74	51	26	29	36	79	21	22	57	13	25	11	27	67	63	53	39	20	28	11	62	74	30	74	48	22	54	78	38	44	88	72	
87	21	7	83	8	28	62	24	88	76	85	67	12	17	26	48	34	14	18	49	85	86	31	39	16	41	78	11	81	33	44	38	52	50	80	19	32	51	40	27	83	32	1	2	8	76	10	39	87	79	86	82	69	77	77	88	76	23	53	65	53	90	63	64	6	49	84	35	57	89	21	9	71	19	68	3	2	29	22	54	13	67	35	4	12	72	30	86	55	76	
58	66	35	79	39	38	87	77	32	51	64	52	19	4	29	77	81	79	67	59	37	76	85	33	63	5	61	50	88	22	86	15	85	27	1	82	24	47	67	16	59	90	62	73	2	53	20	38	89	83	56	84	28	49	73	54	13	39	9	8	68	90	72	17	80	34	2	10	78	66	21	40	26	42	20	25	55	89	23	8	41	76	3	70	4	66	31	6	65	30	
61	82	79	41	2	66	69	3	68	55	27	48	89	12	50	68	86	8	27	15	13	65	50	62	39	41	87	23	4	56	11	62	45	87	9	6	57	37	58	85	86	80	2	44	51	49	21	47	54	44	63	26	70	66	49	67	15	36	87	69	51	59	38	55	52	6	60	68	42	22	60	34	61	64	40	20	16	71	61	30	72	79	15	88	51	75	59	25	53	18	
90	63	70	87	26	82	2	43	57	39	62	76	32	83	5	69	10	19	81	31	7	8	67	72	1	77	88	19	61	48	34	58	71	63	53	4	49	51	44	64	52	66	47	78	56	50	53	25	27	41	14	85	9	40	62	10	24	59	23	44	73	14	11	48	72	25	6	80	32	12	54	78	35	58	28	50	75	75	38	1	79	7	45	84	51	86	55	28	30	68	
70	55	80	39	57	21	58	22	9	49	29	20	34	61	38	56	70	11	1	11	62	36	16	12	77	24	74	33	45	63	59	75	76	8	23	40	27	40	60	85	83	48	64	76	71	8	2	51	69	90	58	37	85	30	13	69	47	41	60	53	14	31	33	86	32	12	87	19	9	13	65	52	66	35	35	36	90	44	78	67	84	3	63	79	29	68	56	42	17	26	
84	77	4	24	31	84	88	75	61	1	87	30	50	51	25	46	45	20	76	83	83	66	82	15	47	71	81	57	14	58	36	4	43	90	77	32	78	32	16	49	30	6	36	40	17	55	42	59	73	26	11	25	48	1	37	56	31	80	70	3	44	11	5	42	60	41	71	51	70	86	47	62	47	85	63	64	8	8	89	74	81	1	59	89	52	3	50	2	77	7	
77	78	50	42	27	15	44	57	17	20	8	60	38	53	9	3	22	12	60	61	45	49	55	10	45	11	62	54	46	9	47	84	84	1	82	70	10	83	34	23	61	39	43	6	50	10	63	31	19	26	87	24	72	13	30	76	73	90	37	25	58	40	68	51	34	18	79	3	14	21	75	66	29	24	33	64	32	88	2	10	26	86	30	52	57	28	89	36	16	30	
59	33	27	85	79	20	63	64	21	68	42	3	3	18	77	33	80	69	78	41	75	5	86	64	17	51	80	8	84	57	87	12	88	22	56	35	39	26	9	19	53	8	72	54	23	20	44	62	83	29	10	28	83	58	88	5	14	38	10	61	90	57	70	84	38	30	26	74	15	81	53	73	48	32	26	31	47	29	1	89	56	60	76	46	25	70	49	86	66	23	
50	65	34	76	17	69	66	40	13	78	80	63	52	36	54	36	26	60	24	23	56	77	42	38	31	24	67	39	70	40	16	81	63	48	62	84	76	35	76	88	73	27	56	83	61	19	29	44	74	9	64	89	86	66	87	74	1	60	72	26	79	85	12	30	2	71	68	76	90	50	82	46	35	3	36	53	10	21	4	43	28	66	5	70	6	7	51	47	14	30	
70	71	75	79	62	36	59	35	20	83	44	48	37	77	2	31	37	61	11	39	10	87	64	9	65	26	53	76	68	66	13	47	50	47	32	67	80	49	63	59	40	60	66	72	6	65	73	3	32	70	1	5	65	74	60	1	45	21	79	22	81	43	63	85	87	55	15	38	13	78	55	51	42	80	82	41	14	11	7	43	86	90	4	12	21	69	8	63	45	46	
83	81	79	15	33	36	65	46	70	36	22	84	81	19	71	29	18	82	37	17	84	78	15	86	46	85	16	52	56	55	88	44	42	37	16	73	69	79	77	47	22	59	5	62	74	68	50	51	20	85	28	62	31	2	57	72	87	30	83	49	81	41	53	82	75	64	24	50	21	8	58	83	64	14	52	8	79	9	18	56	53	6	25	79	10	39	21	48	67	11	
2	17	11	12	59	83	35	80	1	6	47	16	86	71	30	45	38	66	13	15	29	26	18	14	64	19	12	82	66	76	53	26	54	61	87	19	15	81	58	12	84	64	24	77	42	49	88	40	25	55	52	10	76	68	73	17	45	85	89	17	28	11	4	78	31	48	56	41	36	73	20	27	45	31	22	84	39	89	90	21	50	42	79	5	16	62	3	58	51	50	
34	38	59	86	75	49	40	41	87	73	19	4	59	25	84	70	14	30	26	6	9	35	5	85	78	21	14	77	36	61	89	67	58	52	60	42	61	59	76	55	7	53	18	58	78	9	85	48	88	17	12	4	10	13	50	85	80	60	69	23	82	63	50	47	74	72	82	43	35	27	56	90	39	74	54	22	77	45	26	79	58	37	35	28	5	43	33	83	10	1	
65	49	19	74	2	52	50	43	54	45	67	17	39	14	48	88	84	32	90	16	65	56	8	58	43	11	10	60	55	68	16	77	24	84	61	23	44	16	26	5	20	90	75	57	63	27	12	53	18	13	28	79	25	33	6	66	3	15	32	59	76	46	40	59	37	4	41	40	70	64	7	87	30	73	50	83	60	62	9	76	29	35	21	50	63	31	22	61	86	69	
74	31	57	18	88	1	71	89	39	10	59	40	4	80	72	13	69	38	31	73	70	57	61	89	14	28	73	34	48	28	46	28	19	9	6	65	7	36	61	8	43	29	5	11	15	74	16	42	75	45	76	49	61	43	7	77	27	39	66	72	33	17	60	44	23	25	20	81	58	72	84	61	12	84	79	69	30	78	19	25	82	89	22	50	88	83	81	24	68	54	
2	1	30	21	40	53	43	52	38	9	82	79	67	47	33	90	24	20	77	2	23	27	50	87	73	45	28	24	69	2	75	65	90	12	45	89	22	86	10	19	54	88	7	80	43	4	77	26	15	22	25	3	45	72	83	26	25	68	11	5	66	81	32	25	58	63	22	78	18	29	88	70	76	55	20	34	48	13	49	60	22	36	55	31	14	5	21	85	71	19	
79	4	6	59	27	18	83	46	89	7	33	43	36	16	4	15	39	49	17	48	69	84	77	83	19	52	86	78	41	24	3	79	25	57	10	49	71	87	54	26	53	85	67	48	60	30	61	59	38	31	13	14	75	50	4	2	57	53	37	9	70	37	44	55	2	51	11	70	45	24	4	56	68	30	23	88	62	67	58	2	64	27	66	39	74	76	88	90	80	33	
5	52	67	43	14	28	89	74	58	1	57	21	54	85	49	24	87	64	50	42	63	16	64	90	13	7	63	8	6	45	38	55	57	65	58	31	90	17	11	55	15	27	76	28	19	81	49	9	51	58	44	74	71	16	69	79	72	1	47	73	6	50	35	60	18	90	59	66	66	61	80	78	81	23	70	68	12	25	63	26	76	19	54	20	80	30	53	77	81	8	
1	84	48	85	13	24	45	59	90	18	76	37	3	28	56	66	82	26	47	53	11	80	27	57	53	14	46	15	32	34	17	30	29	25	22	36	50	26	59	4	41	38	35	3	58	51	31	47	39	33	59	40	18	83	55	69	56	8	41	85	43	56	74	24	42	60	57	86	79	70	44	35	16	38	81	29	87	15	52	82	54	2	88	21	44	49	87	9	10	35	
90	47	50	72	67	49	3	87	1	74	22	45	60	31	78	48	23	33	60	51	22	63	12	61	83	54	61	36	21	67	32	18	72	79	49	8	87	43	89	85	77	18	37	43	9	72	90	76	12	17	86	88	84	10	52	26	22	71	65	37	46	1	15	24	35	29	81	29	26	77	28	8	55	17	11	27	85	58	4	59	73	88	50	19	53	57	44	31	38	13	
27	39	56	90	23	90	20	10	78	5	51	58	62	60	71	71	79	25	36	42	81	68	1	85	84	11	49	85	39	43	54	63	82	17	61	61	65	40	67	50	42	26	15	66	79	46	41	27	70	38	28	55	11	25	47	59	33	69	47	32	4	60	2	42	44	22	64	12	22	37	18	24	16	30	84	57	35	33	40	11	74	72	24	45	50	77	5	80	81	6	
71	45	23	33	46	57	52	15	25	34	10	40	55	23	32	45	37	62	37	75	70	67	47	1	7	56	28	61	49	69	18	74	21	38	14	64	2	27	38	24	56	50	23	17	66	50	25	63	71	57	48	48	26	51	8	82	16	86	59	16	72	22	88	80	65	9	13	20	32	53	1	54	3	22	73	26	31	81	47	11	7	89	19	30	12	73	28	69	70	23	
45	87	41	44	36	56	8	47	34	90	55	33	45	20	14	72	1	3	21	46	12	21	2	74	10	6	54	27	37	80	9	78	74	11	76	18	25	48	24	55	4	76	49	6	53	22	32	48	28	46	5	76	64	8	57	73	56	77	58	88	58	27	34	13	85	69	17	17	81	89	70	71	38	75	83	82	90	15	39	19	23	35	52	41	86	71	25	50	57	41	
5	67	22	88	63	14	64	37	28	42	33	57	73	65	39	16	54	36	26	50	11	4	45	66	42	43	87	25	44	40	55	8	10	75	3	30	48	26	68	74	27	9	41	7	29	38	20	80	71	5	89	40	12	41	59	46	44	53	81	78	52	79	83	21	23	45	48	69	72	23	51	6	74	47	59	11	82	76	49	18	78	49	55	85	46	84	87	80	34	58	
66	44	8	19	62	29	23	17	2	50	88	48	14	67	54	73	36	40	51	44	57	89	87	69	46	40	11	35	79	3	52	14	47	55	30	13	41	18	80	43	59	74	47	70	16	8	45	5	7	55	49	22	53	3	88	50	2	61	43	80	59	1	90	11	20	79	75	53	1	60	51	58	4	5	84	10	63	34	64	67	48	18	10	6	21	43	26	27	9	56	
7	69	15	52	41	28	39	16	40	33	74	53	46	74	17	36	44	74	31	14	49	74	83	3	77	10	44	51	74	12	14	85	75	26	34	18	13	30	32	11	60	65	59	65	18	71	8	10	21	35	73	25	15	62	22	51	29	27	61	10	38	72	43	70	63	73	86	67	62	80	36	81	10	56	55	76	32	28	74	45	20	54	62	89	77	47	89	19	66	64	
71	60	36	22	37	2	53	81	26	22	65	57	10	33	18	61	7	9	40	78	11	52	1	34	38	37	75	40	8	9	51	75	68	85	3	11	43	53	90	26	35	22	80	41	52	57	61	56	25	62	3	86	19	53	27	16	87	63	10	1	27	58	74	4	12	36	66	53	49	57	76	80	44	26	87	49	42	11	13	65	69	64	20	85	28	43	71	19	72	67	
69	85	85	50	84	4	47	14	54	3	31	90	79	68	23	30	23	63	38	86	87	13	57	65	58	40	15	24	19	41	56	89	28	43	7	71	45	11	82	59	8	20	55	46	1	37	75	66	60	17	61	14	27	73	76	81	21	2	67	10	31	23	42	18	64	43	86	70	48	88	32	16	62	49	65	9	80	4	72	51	14	5	56	18	71	40	50	53	87	22	
39	79	37	78	3	55	76	49	80	82	1	71	5	46	24	20	52	62	16	82	14	79	81	32	77	53	27	26	57	74	35	56	59	28	2	22	41	75	29	29	26	25	8	78	30	83	57	41	48	72	26	21	57	63	9	9	22	33	25	38	66	19	90	87	5	88	18	43	35	1	69	55	77	34	2	4	20	60	90	65	36	84	47	51	45	51	23	26	44	88	
61	18	15	61	9	17	17	71	20	46	69	86	59	47	79	59	11	13	23	7	31	19	80	74	66	32	32	38	18	73	39	76	89	46	12	56	26	18	35	39	22	10	84	81	55	71	47	24	76	65	29	67	87	16	51	20	15	76	49	22	21	80	58	68	90	21	28	14	36	62	13	23	29	4	5	43	36	46	70	16	75	90	44	18	69	85	80	72	37	3	
51	7	76	68	69	30	87	5	3	82	23	13	7	50	66	8	89	8	15	61	73	42	20	21	57	83	65	7	22	1	2	32	5	39	8	34	63	4	36	25	81	18	46	86	65	61	53	27	28	71	81	60	65	12	41	82	52	14	87	70	64	88	9	28	81	16	59	54	67	55	77	57	72	69	17	3	6	59	24	78	82	75	43	56	32	82	10	80	58	89	
19	76	43	26	11	32	4	67	44	63	80	80	75	18	16	81	19	15	48	3	45	90	25	89	51	55	37	55	4	50	12	21	36	14	13	40	52	54	66	45	23	15	29	57	31	2	46	46	62	52	7	14	49	82	11	8	44	5	19	20	49	82	77	88	1	47	77	42	4	17	46	79	24	78	41	58	34	83	57	10	53	23	30	87	18	19	57	22	74	34	
20	27	17	56	65	16	6	48	17	59	21	60	42	40	2	47	50	33	85	14	33	86	35	6	86	12	74	5	23	52	82	88	77	6	54	9	71	19	18	85	72	34	15	76	31	14	23	83	10	15	53	90	13	84	1	49	51	73	22	66	39	89	64	68	61	71	36	33	87	50	26	26	43	38	7	70	11	80	56	14	2	24	9	60	66	8	68	28	39	78	
41	69	39	9	6	86	77	39	27	31	86	18	55	35	11	21	64	22	8	28	30	60	7	4	79	19	56	55	85	89	90	36	27	32	38	30	83	75	33	65	65	42	74	29	20	78	14	39	2	13	26	79	88	23	34	19	2	84	71	87	41	44	23	66	20	24	54	5	55	82	1	37	61	43	13	36	81	46	73	48	81	10	40	20	76	20	45	75	12	14	
66	11	3	49	74	21	67	36	22	27	77	54	15	42	86	23	75	36	3	54	76	79	17	9	8	1	82	43	73	48	20	8	57	14	58	38	33	28	32	13	16	14	56	24	53	21	4	89	45	6	11	29	40	26	88	44	78	70	46	56	25	15	30	52	81	74	80	69	59	68	80	31	79	7	11	2	14	18	48	18	65	57	23	32	47	50	34	39	83	60	
40	10	29	23	9	31	5	83	81	23	25	30	53	58	34	60	18	6	31	64	22	3	80	75	64	82	29	79	65	14	90	68	72	33	85	77	90	49	69	79	78	46	17	79	11	8	48	27	13	36	50	31	37	37	15	7	26	4	42	54	11	39	20	79	27	19	64	24	58	2	8	35	47	74	35	52	84	26	42	55	61	87	78	57	29	56	22	16	11	62	
59	20	60	77	7	82	48	69	11	14	26	70	8	72	12	78	85	50	64	25	15	83	19	45	49	5	58	64	16	65	1	34	81	52	71	44	3	29	73	67	89	4	9	5	32	10	41	17	20	18	90	27	2	21	67	11	16	82	30	84	51	74	75	3	33	52	42	87	37	19	57	86	79	59	48	13	24	31	75	41	58	76	63	58	88	89	35	58	40	51	
48	88	33	29	47	33	40	90	23	37	70	71	30	43	85	75	11	24	69	83	18	34	62	37	51	57	34	44	70	38	83	25	80	76	12	41	59	11	83	36	45	51	66	72	54	58	19	61	32	82	52	46	75	22	80	86	39	72	27	10	12	69	84	90	13	54	89	70	63	71	65	68	81	40	9	41	4	21	65	33	67	72	53	55	1	26	2	87	3	31	
90	13	52	42	66	25	7	53	54	64	31	26	88	73	62	3	71	25	27	40	18	81	19	55	85	69	73	80	25	78	63	70	56	82	19	15	7	23	27	60	40	17	81	38	85	24	88	72	35	17	65	50	4	39	10	47	67	87	35	86	23	57	24	67	39	44	40	45	18	74	61	18	83	49	29	32	21	10	54	58	31	30	11	76	59	79	30	89	57	36	
42	40	46	62	68	77	9	13	82	80	36	47	2	74	55	18	15	73	69	65	86	6	48	56	34	65	35	23	58	87	7	6	87	45	65	66	29	39	70	68	19	64	78	69	49	37	79	18	81	16	42	30	12	88	3	5	59	18	25	76	67	84	85	61	41	14	26	60	43	52	35	21	23	20	85	28	14	32	43	44	45	83	65	22	37	50	27	2	75	2	
75	89	81	23	53	21	10	36	41	36	3	35	15	69	11	7	55	74	39	5	77	40	46	48	53	80	60	30	41	82	30	86	77	72	15	89	51	89	37	52	84	78	44	8	14	56	62	71	86	58	31	69	5	35	2	61	79	42	83	24	82	87	6	28	11	61	25	59	19	54	85	62	1	19	27	64	38	87	43	75	14	27	57	16	22	88	36	12	13	44	
23	77	53	81	12	62	9	38	80	26	47	55	47	7	35	71	73	60	28	66	43	38	90	54	52	19	51	80	72	6	61	54	83	22	40	68	43	8	83	30	31	90	82	36	64	22	15	32	41	39	57	44	46	56	56	87	33	13	36	64	17	56	33	57	37	65	15	77	68	58	14	60	18	67	1	78	45	69	63	75	70	42	80	9	40	48	52	34	12	85	
4	83	10	27	40	44	54	18	29	77	71	39	41	45	53	1	75	86	63	44	67	88	68	51	2	72	70	49	7	60	3	11	44	15	85	43	16	42	64	38	25	84	48	31	35	87	75	19	79	7	23	16	90	47	26	86	30	74	43	28	3	5	82	44	66	80	85	75	76	8	78	7	89	16	4	82	65	63	59	10	81	76	8	25	32	9	37	10	46	21	
85	43	23	75	48	47	17	42	30	51	45	10	17	90	76	5	88	44	32	52	14	53	29	86	89	18	68	2	26	56	73	69	60	54	50	11	9	27	8	36	79	10	11	90	7	77	55	46	82	79	4	2	39	76	86	22	54	12	74	39	63	14	15	31	28	33	35	34	49	6	29	83	10	36	42	67	67	16	72	61	42	70	54	64	13	47	38	66	53	20	
62	75	71	74	10	1	11	2	35	16	2	22	5	62	10	6	88	77	59	67	38	60	9	5	8	17	4	28	40	18	78	57	87	51	39	55	49	46	16	41	56	19	19	20	36	26	73	86	8	42	57	8	7	60	51	64	31	53	88	27	28	78	87	76	84	26	37	41	29	49	43	44	25	24	34	21	50	89	12	14	90	65	13	54	81	61	25	73	79	73	
57	6	54	45	78	46	29	79	45	17	32	45	63	21	68	69	30	62	33	37	69	74	60	41	35	49	6	18	79	44	4	42	39	49	83	75	55	70	65	58	85	46	10	6	62	31	34	87	90	20	27	66	3	86	77	31	5	28	46	81	61	4	36	55	14	82	38	71	47	53	40	89	6	2	55	60	26	86	15	75	25	89	56	10	48	18	1	43	42	9	
86	61	7	16	22	23	44	19	42	50	78	27	9	35	40	62	56	29	54	64	79	28	24	86	5	62	71	46	15	65	49	52	32	53	65	14	30	68	31	68	26	63	88	43	2	70	52	15	37	13	39	23	8	57	68	45	26	44	90	87	69	51	46	6	56	74	14	83	46	4	15	33	60	62	72	21	1	20	86	35	81	38	17	47	86	87	82	71	81	80	
66	53	84	19	16	43	12	78	83	4	79	62	30	8	79	50	79	79	27	72	19	69	62	11	14	58	37	56	86	25	1	59	36	80	75	49	80	31	32	73	30	28	87	19	76	73	65	64	58	89	3	36	26	75	29	37	77	63	52	71	47	50	7	81	43	70	34	75	61	26	15	88	3	10	24	85	80	39	14	20	1	63	32	33	82	81	60	30	13	66	
8	57	25	51	24	34	28	37	5	48	60	14	6	64	74	70	9	22	20	12	27	11	30	36	29	22	72	44	42	77	23	4	44	90	52	45	19	41	43	67	86	60	50	88	80	32	65	90	40	46	54	33	15	80	11	38	56	76	41	7	59	18	6	10	15	57	21	85	55	14	54	49	67	1	31	54	53	29	16	17	68	19	39	76	58	55	73	26	47	35	
24	58	35	30	15	9	42	23	87	8	82	56	10	57	9	19	74	80	1	34	90	27	53	89	11	67	6	45	86	46	22	16	41	18	2	62	23	3	36	69	61	31	25	64	40	84	35	68	66	33	15	26	59	19	32	27	83	26	29	76	48	52	54	63	36	51	71	7	17	12	79	67	49	60	38	73	51	41	46	77	63	20	6	81	30	89	39	73	64	3	
18	37	49	67	4	32	78	66	36	89	37	19	64	75	41	61	12	39	5	13	19	23	77	77	11	66	20	81	47	79	76	62	26	83	88	72	21	73	14	16	69	42	86	10	70	25	60	43	58	24	10	38	40	85	18	28	19	3	44	63	73	32	84	56	68	84	87	48	22	57	87	1	55	65	49	90	70	68	29	2	8	15	31	7	42	9	59	60	4	16	
29	36	81	70	51	58	19	45	12	38	58	72	33	20	81	52	12	23	17	1	20	10	88	13	54	85	17	15	50	64	70	37	59	60	13	24	74	53	21	83	26	77	23	59	4	11	66	65	84	72	62	6	16	18	63	2	9	26	15	19	5	44	49	15	22	22	40	89	27	48	34	34	85	17	56	47	77	30	19	68	84	43	26	33	31	80	32	74	28	39	
85	59	51	4	70	35	24	59	6	30	81	90	69	76	14	74	16	88	84	80	60	82	27	83	14	3	31	7	70	5	10	24	61	16	25	87	34	7	15	34	37	89	12	55	6	13	33	18	89	23	54	57	55	42	9	29	38	39	31	26	37	2	8	54	17	21	10	40	26	28	32	22	65	27	34	66	41	68	44	20	46	90	36	11	38	43	86	35	48	24	
49	74	20	6	25	29	79	4	27	67	75	65	78	43	80	72	76	59	43	13	41	48	63	71	18	59	73	9	2	19	30	50	55	16	12	46	35	88	12	61	54	81	75	1	84	59	72	58	77	74	32	22	29	89	53	3	56	34	13	57	10	88	66	20	5	32	33	88	24	31	17	37	75	89	37	25	22	65	45	62	21	69	72	90	27	31	85	54	22	70	
60	28	49	82	46	13	15	68	62	37	63	74	33	38	45	76	22	31	1	69	60	7	37	1	9	27	30	83	63	51	41	35	36	49	20	79	64	22	17	27	18	73	61	49	72	52	74	2	59	72	67	87	37	53	76	34	81	65	70	11	21	70	29	58	30	89	3	46	17	19	31	85	50	57	6	26	10	75	22	32	16	40	68	50	56	90	40	33	77	71	
33	54	47	21	71	33	21	70	43	84	45	28	40	1	76	37	29	84	73	8	74	83	6	44	2	59	76	2	52	32	50	72	85	75	57	69	68	58	86	75	82	41	13	15	88	88	49	72	30	78	76	62	68	77	12	29	2	57	80	36	53	20	79	1	67	26	19	80	23	16	55	80	9	11	1	5	89	14	77	68	83	19	38	24	55	4	18	49	56	86	
10	72	12	20	73	61	4	82	48	14	52	59	7	54	69	52	28	35	20	56	85	14	29	78	21	81	74	86	89	90	77	41	58	62	56	80	31	57	63	32	69	30	80	42	33	17	79	11	34	25	70	78	65	4	24	51	33	6	43	34	53	3	68	71	34	83	58	13	48	84	31	5	5	79	15	86	88	51	27	87	18	22	25	43	64	46	9	55	10	37	
81	62	40	18	28	72	13	54	79	21	39	69	89	3	46	63	49	90	71	49	50	47	32	64	86	48	83	45	27	72	6	50	1	56	31	88	22	59	19	60	9	52	42	57	22	42	77	57	4	60	64	41	66	88	58	55	7	45	73	13	8	67	76	65	16	85	51	33	80	24	2	53	34	37	10	35	43	84	49	36	9	25	70	68	78	81	11	86	15	61	
