18	21	8	53	32	1	28	61	88	53	87	37	77	50	6	44	8	70	76	22	17	3	86	20	80	5	15	86	89	89	85	3	39	19	83	68	70	23	88	65	31	45	61	67	2	64	19	7	41	54	79	17	24	34	87	4	36	9	88	33	57	42	31	55	58	73	30	35	51	78	60	41	38	28	16	29	90	31	10	90	46	34	69	59	65	62	22	11	29	71	
89	45	18	79	8	36	22	35	68	70	72	87	18	9	75	30	88	34	21	81	31	63	22	5	81	84	25	62	51	52	39	10	4	16	48	9	49	67	3	77	44	73	71	21	41	53	50	36	85	28	24	76	50	6	40	38	48	64	11	59	20	6	27	73	19	72	80	28	46	80	12	54	23	42	67	60	3	78	7	47	65	82	80	26	43	29	17	55	56	74	
15	27	77	40	8	56	71	84	81	25	33	52	34	14	1	8	72	1	42	35	7	11	73	84	82	20	70	5	67	77	76	41	12	23	40	17	76	19	60	26	3	53	75	36	64	73	90	6	34	39	89	38	10	68	81	87	47	21	89	22	5	37	24	66	55	59	80	2	37	13	23	43	22	9	69	83	44	65	48	68	74	44	78	71	79	54	65	28	34	29	
6	88	56	25	62	70	44	11	67	78	18	87	23	89	51	50	80	85	74	87	23	45	90	86	75	69	8	10	2	1	31	57	87	46	81	58	24	83	26	49	68	4	5	50	3	54	59	39	7	41	33	27	45	32	72	28	59	77	35	20	76	25	79	32	71	23	47	52	13	73	9	41	82	8	12	69	21	17	67	84	55	14	15	16	88	42	34	16	29	26	
33	61	48	14	90	75	35	44	32	7	74	88	45	52	54	3	80	36	17	55	18	69	22	77	35	19	26	27	30	11	50	22	70	58	33	29	40	27	34	32	37	14	78	76	25	2	74	13	32	51	27	46	28	46	82	59	23	15	45	12	24	4	30	53	57	31	79	57	47	19	86	38	83	39	19	16	32	56	41	62	10	49	67	86	60	57	20	73	42	63	
81	14	17	18	64	34	37	13	88	43	81	44	78	71	73	57	83	13	69	67	34	76	75	8	31	36	24	42	16	53	57	56	64	35	72	88	65	68	8	22	18	86	62	3	64	4	19	16	15	85	45	45	32	25	13	60	19	87	61	32	46	25	47	70	56	77	65	80	52	33	9	29	25	74	82	49	79	8	26	43	90	64	48	28	50	58	47	66	13	20	
55	57	37	10	86	53	84	20	40	5	49	47	31	33	74	20	41	13	25	25	54	74	87	61	62	40	78	16	63	88	28	26	14	24	85	7	74	76	77	75	79	32	28	17	27	61	89	64	72	70	85	90	14	42	15	73	43	90	1	11	85	80	85	8	56	77	65	38	23	47	71	9	39	6	75	66	26	34	83	58	8	44	49	81	37	67	51	36	21	6	
5	13	38	88	69	2	34	1	37	54	45	67	22	43	32	6	62	55	85	14	20	52	49	28	31	46	87	79	78	14	47	80	76	80	39	14	81	69	15	75	30	17	50	50	57	82	14	27	41	7	40	21	56	46	48	83	50	3	32	35	65	74	75	48	23	19	60	10	85	36	82	77	46	4	84	63	41	57	51	38	24	53	58	36	59	8	79	9	58	18	
42	30	51	24	76	71	2	5	78	47	86	30	29	39	80	72	61	25	36	17	61	55	61	23	88	20	81	74	26	46	51	27	35	9	10	70	41	11	72	79	54	65	66	43	64	56	21	32	77	16	9	6	68	67	78	31	48	69	7	31	73	17	57	75	24	28	43	33	84	22	8	45	49	71	50	70	83	37	61	34	39	85	31	82	3	17	89	46	44	58	
37	72	69	90	44	52	74	84	73	66	66	39	18	72	17	24	11	7	47	69	33	46	6	23	19	8	37	15	12	38	67	46	20	6	5	21	55	76	64	87	49	37	34	27	68	9	48	76	13	54	16	5	14	18	26	24	22	22	88	82	58	25	35	34	28	37	23	42	21	77	88	70	72	80	1	50	86	8	31	59	60	43	61	64	29	51	53	40	66	10	
28	83	27	23	76	14	57	50	15	37	34	63	12	13	50	62	19	44	68	10	10	87	12	30	58	30	74	65	28	9	67	16	51	53	35	86	26	90	43	38	86	36	8	5	7	56	29	23	59	2	31	32	86	40	55	17	29	88	37	54	56	63	66	67	24	11	22	46	60	62	45	51	61	11	18	61	64	41	43	82	1	71	17	47	70	32	21	6	33	25	
19	43	75	82	16	58	50	35	63	67	57	14	78	73	23	53	41	46	90	81	88	50	21	12	55	51	41	70	15	28	44	31	68	27	73	45	44	84	38	14	20	2	78	4	72	60	54	74	65	13	22	60	25	41	32	74	89	71	17	63	59	56	1	32	42	33	73	83	23	18	61	3	69	5	2	10	59	24	79	84	77	60	52	6	8	80	39	56	26	49	
26	74	63	76	66	11	69	8	52	51	75	67	49	51	67	10	20	33	22	58	77	59	25	34	23	83	74	60	46	1	15	31	36	38	68	7	47	42	12	61	52	84	32	8	4	5	15	21	87	86	38	70	53	62	64	71	51	45	89	56	5	65	46	88	9	19	55	14	24	26	72	70	73	8	39	78	80	50	52	57	6	90	87	54	55	27	85	79	24	81	
28	26	52	33	73	58	12	35	70	30	59	8	60	36	14	4	66	36	15	25	52	17	72	46	30	86	27	74	61	47	63	48	31	74	77	13	2	86	6	31	75	62	36	7	57	10	57	31	42	68	18	54	44	46	65	71	40	82	15	58	35	75	11	64	18	49	73	69	2	38	7	76	9	3	75	24	9	1	16	11	67	79	71	69	32	80	19	31	78	21	
86	12	55	57	35	72	11	67	47	11	13	14	44	69	14	78	1	73	76	64	80	11	50	11	77	42	89	84	70	27	12	28	88	27	82	30	5	51	4	14	20	15	22	24	43	33	9	40	13	83	12	52	53	21	23	39	22	74	81	90	5	53	75	2	76	25	85	40	34	87	49	51	56	68	75	4	61	40	6	71	82	65	30	45	46	16	40	3	80	31	
62	83	78	6	43	23	27	30	60	57	71	16	67	85	44	8	87	12	46	50	80	35	22	69	37	64	79	74	36	66	9	57	18	47	60	59	66	48	48	86	11	26	9	75	19	12	81	65	21	86	25	60	80	3	36	29	68	74	58	60	10	28	76	77	32	6	5	61	49	50	51	63	35	17	2	13	31	42	75	45	88	56	14	74	56	7	70	82	40	24	
47	9	10	82	84	39	85	86	3	42	5	49	58	37	26	59	48	49	60	82	53	54	46	23	34	9	28	51	48	29	34	55	33	41	44	76	43	36	31	39	77	33	52	41	69	71	57	23	79	24	12	40	72	17	61	65	76	50	25	32	70	55	83	63	56	35	8	2	30	45	39	64	67	46	66	42	27	28	38	10	11	86	13	42	14	66	15	83	19	87	
74	49	50	64	71	65	57	76	64	83	72	62	54	47	15	77	48	88	13	32	58	72	25	26	21	85	89	86	37	67	79	18	23	88	80	53	60	5	89	84	85	68	55	9	22	28	87	30	75	55	59	2	87	81	25	15	34	73	7	69	48	46	83	31	41	31	82	63	33	77	52	26	57	66	84	35	51	36	61	38	51	27	85	56	78	70	57	8	50	39	
74	5	67	26	33	67	55	21	35	85	6	46	70	16	18	23	47	66	57	15	59	15	1	52	19	65	29	35	71	38	56	14	41	82	37	71	19	89	51	51	45	53	7	73	28	72	4	73	8	20	47	64	34	46	75	10	18	63	42	48	8	9	60	8	49	12	76	63	53	39	74	58	46	38	36	34	69	37	17	73	54	22	44	45	68	78	61	43	11	1	
87	16	56	15	21	63	16	57	85	27	50	66	80	56	63	25	87	39	19	60	20	32	77	23	74	48	61	88	86	68	83	41	43	9	53	24	69	28	40	62	55	89	87	2	50	20	74	8	56	90	64	35	29	49	17	62	3	75	54	48	13	6	86	18	12	9	36	41	34	76	61	46	30	17	45	42	33	79	43	51	75	23	80	65	58	57	84	20	1	47	
27	11	49	73	24	20	79	19	20	21	52	78	64	79	2	68	25	84	54	27	40	88	38	80	21	55	43	12	35	4	55	22	12	63	1	85	42	39	12	59	57	23	6	80	9	57	17	83	50	68	26	48	26	15	34	44	29	37	15	61	38	30	45	9	89	40	56	1	77	25	28	3	46	75	42	51	39	58	3	53	86	18	5	17	31	87	20	60	82	32	
77	79	59	26	85	17	26	8	69	62	30	46	63	34	28	11	44	64	26	45	71	17	23	32	83	50	25	66	66	14	54	12	90	72	88	45	48	73	13	23	42	2	67	15	33	1	71	37	24	4	79	3	74	8	84	23	18	16	86	43	80	6	19	39	75	10	81	31	82	53	55	35	52	75	89	44	36	66	78	57	29	26	20	60	84	9	87	8	76	32	
10	62	35	21	8	69	79	49	6	65	9	17	52	20	50	47	61	83	72	9	11	60	84	76	27	75	45	14	43	27	5	50	86	37	68	54	65	55	61	68	78	29	43	38	46	53	44	67	43	74	36	49	41	26	84	66	9	39	38	51	60	40	58	15	74	34	28	8	46	88	74	85	23	77	79	30	42	31	2	48	62	87	46	12	22	38	56	80	71	70	
34	39	18	89	13	51	81	38	57	86	32	90	76	14	35	62	40	69	50	1	66	19	46	21	26	63	55	20	48	33	88	42	31	14	2	4	61	39	41	77	36	30	74	15	5	17	36	43	45	83	3	18	61	44	37	47	67	87	64	73	82	59	74	71	70	70	72	90	22	70	75	8	60	56	73	62	70	16	59	77	68	24	6	27	20	46	71	83	78	52	
64	65	9	45	5	38	74	36	35	50	64	68	56	31	31	88	50	60	11	16	41	67	83	38	54	10	29	32	1	14	34	24	40	41	28	3	38	12	35	70	57	7	7	72	87	36	69	44	55	37	19	56	66	9	53	25	16	79	16	71	52	48	89	88	51	22	88	84	81	85	22	13	49	26	42	43	23	12	86	74	8	62	89	73	75	49	57	43	90	76	
17	46	74	11	4	29	83	51	71	71	41	90	37	87	76	73	89	4	43	42	37	48	11	33	77	38	80	37	79	35	63	3	78	44	63	79	70	15	90	48	47	38	9	79	85	81	58	81	82	8	83	25	54	1	17	40	39	55	34	75	87	5	37	72	46	7	21	76	86	18	31	24	16	88	11	12	75	66	48	64	34	2	49	47	6	61	44	84	75	77	
28	69	77	62	48	83	29	28	66	8	43	56	29	18	51	89	74	35	25	30	55	56	26	9	10	74	31	52	27	63	86	15	39	70	74	47	60	13	72	85	67	75	49	6	90	7	52	71	37	74	60	90	38	45	58	6	78	47	16	65	17	9	77	19	39	58	61	57	32	40	49	59	73	11	20	70	12	68	14	5	50	68	54	46	20	21	64	22	25	73	
68	2	30	14	15	65	70	72	29	56	70	38	19	51	39	32	28	6	7	36	60	14	63	21	57	81	37	11	46	22	32	73	21	59	84	87	83	22	65	71	38	3	15	16	51	13	45	39	69	10	74	41	21	5	53	42	45	49	44	88	30	43	30	12	54	75	2	9	54	25	76	89	26	50	11	77	22	18	20	87	78	52	81	55	61	3	90	6	53	90	
53	77	85	42	84	47	22	46	51	35	68	85	84	1	42	54	73	23	66	52	17	9	11	57	22	24	57	17	80	14	69	39	50	58	40	3	64	21	8	22	56	74	70	45	75	16	6	14	89	32	64	13	90	36	30	20	19	84	87	4	60	58	3	66	78	40	29	47	59	34	29	72	15	3	25	48	71	79	62	65	70	81	37	68	76	79	85	2	55	41	
1	72	5	1	45	78	3	71	32	19	13	58	88	77	20	71	31	86	57	49	57	87	89	53	62	72	30	16	68	39	52	29	18	17	27	22	1	79	53	83	3	25	10	88	11	28	28	90	73	83	46	89	40	4	50	8	73	33	73	55	31	84	74	9	13	61	32	59	7	78	14	8	62	18	55	69	5	81	27	37	34	32	35	70	34	43	36	14	75	68	
21	15	59	55	17	26	23	4	44	27	42	51	84	10	28	48	75	82	87	62	26	79	1	58	18	32	6	50	5	38	25	24	47	43	76	23	29	58	24	72	46	62	80	37	69	68	42	16	57	88	73	81	74	71	7	88	11	65	8	13	9	81	86	52	31	69	72	19	86	56	89	39	24	36	33	90	14	74	12	65	28	83	15	20	27	71	59	30	41	60	
89	47	53	82	57	39	20	88	55	13	50	11	10	71	45	39	30	14	70	37	38	58	76	51	64	3	81	28	80	31	47	40	34	2	80	89	44	7	45	54	70	5	61	39	32	65	41	59	75	66	56	20	33	39	35	6	2	19	78	79	7	85	76	42	84	63	86	81	36	39	43	59	48	61	8	68	32	4	86	15	65	50	87	3	90	22	54	49	89	1	
85	4	83	68	2	74	1	85	24	28	31	25	84	67	83	49	4	26	46	88	86	18	44	77	70	89	58	31	45	54	30	87	17	20	62	16	53	60	9	36	48	37	58	39	63	49	46	26	71	89	21	65	69	27	9	50	72	64	73	74	29	61	78	40	78	90	53	3	19	23	34	66	22	51	9	79	7	13	15	35	12	82	57	38	65	64	76	6	43	55	
77	18	76	14	19	23	10	68	21	26	48	14	87	63	62	55	12	29	27	20	61	34	61	78	66	85	47	13	88	40	25	35	56	8	45	70	30	52	7	47	38	15	23	84	75	41	8	85	31	33	62	50	63	82	36	88	74	42	58	37	78	81	62	3	86	14	71	22	26	43	28	25	49	46	15	32	46	28	74	72	48	51	29	75	89	61	44	39	9	84	
57	46	72	27	47	66	90	25	85	23	21	73	43	68	25	16	59	68	32	40	9	40	45	36	18	37	4	5	62	62	87	78	15	27	12	60	52	10	43	6	82	63	75	85	38	61	8	55	34	90	2	3	39	5	41	14	38	89	18	64	22	62	44	32	88	16	51	45	75	1	48	26	24	83	18	19	49	76	70	43	79	33	46	17	34	77	28	31	34	3	
49	51	62	52	42	56	65	90	61	9	51	69	33	70	58	48	86	15	31	25	16	64	54	56	78	85	1	67	75	32	65	34	42	36	81	82	49	17	79	69	22	89	44	52	71	61	60	22	35	50	47	53	20	7	63	57	55	62	28	33	66	2	23	4	84	13	44	5	24	83	68	43	80	71	59	53	39	20	37	40	67	76	78	48	41	48	11	50	72	38	
80	30	86	62	82	40	71	85	38	54	76	66	57	60	44	17	72	43	34	65	73	61	48	20	15	47	27	75	4	4	70	43	83	25	13	72	62	43	27	63	4	8	33	58	27	35	33	66	75	26	31	19	84	76	39	58	87	59	2	89	60	71	34	14	3	6	44	23	50	66	79	10	70	78	28	56	64	55	22	47	41	50	64	84	88	68	50	74	21	11	
27	40	78	22	11	78	24	51	62	68	25	9	36	53	77	60	17	8	73	88	52	21	45	74	13	89	88	22	72	69	32	58	14	18	75	22	54	6	32	20	33	53	26	67	65	59	85	41	64	65	37	76	86	78	18	56	74	12	75	14	79	12	70	49	77	50	30	39	15	61	16	46	71	38	76	43	57	64	82	28	89	29	19	80	63	26	42	7	87	83	
69	70	87	44	26	32	53	54	67	29	19	80	33	88	78	12	89	41	35	43	28	30	27	88	71	90	21	72	50	67	55	27	45	9	31	33	38	43	81	64	68	57	14	8	13	51	69	10	89	63	9	77	52	31	73	34	75	53	59	33	36	76	19	74	40	46	6	36	89	44	62	61	11	79	37	82	47	60	40	83	26	48	61	84	75	3	63	20	53	85	
49	78	20	65	15	57	71	70	90	64	73	57	85	40	87	72	18	75	36	56	59	22	9	81	4	43	42	27	21	2	66	30	38	84	54	13	50	32	42	7	58	22	24	48	59	68	79	75	51	22	1	69	41	60	18	5	59	61	80	83	18	55	15	53	8	66	25	53	6	67	17	59	86	88	68	12	26	52	88	73	35	42	11	72	10	28	37	63	45	75	
48	57	88	60	70	2	86	2	12	89	64	26	17	54	74	80	25	9	1	68	39	32	18	10	63	22	33	6	44	35	40	90	89	42	19	66	34	12	67	43	60	11	29	36	14	62	75	35	28	76	10	71	13	30	74	36	7	64	41	48	8	38	7	56	70	23	80	15	85	53	20	16	11	45	48	21	8	32	52	46	69	61	57	37	44	4	69	50	58	72	
56	23	12	59	37	79	41	24	49	85	36	59	7	44	8	14	63	63	3	21	56	26	40	20	60	43	16	35	88	34	9	13	19	70	69	48	56	70	69	66	61	12	30	28	53	85	38	74	58	1	54	19	27	1	88	42	4	62	74	52	90	42	64	17	20	39	31	34	65	86	5	32	68	84	57	18	77	54	89	40	15	50	22	87	11	13	43	10	33	75	
58	31	18	28	2	86	21	18	79	44	63	43	73	28	36	89	45	19	13	2	22	24	10	85	19	17	57	52	76	87	29	4	77	6	79	78	56	59	54	90	10	27	41	80	49	35	39	51	13	52	11	82	70	20	72	48	84	88	9	68	82	88	69	67	53	55	12	13	21	64	60	81	85	8	67	3	2	14	52	16	21	60	89	89	83	30	44	32	34	11	
4	66	6	32	40	15	46	50	74	26	77	41	13	64	8	42	27	7	12	76	68	31	5	64	79	40	53	30	67	75	1	68	49	54	8	48	67	13	57	48	39	37	86	47	60	3	84	84	61	56	29	34	84	33	59	70	69	18	59	44	55	57	71	62	19	38	16	44	58	32	90	82	72	45	7	86	9	43	45	63	14	66	65	88	5	19	25	33	89	2	
74	48	46	52	14	24	49	78	66	4	17	24	47	43	66	42	36	71	43	72	90	46	7	54	1	61	29	25	3	22	13	37	65	18	86	38	40	40	74	65	5	88	86	50	90	22	47	33	88	89	65	51	42	69	58	41	38	84	23	89	15	32	31	38	10	74	34	11	73	16	71	75	62	27	27	64	45	71	53	3	70	26	47	67	55	12	13	52	4	35	
8	67	24	36	12	83	17	5	89	87	17	70	67	76	52	56	43	5	84	3	5	57	76	11	83	88	73	3	7	37	84	19	10	68	45	71	58	21	75	53	15	87	79	42	34	39	2	38	4	83	90	57	16	70	66	90	28	7	55	40	40	13	4	47	72	48	77	86	65	59	18	39	14	85	78	5	1	44	37	6	82	31	9	51	60	74	49	54	80	59	
39	76	62	41	30	3	83	15	46	17	35	53	55	42	45	1	6	87	38	40	43	28	31	46	81	49	77	85	4	23	12	40	7	33	78	33	32	29	7	80	6	90	86	19	89	38	18	2	33	21	44	36	2	37	79	75	82	60	28	84	83	38	88	83	34	20	75	62	9	42	4	14	37	86	28	40	84	45	47	76	16	30	24	15	56	87	50	88	22	5	
33	3	73	14	83	10	87	28	28	90	67	80	9	11	37	86	3	78	87	84	61	12	21	35	23	39	82	70	31	5	15	23	6	46	89	49	15	77	76	40	74	13	81	42	70	24	35	69	60	29	22	30	1	40	22	20	38	11	50	24	14	62	43	79	67	88	26	79	72	57	27	15	25	65	54	2	46	48	30	17	37	55	38	33	51	20	12	85	28	59	
65	39	79	66	67	53	62	52	40	41	14	27	16	89	88	29	50	42	37	77	15	71	2	49	68	43	69	73	83	52	3	16	53	78	79	25	90	48	80	89	49	46	22	63	41	70	51	88	74	84	35	81	64	28	89	85	30	24	72	21	73	26	33	31	61	72	54	58	79	31	54	36	74	40	56	74	13	14	75	81	57	12	76	79	38	64	82	86	4	5	
44	28	27	37	56	85	16	67	53	2	6	64	87	41	7	12	21	16	75	49	62	40	58	81	29	57	15	4	79	59	60	82	84	82	26	9	74	1	74	88	63	39	18	10	76	22	20	54	87	3	11	11	90	31	89	75	42	11	38	80	67	3	72	22	83	65	27	25	17	8	69	30	45	84	34	81	65	12	2	61	61	66	66	23	49	24	2	51	32	43	
38	59	39	67	77	78	82	12	63	58	69	39	83	72	82	75	58	54	45	19	72	15	78	47	83	34	32	83	84	58	80	80	79	26	54	61	61	8	33	83	60	7	31	10	81	73	44	3	36	87	20	10	62	56	15	51	50	41	2	1	58	86	78	43	62	2	61	30	4	51	85	23	17	13	30	53	88	89	18	67	37	35	90	47	48	87	5	4	6	4	
3	52	42	40	53	12	1	74	1	3	37	71	75	9	40	64	60	75	5	71	49	30	62	83	76	17	39	38	73	36	1	32	83	45	33	5	10	30	76	8	82	16	37	65	22	77	43	40	17	38	23	63	28	41	54	9	54	56	6	83	84	7	25	35	44	52	46	48	41	21	15	31	86	55	4	67	81	35	66	11	33	86	65	58	28	82	68	47	50	69	
84	80	31	16	22	32	25	56	39	63	36	54	1	81	59	53	23	47	47	83	50	77	31	75	42	18	21	68	19	18	4	11	5	31	21	26	22	9	44	60	27	35	17	78	79	74	38	12	28	82	40	37	67	68	20	68	85	88	3	10	14	8	16	24	84	86	90	13	55	89	69	87	88	46	61	66	28	57	64	14	48	13	29	72	40	77	30	28	73	10	
87	84	63	63	59	54	18	18	26	65	15	55	9	57	8	28	30	89	82	1	64	88	61	65	29	6	49	36	84	81	44	43	34	66	9	53	27	76	68	12	11	42	64	69	6	75	5	34	22	46	85	77	45	52	49	30	20	58	63	16	11	66	48	39	47	14	1	29	88	27	35	58	70	7	34	31	35	38	23	54	44	14	2	50	26	10	69	41	37	40	
50	30	65	52	68	12	63	26	34	20	49	28	79	74	84	18	13	78	14	85	1	51	6	89	2	29	4	31	32	30	33	75	54	1	36	80	11	56	63	3	72	19	35	54	52	72	37	23	62	40	14	55	50	22	57	10	5	15	39	31	4	64	67	16	60	58	51	43	16	24	82	86	37	70	9	59	53	88	68	66	35	6	27	44	69	38	71	58	61	48	
88	10	70	19	19	89	71	69	25	84	85	66	38	81	43	5	36	51	90	63	23	84	52	48	36	13	46	47	68	55	2	24	60	30	41	77	26	71	53	11	62	6	74	59	50	78	61	80	35	64	57	20	58	59	27	45	73	67	90	7	28	50	81	85	79	80	33	11	66	42	71	83	54	53	49	88	37	14	39	31	32	47	56	41	15	30	86	44	4	65	
8	81	52	47	74	90	36	64	59	52	13	40	39	17	88	82	14	1	55	9	74	49	53	80	84	26	17	76	65	71	76	70	59	48	24	2	85	18	64	50	68	77	87	66	51	42	16	61	33	68	67	66	21	80	53	63	13	68	7	38	46	83	14	69	75	89	73	72	65	35	23	40	75	10	65	27	16	86	46	8	15	78	71	3	60	32	55	34	60	62	
66	12	11	39	73	82	33	6	17	57	38	37	59	66	63	28	51	76	14	5	81	26	37	60	70	4	90	33	85	17	7	61	80	7	14	58	57	86	25	63	52	21	59	18	84	30	2	9	13	15	7	8	88	41	24	66	10	69	62	86	87	67	53	68	22	14	89	66	12	16	36	55	35	3	29	1	2	28	13	2	3	16	70	49	19	71	72	47	20	37	
40	89	89	50	65	17	30	57	82	31	39	76	42	66	38	33	50	27	56	89	29	16	81	39	59	34	71	41	41	77	73	40	37	32	88	6	8	18	22	51	5	52	83	45	78	29	34	84	53	5	86	39	9	35	43	26	62	17	24	63	50	57	10	82	85	60	87	54	44	68	58	37	79	49	41	61	75	72	55	36	28	45	34	90	68	69	19	1	43	4	
59	90	57	66	80	9	30	37	57	69	61	23	58	48	31	6	15	13	39	66	7	65	64	38	20	1	14	34	6	16	86	17	14	49	42	53	63	72	85	71	2	53	53	21	7	83	73	71	54	17	5	58	39	70	3	54	71	66	51	22	81	41	36	60	86	40	13	10	67	5	44	68	17	52	43	74	40	22	52	4	7	54	18	34	82	25	55	19	46	8	
32	81	3	29	41	48	61	53	56	35	16	54	62	81	13	7	64	17	77	74	10	72	88	23	14	74	2	59	84	89	21	76	81	21	11	27	66	29	36	30	65	47	42	79	37	53	49	57	62	31	38	31	12	33	18	72	66	8	38	60	57	63	39	41	43	7	35	20	33	58	87	54	78	37	5	60	4	44	24	18	33	25	50	40	14	73	17	45	24	15	
55	82	29	53	78	62	57	14	69	49	29	65	66	55	59	61	20	53	64	3	69	4	74	79	1	52	38	16	87	21	79	45	58	71	5	43	89	63	14	67	68	9	88	37	54	57	6	70	68	29	32	5	30	13	76	29	59	80	10	50	1	42	90	20	17	56	59	16	83	32	39	48	31	2	83	84	60	51	19	73	74	46	75	64	18	20	3	73	7	6	
82	51	2	43	67	18	4	33	30	72	24	25	81	52	19	69	3	24	78	70	4	20	21	39	85	89	56	40	69	57	90	56	13	89	55	38	14	53	32	90	84	51	23	71	62	38	10	22	59	44	87	22	61	67	60	11	63	19	48	39	34	45	54	3	5	16	41	14	28	65	64	19	27	84	52	44	6	54	67	9	17	57	31	29	86	47	35	58	60	80	
52	53	85	69	51	86	42	86	64	66	20	30	46	45	73	58	43	24	13	13	32	68	29	16	1	21	57	33	74	77	75	83	35	28	55	84	72	3	39	41	28	59	73	31	56	8	80	7	38	52	70	57	27	9	31	27	75	85	18	15	69	50	4	65	74	26	17	55	71	53	54	60	69	76	87	34	81	40	89	18	85	67	31	77	30	23	56	12	14	36	
24	42	80	78	13	25	4	27	73	73	40	82	38	19	65	85	8	56	28	4	29	74	29	22	16	58	44	66	66	12	6	49	52	45	34	23	65	35	9	9	69	46	89	64	60	63	56	68	76	45	29	7	77	55	29	86	21	20	26	46	30	77	2	76	33	83	58	17	78	70	59	52	18	53	23	37	72	39	71	50	81	88	32	63	54	87	31	27	15	37	
29	40	22	26	75	13	72	40	65	54	66	28	14	79	40	87	75	18	31	44	26	18	3	38	41	8	34	56	32	45	52	59	44	39	44	81	4	20	78	63	71	49	50	46	88	88	36	69	67	26	76	89	42	73	86	41	77	26	57	66	31	16	84	80	8	37	58	9	21	43	70	47	52	82	90	46	35	81	85	8	19	16	60	15	1	11	54	25	35	17	
50	63	82	46	3	88	36	22	56	10	23	84	52	75	69	7	77	12	48	59	69	62	79	87	33	25	2	49	8	34	61	17	57	12	18	18	68	51	37	24	58	56	13	69	1	80	40	72	52	81	90	28	11	31	19	43	14	26	82	27	11	15	85	26	74	10	42	44	64	41	60	78	89	32	14	86	71	47	24	29	34	21	15	2	11	31	38	22	16	90	
90	67	54	83	90	33	5	90	72	18	34	89	53	82	80	63	35	58	69	57	85	63	36	7	62	44	3	59	28	56	45	25	27	3	15	79	84	64	73	61	80	66	18	40	56	6	60	88	61	38	13	15	8	46	71	65	49	65	31	74	77	36	55	11	1	67	84	87	35	29	50	72	2	25	17	65	30	75	21	52	76	20	62	73	26	90	47	37	25	42	
13	17	69	30	18	64	90	62	51	88	47	58	65	45	81	40	57	68	79	27	23	50	44	42	32	29	48	37	60	61	67	33	68	5	57	46	66	16	65	78	7	20	43	34	24	82	31	40	63	61	66	80	18	72	26	12	4	25	89	23	83	29	52	20	35	16	67	53	87	87	38	49	14	89	75	4	28	69	34	85	32	8	29	9	36	14	65	53	39	26	
54	79	47	65	6	32	43	29	83	29	22	79	74	35	24	19	79	49	80	20	42	73	82	26	40	15	38	64	8	72	84	21	59	90	87	23	86	32	48	32	58	67	18	41	59	44	56	45	66	9	62	82	36	7	16	76	81	13	5	77	85	49	61	10	45	51	37	88	39	75	25	5	12	14	11	65	3	19	27	44	23	38	1	53	42	60	2	73	70	87	
20	22	43	74	78	49	81	16	40	32	45	24	81	58	23	83	26	20	8	89	23	78	34	17	1	40	75	83	69	13	39	84	31	80	26	73	87	14	78	1	41	82	19	79	6	90	69	77	70	36	70	4	76	63	13	79	58	46	24	39	56	60	24	48	11	48	38	55	25	58	53	57	9	28	6	9	29	35	81	2	29	30	88	10	85	60	45	56	13	64	
36	28	84	58	34	4	66	55	13	1	70	59	11	74	82	13	42	65	44	79	63	70	8	19	43	42	76	78	45	49	48	78	74	89	6	67	84	69	83	4	64	53	25	68	86	63	77	35	39	78	27	56	17	75	80	54	24	55	40	28	71	47	14	7	43	18	71	89	42	60	50	12	20	72	31	61	50	13	5	34	51	73	87	85	55	81	26	38	88	30	
63	19	69	38	17	21	11	87	65	53	47	22	17	23	89	45	80	90	18	42	82	66	22	84	89	41	9	75	77	49	8	5	61	75	90	74	59	8	69	25	17	71	5	32	52	55	42	46	9	57	40	88	75	24	68	72	56	40	54	2	83	20	89	50	62	52	39	65	54	72	1	30	33	51	26	44	11	64	41	27	63	80	12	46	13	39	78	61	79	90	
17	25	19	14	72	68	59	59	41	72	78	85	61	61	46	40	16	13	2	51	28	23	39	88	28	3	86	18	24	70	9	38	50	76	17	80	13	74	46	52	8	24	4	28	83	7	65	53	20	27	10	4	47	5	90	77	5	1	43	25	21	11	22	66	87	29	54	6	55	62	13	67	43	15	85	89	19	26	49	3	42	53	7	5	57	84	64	33	74	66	
7	52	81	31	78	67	50	39	75	12	57	42	32	59	53	76	52	30	3	6	24	43	16	16	35	33	59	58	47	3	36	49	55	13	31	37	38	78	45	64	50	1	11	82	61	66	62	67	49	63	34	72	15	48	44	45	70	11	63	85	11	10	85	73	63	27	9	8	68	89	77	18	51	41	14	64	8	63	40	16	38	69	82	19	67	56	22	46	5	79	
83	20	30	72	79	1	56	33	58	23	82	87	90	37	41	1	9	2	23	43	19	16	67	59	18	45	5	25	49	89	57	36	60	85	64	1	46	26	29	69	8	70	54	5	15	48	55	24	47	75	22	22	88	50	75	68	88	32	88	42	86	50	34	51	4	54	43	7	78	37	58	44	8	71	46	25	38	61	88	33	42	28	53	90	30	33	63	20	27	20	
19	24	32	9	57	27	60	7	31	6	44	45	47	2	22	52	18	48	19	69	37	25	43	85	17	66	78	39	83	10	57	62	26	83	67	35	70	34	39	55	89	33	6	49	32	79	54	11	83	42	75	27	50	75	21	26	51	57	65	90	64	82	59	42	73	85	75	12	79	74	29	75	76	26	80	57	63	39	28	54	71	58	78	78	47	72	11	87	77	46	
2	6	19	12	46	48	7	79	53	80	22	74	24	47	60	9	22	29	49	35	44	73	4	82	58	11	10	29	90	76	59	34	85	76	43	82	31	5	42	81	43	14	27	70	58	80	71	26	78	75	28	73	55	18	56	84	67	23	9	57	1	66	50	38	10	53	40	38	16	18	83	62	32	19	86	45	52	63	65	76	5	83	68	53	64	67	88	34	3	1	
49	44	26	58	81	35	17	73	76	81	83	17	48	78	76	31	17	32	51	41	67	47	83	90	61	50	54	50	52	7	10	53	48	34	17	36	28	85	9	56	86	50	68	75	77	14	13	53	43	19	2	74	23	44	62	40	2	22	49	45	25	56	5	65	59	68	63	75	69	30	85	37	38	24	72	22	40	44	42	39	61	89	8	1	65	66	80	57	38	82	
41	14	90	1	39	8	31	6	42	81	84	32	77	28	55	56	10	79	8	46	19	29	12	76	69	35	6	57	27	43	89	24	62	50	71	48	73	4	14	89	83	3	82	30	81	88	44	5	36	49	6	14	75	47	88	52	73	2	64	66	88	68	80	13	16	21	52	34	22	63	26	63	36	64	50	15	59	3	60	3	53	18	17	80	67	61	7	2	23	60	
60	29	80	8	21	5	26	75	30	11	2	14	30	24	37	79	34	4	81	1	56	82	68	31	31	53	50	43	38	68	49	54	82	86	20	12	49	22	41	76	10	40	50	44	66	84	23	58	48	3	17	62	44	83	1	74	25	46	67	18	26	13	32	63	7	47	78	53	57	71	89	65	18	16	55	39	51	46	54	69	87	70	27	41	55	33	18	42	28	88	
53	32	58	80	87	13	38	9	27	44	46	75	61	21	79	22	53	89	59	18	54	56	40	1	86	2	61	61	38	48	2	50	63	46	47	82	71	33	52	41	73	86	28	42	10	59	24	22	81	77	85	16	82	32	67	31	31	29	87	30	67	89	76	83	2	74	70	26	12	84	57	51	85	74	60	42	43	66	68	54	49	53	72	4	5	88	40	72	8	18	
9	34	63	48	21	73	23	58	77	3	37	1	35	69	72	78	24	74	51	38	84	57	51	20	50	1	7	71	81	15	53	37	44	79	90	28	40	61	71	82	50	69	76	83	43	18	30	20	46	40	39	38	4	64	55	13	62	66	85	5	32	12	37	33	65	72	57	64	2	31	10	48	59	43	90	8	56	80	87	67	26	11	6	31	23	21	41	88	47	78	
80	68	34	75	58	59	19	18	84	15	8	89	25	62	39	20	28	57	6	11	22	33	60	2	16	80	58	21	31	17	49	71	30	81	15	90	9	31	16	4	43	17	85	61	39	82	47	64	5	12	41	78	32	54	69	18	26	27	18	36	80	35	62	23	66	76	11	73	14	79	30	22	47	87	32	83	65	30	56	27	40	47	28	24	8	83	29	9	63	6	
43	44	33	59	60	55	40	31	35	48	7	29	19	61	4	51	5	26	83	55	65	15	66	59	89	67	11	25	82	52	81	70	3	17	38	21	35	73	10	64	85	18	47	59	26	49	13	28	72	53	40	39	22	8	87	17	76	44	12	14	6	78	46	56	63	76	45	84	20	43	19	69	21	61	27	41	16	90	23	86	4	64	74	22	34	30	1	13	71	9	
71	35	72	34	88	34	58	32	33	35	51	1	68	48	61	75	84	72	31	23	27	36	41	62	52	58	12	48	25	42	11	60	59	73	74	18	65	2	7	5	83	43	85	53	46	15	78	89	44	16	63	30	7	10	88	64	19	47	63	49	31	69	3	90	4	45	66	67	1	80	22	75	77	81	77	20	76	62	29	30	39	73	55	57	87	13	57	4	54	28	
89	85	60	51	39	16	46	10	75	38	53	57	72	12	29	65	25	20	26	37	89	59	69	50	8	14	21	63	57	41	48	64	75	56	64	31	33	24	82	13	59	23	77	35	17	50	52	14	80	71	15	61	88	39	70	55	45	44	76	9	78	83	62	58	18	83	48	32	7	81	90	19	58	21	47	46	68	54	19	87	30	84	47	79	23	86	4	65	74	74	
72	56	26	2	89	31	88	69	22	47	54	19	63	80	37	70	29	12	30	7	5	27	77	13	55	9	51	53	33	74	14	63	37	21	23	69	9	65	46	28	17	58	44	81	34	40	17	60	11	44	42	13	71	88	77	23	57	76	36	84	61	34	54	59	46	41	28	64	8	33	47	73	50	81	24	80	32	33	4	37	75	15	10	5	12	43	79	26	76	37	
15	38	13	28	49	14	64	41	36	33	27	62	6	74	56	22	65	40	53	24	35	87	42	4	51	5	52	35	29	79	15	1	25	73	30	32	88	47	64	16	76	10	84	54	44	86	63	90	83	67	73	26	73	74	28	19	71	31	14	62	18	78	68	5	69	43	50	49	48	55	62	34	12	57	21	58	38	77	90	60	48	72	15	71	9	45	85	78	81	61	
11	86	43	17	50	19	17	77	54	62	88	31	51	3	30	66	3	28	46	53	14	70	83	27	28	7	63	80	34	90	37	33	46	87	9	5	82	24	47	10	83	22	26	52	68	21	10	73	40	15	81	9	27	76	31	58	79	53	84	59	62	33	90	57	65	64	49	56	18	27	24	41	42	44	67	71	15	59	6	12	13	1	16	35	62	48	60	89	55	23	
