52	39	69	90	35	35	63	54	48	90	44	73	60	57	29	19	11	80	70	3	27	65	67	65	78	87	37	34	29	17	82	38	3	75	59	87	18	81	10	24	78	51	5	8	68	83	24	76	32	2	38	56	26	64	80	12	59	25	5	47	1	46	82	53	28	48	49	43	88	55	64	36	65	30	41	2	20	62	76	50	23	73	66	8	45	50	71	11	40	71	
55	84	24	44	44	49	52	50	51	47	64	75	80	37	10	80	36	78	12	71	84	32	52	54	38	4	64	66	65	5	44	26	86	65	29	89	73	40	46	32	48	18	14	86	15	73	74	9	58	83	79	50	76	89	63	72	90	34	45	61	88	47	53	81	19	35	39	52	41	83	82	85	60	54	33	77	34	67	42	52	20	25	11	1	87	31	30	43	68	2	
89	58	26	4	9	5	88	45	54	29	87	4	66	16	55	6	46	48	32	83	7	47	68	65	44	46	56	34	74	26	13	33	43	90	86	11	52	81	17	67	69	10	66	42	76	80	8	29	1	37	19	2	81	84	27	85	88	82	26	70	65	3	61	67	12	55	77	14	5	15	67	72	58	41	73	41	18	78	68	75	74	49	37	25	88	62	69	20	48	57	
22	72	49	80	46	1	42	29	3	45	77	68	76	5	68	56	5	55	4	32	90	75	76	34	59	71	2	35	24	9	86	43	78	4	30	31	55	33	20	55	36	56	82	19	58	19	73	61	72	74	90	37	18	35	62	74	14	61	69	35	67	24	38	15	26	64	4	40	6	21	7	39	41	44	52	8	60	84	23	10	27	20	47	41	16	88	79	77	25	13	
19	44	34	15	17	19	77	19	56	39	89	18	35	33	21	46	37	40	37	14	1	61	31	27	61	5	75	5	79	52	15	58	56	9	70	70	25	54	86	41	53	83	18	85	23	36	38	15	73	35	28	71	55	20	58	76	72	2	78	59	13	90	23	66	58	3	45	43	16	37	81	64	79	6	18	62	1	57	36	42	47	22	65	10	89	29	82	67	80	67	
32	90	26	52	26	44	12	67	84	23	11	34	46	50	89	61	19	87	21	52	28	28	72	50	35	68	38	75	4	25	14	34	76	87	45	8	38	55	72	29	74	42	60	27	51	56	85	69	13	66	79	88	1	20	47	84	48	81	29	49	66	37	79	48	31	32	15	30	83	53	16	27	54	73	17	6	2	6	33	59	31	18	55	82	36	60	77	41	48	62	
87	21	5	35	28	85	64	40	21	17	83	86	3	90	67	13	3	24	16	33	43	6	10	7	84	4	62	26	43	69	83	37	50	47	31	75	41	55	76	20	69	65	13	70	62	39	41	25	23	17	54	63	20	27	29	66	24	48	88	64	30	39	60	71	89	1	54	2	51	36	62	79	60	34	17	82	33	55	13	15	72	26	77	49	46	61	20	32	18	68	
1	37	12	21	68	55	17	29	7	27	24	28	65	43	60	79	84	52	3	57	64	32	80	46	78	86	14	57	23	79	30	73	23	2	1	88	54	67	76	58	56	59	85	25	10	13	63	1	62	26	55	33	61	5	38	2	50	11	18	32	87	45	12	69	43	66	29	56	39	10	74	89	31	27	72	36	40	44	90	58	70	15	50	81	65	4	41	22	55	71	
13	49	8	22	25	10	44	11	26	79	19	7	36	45	31	15	40	27	55	85	44	80	55	1	67	27	46	16	9	12	68	18	17	35	90	89	5	3	14	28	79	24	32	74	28	23	87	29	8	20	71	49	89	34	9	63	20	51	38	26	56	13	4	67	21	52	63	33	53	69	35	2	51	37	73	39	7	30	24	41	37	57	42	33	86	26	58	65	75	1	
50	88	63	51	62	30	62	84	37	74	22	31	73	32	16	15	33	20	41	13	29	76	65	46	68	21	31	83	83	14	81	40	7	13	52	28	41	72	72	38	54	53	66	85	82	79	7	71	59	7	85	86	42	54	1	17	75	29	60	64	1	47	67	57	19	19	46	57	89	76	55	10	36	27	3	77	69	59	56	34	77	7	78	70	58	39	41	90	24	8	
20	74	13	79	39	29	57	43	46	52	26	7	59	21	83	22	5	17	78	20	47	11	24	81	35	42	25	73	38	7	77	56	79	87	4	25	75	58	27	80	69	12	84	35	30	36	16	84	51	1	64	56	62	48	6	3	86	28	35	85	31	19	47	18	65	10	1	9	65	82	87	8	86	40	87	76	88	14	67	84	60	90	9	32	44	12	89	38	2	22	
29	26	90	35	3	62	4	53	31	28	38	25	28	83	62	23	66	5	30	2	48	87	89	54	75	2	63	62	37	58	44	25	45	41	19	6	63	20	18	1	46	15	75	71	6	7	9	32	9	79	30	54	73	78	68	17	77	90	80	74	56	33	8	59	28	24	27	88	10	39	86	45	52	69	22	17	72	71	47	40	57	34	55	90	21	35	14	56	26	50	
36	41	37	2	59	63	74	42	58	73	78	14	77	89	43	7	65	72	37	17	19	54	10	32	51	26	19	62	41	4	72	75	4	16	35	60	76	16	9	4	49	47	15	33	5	15	90	68	85	86	44	63	48	52	54	6	37	71	26	79	80	5	57	36	81	51	55	54	27	24	17	82	68	29	65	34	4	25	7	87	17	11	18	61	60	70	25	64	10	53	
39	41	14	55	74	81	13	37	4	37	58	19	69	85	7	42	24	8	63	81	53	77	90	31	7	18	9	29	71	15	36	17	54	8	72	35	48	43	31	50	38	48	28	15	40	84	54	62	52	76	11	64	22	59	2	26	78	10	16	53	73	49	29	32	56	60	26	12	59	20	21	5	61	4	23	8	51	33	30	7	65	37	68	83	57	68	70	37	34	79	
49	13	86	37	4	46	2	79	13	58	2	80	22	60	43	35	27	88	24	15	54	85	10	82	39	63	19	13	7	50	52	15	23	45	49	76	88	51	25	60	66	26	9	87	41	50	81	27	8	11	39	59	55	47	48	90	16	64	63	72	73	28	84	55	64	42	38	21	56	58	40	22	43	53	67	44	56	17	64	61	78	10	78	57	16	89	1	83	18	20	
61	89	39	52	13	62	53	9	80	8	27	27	81	63	33	54	62	86	67	33	55	12	3	1	47	68	84	4	56	9	21	24	57	57	36	67	78	85	74	65	1	59	52	78	83	82	2	50	76	27	43	89	37	5	87	42	70	78	44	34	48	24	58	11	41	50	40	26	42	71	51	6	37	10	39	28	59	90	73	34	25	75	88	18	77	77	60	54	29	64	
85	68	82	9	39	31	56	74	16	57	52	64	57	86	71	55	19	29	52	53	23	72	34	12	50	19	48	15	32	70	35	24	8	76	83	43	14	7	76	27	62	36	50	78	81	28	40	59	16	89	18	38	33	13	8	79	80	54	52	20	82	84	3	49	67	87	89	41	90	35	26	18	69	73	4	55	61	2	74	77	89	1	69	88	60	75	65	47	87	24	
26	76	66	26	32	2	67	81	2	24	23	25	90	49	58	52	64	25	53	45	58	10	3	35	86	61	68	57	67	62	39	54	8	65	37	89	63	12	77	62	84	59	47	82	68	14	41	39	87	52	46	52	59	43	50	14	11	21	30	38	44	66	88	48	89	33	6	60	3	51	81	1	9	36	40	42	6	56	72	4	85	22	13	14	27	54	28	33	55	69	
30	36	78	77	43	37	16	47	5	68	87	44	59	55	39	54	89	42	87	30	2	79	50	61	52	72	74	75	64	68	88	54	11	34	38	53	68	13	6	31	78	90	73	6	54	19	57	48	20	14	76	75	52	85	39	15	26	73	46	49	49	40	62	56	33	7	15	8	69	70	41	54	67	69	21	79	58	36	35	64	51	71	4	9	23	3	66	10	73	22	
17	28	55	76	43	86	43	56	53	19	33	49	34	60	25	12	46	69	45	39	2	51	68	57	16	50	56	80	58	36	6	70	23	20	15	63	65	55	26	25	35	19	71	64	38	55	75	81	31	77	79	82	40	54	46	49	13	8	36	27	3	1	56	23	19	68	84	81	85	69	66	24	47	48	85	83	62	29	32	88	11	19	37	6	41	79	53	42	52	59	
27	47	47	81	67	63	18	20	13	8	88	75	29	41	77	73	83	3	59	22	85	29	38	80	33	68	66	83	68	72	90	55	26	44	42	52	66	19	70	39	24	64	72	12	64	21	82	54	18	10	36	62	37	71	50	69	8	75	23	36	57	16	50	77	58	51	37	31	68	74	29	4	89	8	9	60	24	53	74	43	58	17	9	56	47	63	32	15	38	45	
10	90	57	57	36	22	15	32	13	80	5	39	39	1	44	7	21	27	54	54	65	71	30	70	32	74	33	19	48	30	60	55	79	77	19	23	6	32	16	68	71	17	67	17	69	70	24	47	4	35	60	66	13	87	7	5	31	86	73	76	24	41	39	12	25	55	82	80	46	8	18	25	72	43	39	9	26	58	14	22	52	78	49	62	28	48	27	55	3	7	
38	24	7	74	84	81	89	35	30	42	88	45	64	65	86	63	31	66	80	4	46	39	32	90	60	56	7	47	18	8	50	57	81	16	87	72	56	83	66	85	33	62	88	58	1	2	26	76	15	65	77	59	11	16	18	70	69	22	22	48	78	31	68	66	6	54	7	59	45	34	49	37	2	51	53	85	3	76	31	9	48	14	63	19	79	82	85	21	61	67	
62	6	4	29	70	7	80	36	63	84	66	71	80	27	23	40	72	66	75	10	70	82	21	2	8	60	39	52	75	11	25	44	9	78	70	38	83	22	33	14	63	61	83	50	83	65	87	64	38	69	31	68	21	51	67	26	73	14	76	51	74	77	5	37	46	31	79	87	12	64	13	69	30	51	81	85	75	86	43	20	15	70	89	82	88	22	16	55	33	54	
65	8	70	26	4	23	16	34	17	23	6	75	51	84	85	37	64	67	70	66	49	41	42	39	30	81	58	4	5	50	53	68	18	81	54	19	11	67	50	77	87	15	22	45	7	14	43	72	44	19	40	85	57	41	83	86	81	52	89	88	58	9	20	35	84	71	51	55	45	61	46	3	73	21	43	78	90	82	13	31	60	12	24	27	56	14	67	38	28	60	
80	77	25	7	20	17	37	30	68	81	88	66	77	69	45	80	14	36	31	76	64	89	84	85	72	3	6	48	39	78	66	79	23	88	43	40	64	82	30	2	26	27	27	62	53	70	49	26	16	41	9	42	90	55	28	29	52	83	73	50	71	8	32	50	57	73	87	34	19	76	1	42	63	13	11	73	44	20	10	52	58	64	51	14	24	73	46	35	25	74	
81	52	78	20	9	3	52	55	28	68	39	13	17	59	75	77	39	26	4	5	35	20	66	80	31	47	22	31	41	44	63	29	56	48	9	61	11	60	78	36	33	74	8	9	42	43	83	79	64	47	80	59	65	11	46	57	17	67	49	56	68	15	82	33	22	88	51	30	18	37	25	7	15	84	13	53	33	69	87	58	10	72	22	34	85	71	47	4	38	89	
19	65	11	8	5	83	58	51	20	69	45	43	73	61	85	47	70	25	9	63	78	67	4	10	8	44	32	53	5	29	49	21	1	19	79	53	12	42	11	81	17	15	86	52	70	73	2	13	5	7	30	46	34	31	14	39	33	39	90	35	65	6	54	25	75	40	75	82	41	84	29	55	59	17	64	87	89	63	2	51	36	29	3	60	20	66	62	50	5	56	
44	29	19	57	51	1	59	33	42	4	76	68	20	41	84	80	35	39	12	86	50	38	74	10	58	1	66	23	10	31	36	52	57	53	68	16	13	32	8	52	34	81	80	49	85	70	88	23	69	7	70	25	43	50	36	60	48	61	80	18	89	24	29	54	36	5	26	46	37	31	6	64	71	83	72	63	22	72	42	55	72	73	72	75	30	63	45	34	41	29	
49	73	12	75	31	45	39	15	88	69	43	1	2	74	43	34	3	24	10	4	71	40	71	50	22	5	72	22	42	60	11	45	41	19	80	30	23	26	43	19	54	46	69	54	26	76	47	78	5	53	80	77	52	21	80	81	24	62	55	19	79	60	25	78	44	10	16	59	86	18	83	48	22	14	61	8	84	14	85	89	28	32	63	75	51	49	16	33	70	66	
11	16	33	30	2	69	90	67	89	44	44	70	50	63	81	17	68	34	82	21	24	65	51	45	48	59	53	25	88	29	87	5	4	79	85	3	17	46	29	12	86	70	41	43	47	82	19	68	22	7	1	5	31	44	49	38	10	8	58	60	86	13	23	6	52	14	50	27	55	76	88	54	56	36	57	61	77	66	29	62	32	23	64	63	26	68	7	33	35	24	
50	30	34	70	74	47	81	31	68	6	15	63	13	28	59	60	79	43	33	15	9	64	35	30	83	20	5	86	13	37	69	60	24	63	39	5	16	78	34	42	43	8	12	53	33	32	20	19	71	17	84	40	34	80	66	24	7	68	70	21	14	8	73	33	72	69	88	80	22	29	85	56	86	90	16	26	80	87	4	58	61	46	4	89	31	36	74	44	11	18	
8	67	16	40	60	82	17	57	32	82	42	19	47	35	68	21	20	55	66	23	72	30	27	36	77	55	63	18	49	65	26	59	1	3	53	58	43	29	19	71	22	59	50	62	56	24	44	71	39	15	51	18	4	75	51	80	90	73	61	45	8	48	58	7	54	74	62	81	7	41	21	25	64	70	46	18	52	46	63	86	58	9	69	60	76	74	10	38	78	61	
43	60	10	8	27	10	38	84	90	46	83	69	25	48	42	29	25	53	72	71	8	37	37	68	56	75	12	61	21	26	82	23	47	89	28	67	7	64	20	54	66	11	30	88	17	31	24	40	80	3	70	85	90	14	22	55	87	31	74	66	16	63	86	58	59	74	33	25	9	12	39	32	20	66	34	1	4	13	85	44	71	62	36	65	35	18	73	81	8	70	
16	21	27	62	77	42	45	69	65	9	79	11	38	57	36	24	51	89	32	6	40	55	70	73	22	64	88	2	47	55	54	23	74	36	82	57	76	84	85	10	90	71	70	1	35	13	72	45	12	62	48	49	25	72	80	43	38	37	5	45	4	17	65	75	51	18	85	39	7	44	41	58	18	76	50	12	81	27	19	86	86	62	8	69	3	79	20	90	83	78	
4	70	88	66	8	8	41	90	39	45	1	39	9	14	16	18	76	55	5	90	11	49	21	13	26	73	48	43	70	30	78	72	59	33	7	64	40	46	23	37	50	20	36	18	84	12	32	67	65	34	25	72	44	6	41	68	79	49	71	15	76	51	46	42	80	53	17	26	57	85	24	65	16	56	80	3	64	19	28	35	12	21	66	52	15	69	23	54	23	87	
24	58	6	67	7	84	76	69	69	40	61	89	11	33	52	50	33	75	68	20	70	37	33	5	47	8	71	29	14	89	79	35	54	80	61	21	31	44	48	7	42	69	55	13	9	66	59	1	48	85	70	78	29	8	81	36	62	56	62	73	15	45	72	28	82	35	10	22	76	54	76	83	81	38	87	49	63	54	12	71	46	77	57	37	47	43	86	16	58	90	
45	71	41	71	6	30	14	62	10	48	23	83	33	64	81	28	22	13	41	26	81	46	62	8	40	65	45	67	43	16	62	80	39	62	57	4	51	29	63	59	75	49	11	15	16	89	2	85	9	40	72	50	45	42	53	82	12	57	56	47	27	25	85	68	45	17	64	3	38	87	60	20	44	67	86	52	25	47	7	84	46	74	2	88	29	52	78	82	19	39	
36	42	22	31	63	64	38	87	65	35	81	83	53	27	19	7	39	3	50	42	45	3	23	45	89	3	4	35	83	70	34	26	70	54	14	41	77	11	35	13	44	23	56	56	12	31	60	45	33	18	47	73	71	67	25	28	68	79	62	58	56	2	43	34	15	20	36	50	26	28	59	28	10	72	81	16	8	48	21	36	29	65	68	55	1	5	79	30	77	46	
46	2	7	86	85	18	10	78	27	84	13	82	20	20	22	8	86	28	17	16	59	38	39	87	51	88	89	37	25	32	80	66	82	84	59	74	61	28	24	85	21	33	36	90	14	54	4	5	39	19	68	57	14	65	51	62	60	4	63	81	34	46	26	73	89	36	16	23	61	35	64	40	27	67	38	36	75	89	1	29	66	69	76	39	6	32	72	31	42	30	
7	25	71	73	57	28	15	70	7	36	13	72	37	89	35	29	32	16	26	29	33	52	53	66	87	49	6	55	64	89	41	30	75	69	62	37	4	76	15	8	69	77	38	11	72	34	37	63	43	22	89	39	74	11	61	27	19	65	41	44	22	79	32	2	18	6	42	20	40	9	77	12	45	72	78	24	9	21	47	13	88	5	6	31	14	64	14	82	87	58	
32	17	1	62	15	16	23	10	85	56	18	30	27	62	9	11	42	68	73	48	77	68	52	80	55	24	20	66	13	8	83	43	22	38	64	86	13	87	4	4	12	70	84	34	88	52	37	89	27	71	45	11	7	57	51	59	76	62	2	86	29	32	36	48	69	7	43	77	50	5	44	56	35	3	87	31	46	6	78	67	22	33	39	26	43	90	47	26	21	40	
21	43	27	53	51	4	20	52	37	67	54	37	83	47	27	77	73	67	29	57	5	48	46	40	33	51	84	76	72	61	70	89	10	5	11	20	55	80	69	56	17	82	87	7	36	74	43	16	14	31	33	12	39	38	8	69	84	90	13	24	56	44	20	26	7	81	43	62	68	19	70	86	9	25	49	4	6	88	70	63	30	10	32	63	9	37	2	57	85	12	
71	10	52	50	33	56	90	38	74	28	14	52	70	71	37	25	72	41	20	49	60	6	18	89	28	22	85	27	31	39	88	61	46	51	70	42	62	68	69	5	3	41	54	69	19	88	53	89	86	33	55	15	36	61	64	65	42	57	48	70	58	43	90	63	66	72	7	18	8	33	23	59	75	34	35	2	81	73	84	35	76	4	47	21	67	24	40	6	33	47	
36	46	87	85	13	43	60	15	21	25	8	90	78	77	31	71	34	19	24	79	13	7	74	58	75	2	35	75	55	27	29	50	70	24	44	81	26	62	56	6	84	63	3	69	45	31	10	38	9	30	23	19	86	4	36	73	53	30	14	16	54	39	63	36	22	13	72	47	72	40	11	25	5	12	2	15	1	60	41	17	50	61	75	43	31	71	76	35	9	82	
48	60	28	18	52	9	80	39	14	21	61	22	44	22	30	5	25	28	62	24	84	19	45	29	23	26	7	90	59	64	41	15	83	28	81	41	34	30	31	46	51	51	65	89	70	55	53	56	82	23	78	35	1	79	60	20	12	26	18	68	49	27	41	40	43	32	40	74	33	68	80	66	26	16	36	55	67	75	17	15	3	52	50	53	38	72	71	11	50	49	
75	7	63	23	44	65	19	81	47	27	20	85	50	42	6	70	56	71	50	34	43	13	81	49	62	78	21	2	84	31	48	28	35	72	49	77	41	24	26	51	6	43	39	16	42	45	86	5	74	4	34	22	12	74	69	32	59	50	33	13	76	38	38	17	15	46	52	15	25	57	59	29	79	5	4	27	6	89	80	73	53	26	53	54	55	26	61	36	82	83	
32	14	72	67	29	83	73	41	5	5	74	24	84	57	26	84	43	30	76	82	62	27	11	22	39	66	8	44	44	75	75	36	49	53	63	78	9	45	79	60	47	54	81	35	71	66	28	77	55	61	65	25	50	32	44	46	53	12	86	6	84	68	89	40	34	58	73	35	7	56	88	11	70	38	7	48	13	80	23	64	48	51	52	3	71	53	46	37	60	1	
86	13	67	82	12	6	47	45	83	14	5	40	74	31	76	78	34	49	63	18	70	73	56	26	34	34	41	38	27	10	37	17	15	11	6	79	61	16	28	13	77	83	51	57	21	85	1	52	39	24	65	69	2	28	54	32	22	88	29	42	53	62	18	30	30	75	9	50	84	34	61	65	80	19	81	4	10	81	20	9	13	77	43	9	64	7	90	44	45	32	
47	3	47	61	26	38	42	44	84	85	25	52	56	9	29	45	63	36	83	75	4	90	21	6	59	46	85	58	86	37	42	39	90	49	60	23	82	61	53	40	52	37	85	67	42	22	71	12	17	23	50	70	20	66	72	77	16	24	2	62	18	3	10	16	48	27	35	90	54	59	33	58	81	77	43	81	5	63	55	74	84	7	47	64	29	76	8	13	3	11	
63	70	59	31	83	66	55	77	64	10	31	55	67	70	40	57	20	4	79	32	73	31	86	25	1	23	11	6	24	68	62	84	36	28	22	80	2	37	62	26	7	52	76	30	87	75	85	65	75	33	90	53	62	88	38	61	71	3	27	48	21	85	39	16	74	21	5	32	17	22	54	34	34	89	47	81	78	8	42	14	32	13	72	58	48	62	9	16	69	12	
64	45	47	59	55	25	39	58	15	53	35	65	70	66	22	81	9	51	37	50	62	68	9	86	26	52	55	60	63	77	58	83	26	67	50	44	48	88	54	61	47	85	33	76	20	14	22	27	70	57	35	31	30	41	78	16	51	39	32	23	75	88	12	62	59	21	9	17	14	72	73	20	18	65	56	83	38	75	24	7	40	11	87	29	12	74	4	69	70	34	
40	52	80	11	72	47	29	40	22	3	59	53	75	70	78	35	60	22	18	37	79	16	7	72	42	16	13	5	35	80	38	73	2	23	46	71	30	70	70	9	32	36	61	11	65	6	44	33	76	21	34	61	41	33	4	36	15	13	39	41	90	36	73	50	17	25	28	4	58	58	12	84	1	31	90	64	43	45	56	19	21	44	36	20	74	36	48	80	47	51	
81	5	38	61	53	51	82	46	52	42	7	22	31	56	49	83	78	44	81	3	14	10	47	48	24	27	42	29	66	54	71	60	49	17	22	62	26	63	11	38	65	67	57	55	76	68	45	62	18	32	62	26	39	15	30	21	89	70	46	69	24	29	74	33	90	55	1	75	25	6	20	49	28	37	12	10	9	52	76	19	87	2	16	79	64	84	13	23	58	19	
82	42	35	24	72	87	75	70	66	60	35	46	16	21	79	25	28	84	37	58	62	78	17	23	64	78	15	30	7	33	38	47	68	30	32	47	71	11	80	43	30	72	45	44	89	30	29	26	74	62	41	5	9	54	31	70	1	87	59	57	25	55	62	90	82	2	5	36	61	41	63	88	18	74	89	14	4	77	3	37	8	34	40	14	49	24	50	45	20	10	
9	40	23	30	87	13	26	89	32	82	37	53	79	15	79	36	26	45	19	25	76	23	14	74	35	57	6	77	61	73	43	29	20	64	56	65	38	41	24	30	31	20	42	65	32	27	6	55	66	21	35	10	41	7	81	75	22	46	18	80	27	58	69	5	83	84	68	24	32	90	11	60	17	49	85	11	71	87	62	5	16	54	64	22	59	52	51	78	6	63	
26	82	80	54	84	32	7	59	55	36	17	60	55	87	69	48	88	7	40	17	61	14	68	33	27	85	83	72	31	47	4	16	36	43	67	79	74	71	12	83	68	22	12	29	64	77	35	21	81	36	36	51	46	63	79	34	56	30	11	45	37	64	65	69	20	33	18	45	66	23	38	38	6	44	26	28	28	70	46	76	90	79	80	5	50	64	39	64	57	9	
18	87	65	78	30	38	66	41	43	37	23	74	39	24	26	20	49	14	74	7	41	33	44	26	36	50	50	66	22	11	31	88	58	1	68	82	89	2	80	45	88	13	72	28	84	57	6	3	67	78	56	68	70	3	5	65	51	10	4	40	77	34	26	38	77	59	74	42	53	62	71	52	31	54	35	75	66	46	79	2	80	35	67	68	87	32	77	48	35	76	
35	13	9	59	10	48	19	80	78	31	12	18	82	90	28	71	71	90	22	14	89	52	13	64	12	6	89	87	8	83	31	41	3	37	58	59	41	74	7	32	67	65	43	10	24	65	79	3	63	54	66	60	13	72	82	84	73	85	69	77	68	61	76	34	55	44	50	3	75	53	27	47	86	65	62	18	11	2	68	69	53	36	81	73	15	1	49	46	51	88	
31	79	40	14	69	2	21	25	2	87	38	78	41	23	51	58	29	10	53	88	66	15	30	52	37	7	76	42	47	90	24	37	73	22	10	12	27	22	89	72	16	30	58	17	50	71	68	39	75	28	34	11	3	26	20	1	32	4	36	29	5	56	63	30	38	71	8	57	13	83	87	67	20	55	79	33	79	54	65	61	43	58	70	2	53	86	87	61	49	82	
49	48	8	25	33	50	50	49	57	9	21	51	72	88	62	21	77	48	74	11	16	73	69	43	35	14	36	81	34	44	73	82	85	75	61	25	79	75	14	44	75	31	89	17	78	58	35	66	65	27	83	78	47	7	84	41	70	76	29	65	27	59	14	20	41	80	4	77	52	16	28	81	7	73	5	81	10	37	13	68	12	86	9	67	47	87	3	24	69	6	
88	4	46	6	73	52	36	74	33	43	49	52	32	14	87	38	55	81	68	65	12	83	15	18	90	59	64	52	80	40	40	42	3	85	41	84	37	34	21	64	76	25	76	14	37	67	48	89	19	17	61	27	52	74	5	50	2	66	8	78	69	45	75	70	35	70	11	44	11	22	56	9	51	39	1	45	64	3	53	41	68	57	71	26	89	30	72	5	7	72	
34	27	43	66	90	37	46	6	66	51	77	29	1	81	25	53	81	2	48	25	36	74	41	60	7	89	87	39	45	49	40	39	37	76	12	33	21	52	88	84	62	35	19	61	75	3	18	70	10	25	48	80	8	50	55	63	47	3	64	87	11	4	85	44	78	9	36	13	15	83	5	74	76	65	42	58	65	19	31	22	3	79	60	59	29	67	38	33	71	50	
80	38	51	72	40	36	36	73	41	48	28	85	30	9	20	31	67	43	11	52	23	9	33	83	28	25	53	17	52	79	64	45	77	26	71	23	19	14	56	55	59	78	9	86	46	25	76	18	28	82	69	48	51	60	35	87	79	47	90	90	34	65	89	21	42	67	44	57	43	58	71	13	38	80	52	84	61	39	58	49	81	85	5	50	54	87	75	1	42	3	
51	73	89	7	49	36	71	45	59	70	9	32	74	2	67	85	42	35	79	8	82	63	54	43	57	63	40	34	26	39	61	68	72	54	73	27	50	13	75	10	81	33	44	24	32	15	68	74	6	54	39	46	77	88	52	41	20	84	37	41	33	2	66	8	16	47	86	64	19	25	76	62	53	68	45	46	42	18	83	3	68	80	47	69	30	10	53	58	48	4	
83	35	46	58	2	59	62	85	29	40	65	58	6	76	88	45	30	31	23	62	32	87	43	37	9	70	90	20	28	41	12	19	73	56	31	34	74	1	36	11	38	48	28	4	33	25	46	56	21	38	77	87	75	39	82	78	5	77	58	51	25	67	2	60	82	45	88	66	42	71	47	25	26	59	27	54	38	40	69	6	63	53	61	36	52	44	80	42	50	38	
28	49	68	27	14	16	22	61	77	2	39	76	25	25	89	49	37	37	39	19	89	56	26	49	88	63	1	30	67	21	27	90	29	4	74	2	15	87	60	49	89	58	31	70	80	23	78	24	16	40	87	13	76	73	21	33	4	16	65	27	86	84	30	23	45	56	23	52	50	42	9	11	6	85	73	47	17	20	29	32	42	81	90	84	54	34	16	18	83	35	
41	78	78	28	59	27	76	48	39	86	40	8	52	6	90	84	50	63	11	74	51	50	57	11	86	69	25	64	83	71	3	83	14	40	13	70	29	49	72	66	41	16	29	56	18	81	42	63	47	50	7	56	60	21	65	52	54	48	20	1	23	73	83	39	24	61	63	53	21	39	67	9	55	2	58	67	45	59	5	46	17	3	10	35	75	68	85	34	26	77	
29	9	15	69	37	74	30	6	25	88	4	51	5	53	12	21	38	48	42	25	3	57	77	4	45	58	34	89	87	14	19	76	17	21	50	12	1	39	68	76	40	73	90	88	31	5	70	17	54	16	39	14	27	23	10	71	41	6	63	86	13	80	67	79	59	78	2	19	24	63	54	61	2	47	11	7	12	83	5	60	89	8	65	28	23	46	50	26	85	75	
23	5	60	42	81	77	26	63	56	49	61	17	59	22	24	68	10	33	52	12	51	50	12	76	29	85	70	39	15	66	19	85	27	37	34	69	22	53	13	47	6	34	58	65	53	35	38	73	64	51	74	75	56	80	59	82	36	35	82	46	61	6	87	80	62	24	57	25	74	28	72	41	78	71	14	19	64	7	39	83	54	16	67	16	84	82	88	86	79	7	
2	50	10	87	27	11	24	60	34	50	67	47	88	31	18	56	12	75	25	45	68	72	22	90	49	76	79	63	29	63	72	80	62	39	34	48	44	10	87	33	57	66	74	13	52	51	69	19	89	85	73	20	26	45	17	35	74	55	54	10	81	82	49	46	77	83	2	28	1	48	30	13	84	2	31	24	14	48	6	5	2	23	74	78	61	56	68	53	12	36	
49	51	73	57	11	54	45	64	41	1	8	59	64	72	20	62	56	32	2	55	83	53	75	67	38	45	21	13	83	84	5	3	39	70	65	90	82	61	52	31	23	56	87	6	36	69	35	4	7	87	51	89	49	86	16	44	37	87	57	82	39	16	78	75	47	4	34	34	63	88	62	80	46	18	30	41	81	68	89	48	66	9	85	62	8	8	15	9	12	27	
76	38	42	60	72	88	25	13	23	50	55	48	85	67	32	26	8	60	43	56	62	58	62	53	41	24	59	40	19	19	65	1	16	60	21	47	49	3	61	34	44	75	35	2	39	17	14	6	32	52	63	1	24	80	57	2	64	69	37	83	85	66	44	72	25	22	20	37	21	33	29	24	11	52	18	9	27	79	15	53	38	30	54	36	70	73	65	45	37	28	
79	83	26	84	16	10	6	24	2	76	16	21	60	78	33	74	83	54	61	2	67	58	82	76	32	62	44	4	60	42	62	7	82	50	83	1	54	48	74	53	85	87	34	51	71	64	84	23	77	14	22	17	32	68	85	88	29	88	25	47	36	45	52	77	2	41	75	13	4	19	65	81	65	57	87	43	79	5	25	26	90	45	34	86	15	80	55	4	89	31	
48	69	36	6	54	33	6	88	44	89	16	64	40	77	34	82	80	66	71	27	6	28	16	30	16	83	16	24	43	87	15	2	25	52	55	76	39	56	73	77	18	45	11	10	86	88	3	30	61	29	1	58	14	70	85	27	57	60	12	63	17	75	13	41	29	65	74	67	79	26	11	19	62	77	8	20	66	64	37	38	1	85	53	2	68	5	81	72	62	48	
33	37	30	45	73	19	68	16	43	54	28	15	55	44	82	19	52	18	73	43	49	23	36	62	74	52	65	69	40	84	67	60	28	5	63	66	21	38	73	25	88	8	37	9	50	26	27	58	37	59	10	45	78	3	12	64	53	35	79	80	32	53	9	51	29	70	70	89	66	50	17	61	21	48	71	65	31	52	34	25	22	6	41	72	90	42	73	49	39	61	
90	54	72	5	64	48	33	41	45	7	2	19	28	13	26	59	37	56	14	27	37	79	25	64	3	29	63	74	26	6	1	22	54	32	75	83	80	15	30	80	71	76	6	18	48	30	58	79	42	29	16	41	15	89	10	67	17	32	47	36	83	10	19	6	88	86	81	73	62	12	22	43	82	78	4	35	67	23	72	21	46	50	13	24	37	20	84	44	27	89	
37	2	3	49	5	89	4	83	31	62	54	54	61	43	38	64	41	10	84	68	75	86	20	88	13	54	67	56	6	35	52	4	34	53	10	37	17	11	81	48	33	40	53	1	43	44	65	42	24	9	13	47	5	30	45	64	46	72	27	8	7	76	7	1	88	69	86	58	74	72	14	14	77	13	66	73	19	32	22	27	39	81	79	89	71	71	63	25	4	52	
42	59	82	83	56	78	61	12	6	89	80	7	10	26	69	72	1	85	63	28	70	60	6	14	57	77	79	79	54	42	32	78	13	71	67	24	55	86	32	57	82	72	23	3	90	52	26	88	4	48	67	71	16	30	89	37	63	27	68	24	66	56	64	74	36	88	58	49	77	2	69	70	63	50	16	22	7	2	75	8	47	19	44	30	33	25	51	62	15	81	
74	75	44	5	18	73	90	68	81	77	29	55	43	44	8	18	26	12	27	3	80	62	5	68	82	84	3	2	46	63	85	78	44	83	88	20	22	79	47	7	57	69	58	59	69	72	89	2	35	89	4	65	20	56	39	61	49	88	24	87	57	11	72	61	42	67	76	59	23	30	63	71	13	28	90	32	51	60	31	1	19	31	54	38	45	54	57	89	53	74	
45	11	39	88	30	79	5	14	44	12	41	67	22	4	2	9	33	15	62	61	2	42	51	16	33	80	26	85	14	74	66	56	44	64	3	69	53	3	43	1	58	84	68	76	49	26	7	35	36	13	56	90	51	66	70	83	29	87	69	52	28	18	56	27	71	55	19	76	17	45	34	71	8	58	54	83	82	10	25	76	21	78	33	56	62	2	59	40	46	73	
53	80	45	3	19	57	17	65	38	31	56	69	62	40	34	75	82	76	77	30	58	84	55	51	54	63	49	47	11	55	89	48	87	18	10	46	32	25	4	69	14	16	6	72	59	41	53	43	72	39	17	89	28	81	47	47	42	63	50	7	17	22	14	8	87	23	48	29	5	11	68	15	24	60	84	37	54	9	39	33	1	20	31	44	78	83	16	74	36	53	
78	13	48	51	21	81	69	25	18	32	85	33	44	71	1	87	13	6	1	31	36	2	23	28	72	9	10	49	44	3	60	81	12	1	40	78	42	66	62	15	6	55	40	20	31	86	5	3	88	54	14	83	12	90	19	81	58	68	7	89	70	55	77	38	23	76	24	54	8	4	67	16	7	75	25	29	30	74	50	11	34	57	56	41	47	22	17	57	8	80	
53	23	1	89	58	67	70	66	80	75	84	16	45	50	80	21	47	4	51	1	63	80	19	18	81	24	43	31	78	82	74	39	21	68	2	29	1	65	68	79	5	28	4	8	72	77	30	20	40	88	71	18	32	86	77	7	69	9	2	55	24	69	59	85	1	48	21	90	71	49	36	31	83	34	37	42	73	23	26	18	6	3	77	87	10	23	52	27	55	14	
54	81	50	85	71	36	1	49	86	65	4	79	55	30	20	89	69	57	19	51	64	88	48	15	61	53	83	70	67	45	80	9	29	25	53	56	20	13	22	63	37	66	13	5	3	29	86	31	74	64	82	8	45	83	67	74	39	58	42	65	10	81	34	88	68	84	14	44	11	23	75	38	87	4	87	55	61	85	76	6	51	60	62	56	66	40	28	2	59	29	
58	22	70	1	69	53	43	82	46	11	10	71	4	54	56	88	9	73	38	82	86	85	12	44	48	67	45	35	16	55	75	31	71	39	84	47	46	30	33	83	85	2	62	48	53	78	50	22	57	77	81	89	35	76	3	39	40	1	72	13	50	5	40	29	39	28	41	51	16	65	81	63	26	15	19	59	85	24	60	18	64	28	74	90	7	54	87	5	66	17	
13	12	29	56	88	60	40	71	8	49	53	50	17	79	54	82	23	6	7	38	10	59	63	61	14	29	77	3	31	34	22	4	5	46	51	87	61	89	82	25	4	35	70	69	73	28	61	90	37	65	85	1	81	58	20	2	82	13	52	72	83	72	80	83	76	84	47	4	44	75	31	90	15	53	68	44	41	32	9	69	55	84	28	43	46	45	6	17	5	85	
56	85	82	63	37	26	14	72	26	55	15	57	48	79	61	76	44	9	64	81	37	29	72	69	43	79	66	82	36	68	45	25	22	86	80	22	24	2	51	35	10	32	44	21	66	16	86	7	18	58	88	52	53	28	73	30	6	46	17	2	73	20	17	65	2	8	54	18	56	46	6	68	74	59	77	38	19	34	89	39	49	38	60	89	80	26	83	20	33	54	
16	64	74	82	78	28	84	18	1	13	60	2	70	34	9	16	29	38	45	35	56	54	28	61	53	37	86	88	55	76	49	32	48	75	20	33	10	69	10	17	69	68	59	8	61	63	77	84	90	78	75	11	45	88	71	48	85	23	43	47	6	52	40	14	49	14	12	3	36	27	8	65	3	22	70	41	83	13	11	75	89	24	45	39	19	26	42	29	44	5	
25	15	3	12	75	90	78	72	87	18	81	56	86	29	70	19	45	60	34	18	17	24	37	47	17	16	28	18	73	38	59	49	35	61	23	13	57	4	83	21	19	31	63	22	55	84	20	41	53	46	55	30	54	62	60	5	65	48	26	9	75	81	51	17	7	31	80	48	32	28	35	42	58	71	39	71	33	27	18	79	44	40	82	6	81	77	8	14	23	84	
