24	7	7	48	84	49	37	15	59	35	65	16	86	88	87	79	18	26	85	27	23	1	20	90	8	86	17	58	54	73	74	30	73	82	87	66	90	31	39	56	63	64	69	18	21	63	4	88	50	49	22	31	9	1	28	14	47	43	32	8	25	13	87	57	54	81	80	51	72	78	66	5	49	44	20	67	65	75	62	21	29	43	52	35	42	37	53	86	77	38	
1	60	48	85	23	62	35	62	20	66	47	84	30	4	86	9	30	58	79	90	39	68	40	48	10	41	82	16	34	67	51	84	87	59	38	69	28	71	37	7	6	81	50	33	44	43	42	72	61	26	31	63	2	70	14	60	73	3	36	11	67	46	5	22	12	37	88	89	67	32	8	74	75	52	64	24	54	10	55	76	13	83	45	49	21	53	65	15	13	17	
3	40	13	54	59	22	51	55	19	77	44	72	17	23	30	78	6	43	47	57	24	1	48	25	5	64	33	66	57	45	33	20	81	43	34	9	24	82	60	2	27	64	71	42	46	61	79	49	11	33	67	85	83	72	15	86	5	8	20	21	50	50	37	89	52	29	5	74	69	25	35	4	86	14	43	1	72	31	48	53	21	73	34	12	52	10	55	56	68	75	
72	74	30	68	32	41	5	34	22	71	18	55	34	63	28	74	62	59	62	69	8	42	11	2	50	60	60	64	73	33	44	14	66	75	79	5	19	43	88	1	74	15	15	16	36	2	87	57	58	20	85	63	61	3	24	67	65	43	39	40	35	45	51	8	21	90	10	88	46	6	48	73	70	22	86	64	23	47	29	76	76	21	9	74	25	82	12	41	37	9	
41	65	48	51	71	27	48	78	74	48	43	30	28	71	11	73	43	31	22	31	66	77	11	72	20	30	61	28	32	1	86	69	25	41	80	3	65	87	41	47	42	44	36	29	22	45	10	24	71	33	52	46	65	60	74	49	50	4	32	53	54	26	68	79	64	54	81	90	48	82	43	55	34	38	76	9	79	56	30	21	35	57	23	58	8	4	13	17	58	2	
54	19	24	81	3	48	43	40	44	88	24	46	45	49	81	80	55	67	84	47	46	25	82	66	41	50	30	51	26	85	9	78	11	31	66	12	37	68	13	78	64	32	31	69	42	19	17	55	52	8	7	89	29	86	27	68	5	52	75	29	53	43	70	52	71	1	23	15	73	33	56	90	23	83	27	61	60	57	28	65	46	79	23	34	35	58	61	38	4	6	
63	45	46	88	57	76	87	39	89	23	68	11	20	50	51	44	18	70	44	1	42	49	77	63	80	19	67	11	15	69	14	76	73	57	71	89	41	27	36	90	47	63	7	64	20	17	67	2	85	70	84	34	26	30	56	66	46	31	37	59	59	48	4	3	63	35	88	65	59	83	21	65	53	77	5	32	2	25	26	86	6	69	28	78	7	43	16	12	31	52	
30	49	52	83	47	23	25	4	45	43	84	64	67	44	48	63	35	47	86	58	90	48	36	75	33	39	23	46	10	13	49	38	59	9	28	65	81	12	29	33	53	72	56	27	24	14	50	18	18	42	74	68	49	16	50	80	15	32	83	22	51	39	57	60	7	44	85	85	54	20	78	66	1	41	51	73	17	7	88	80	11	31	55	55	6	12	5	17	61	84	
88	42	83	13	61	87	54	52	42	67	32	27	39	81	27	89	23	90	53	70	76	59	9	90	74	12	10	75	79	9	68	74	14	19	46	68	65	8	79	15	72	18	90	71	6	77	64	78	73	76	56	56	43	62	16	24	33	73	58	19	80	34	52	48	10	7	25	82	63	9	84	4	85	44	1	42	28	4	30	11	77	44	23	86	66	35	10	5	17	29	
73	53	57	84	60	65	49	80	46	19	48	88	20	85	39	50	34	26	51	21	31	36	61	13	74	32	7	44	33	20	69	66	31	35	57	89	57	67	38	61	82	45	22	61	37	17	71	67	41	29	85	70	24	53	42	6	44	47	52	43	25	75	9	53	15	25	11	32	90	54	52	40	49	68	59	83	83	55	19	87	26	64	27	47	76	60	14	28	14	18	
62	88	90	30	48	65	53	18	56	10	23	67	46	69	43	64	21	85	9	38	75	84	9	3	39	82	23	11	17	34	77	38	83	37	66	1	12	26	14	24	85	35	88	2	62	4	61	81	82	31	78	26	20	87	79	18	36	9	80	12	5	61	47	86	5	22	75	63	5	49	50	89	41	42	46	13	40	15	51	81	7	36	68	25	16	19	88	27	28	72	
30	71	2	37	20	57	54	56	27	19	10	33	65	49	72	19	19	73	83	29	20	85	24	46	63	10	58	58	80	37	38	70	67	37	14	85	1	65	47	77	81	16	17	18	62	48	32	40	78	22	66	59	12	87	64	74	60	28	41	44	23	35	21	87	31	32	42	84	61	85	68	7	61	43	25	82	49	11	30	88	30	55	13	39	12	75	76	65	6	69	
68	78	63	48	73	1	39	73	79	55	28	13	59	86	52	38	75	61	46	12	54	35	27	26	33	36	6	14	60	62	40	36	47	10	43	80	8	81	59	84	42	85	56	65	77	16	5	60	37	10	32	49	42	56	73	72	50	76	43	18	6	82	13	50	87	53	36	57	40	58	45	41	48	9	8	88	74	62	15	69	69	2	77	70	64	57	17	66	2	67	
79	6	40	89	15	86	50	49	48	49	63	52	88	68	20	55	58	53	25	67	81	53	69	66	83	81	31	2	52	82	51	1	47	51	49	59	6	7	70	51	16	37	62	10	13	80	24	30	2	46	57	81	8	83	54	87	71	43	56	82	32	6	42	76	16	3	5	19	60	69	29	66	14	88	35	76	75	61	13	77	64	67	26	28	57	78	74	87	27	33	
39	18	85	40	53	8	36	55	76	50	32	12	75	5	7	18	78	42	34	50	77	55	77	9	81	43	81	24	88	66	52	86	44	5	33	4	10	67	19	45	24	47	54	6	11	58	73	48	59	66	13	51	81	80	47	69	80	87	57	37	26	14	30	63	16	61	64	71	87	46	23	70	48	49	74	60	54	17	20	20	41	67	60	29	22	66	62	65	23	21	
90	43	76	28	13	48	52	37	26	42	77	9	19	31	42	51	47	55	26	20	73	65	83	2	53	7	27	70	60	48	46	19	49	29	44	60	74	54	56	60	1	1	66	68	81	67	27	36	30	50	52	62	75	4	61	87	63	47	64	27	2	17	6	48	5	47	69	77	8	30	10	55	80	31	32	69	11	17	71	84	26	78	57	8	79	85	54	45	33	82	
30	79	1	33	86	55	40	61	39	5	50	4	19	38	32	47	66	87	62	89	78	85	71	6	52	16	33	13	19	20	88	9	6	48	1	90	9	41	20	8	2	67	9	21	64	1	25	89	3	46	10	32	7	63	82	51	42	23	21	56	2	68	61	11	73	60	55	43	57	34	8	22	65	15	12	35	69	72	80	57	24	73	14	26	5	76	29	41	58	9	
4	57	35	24	22	67	43	36	16	8	67	21	76	35	85	70	26	57	48	13	73	32	83	29	12	48	64	39	86	30	7	49	45	2	37	65	66	73	8	41	40	35	23	75	67	15	52	53	31	60	62	65	89	15	90	60	25	60	59	68	55	63	77	1	24	17	71	87	48	38	42	86	27	17	69	50	80	80	9	18	10	33	41	61	5	89	28	34	57	81	
88	64	12	71	62	33	46	84	79	2	74	74	47	6	88	74	53	76	23	21	55	29	49	1	83	51	88	67	34	14	54	30	75	25	60	7	55	15	89	41	13	31	75	19	34	70	90	46	56	21	64	16	47	22	64	3	31	59	26	63	32	39	52	15	61	19	20	75	30	66	23	8	5	57	18	88	35	68	41	85	86	64	58	2	44	83	51	73	48	77	
5	40	20	54	52	78	70	30	23	60	55	6	21	57	59	37	14	1	64	15	46	57	76	11	56	27	53	67	61	8	48	62	45	66	22	56	13	52	45	33	71	7	35	89	24	2	85	38	52	58	9	5	72	82	65	88	68	25	62	87	83	17	63	90	42	39	11	16	48	67	12	26	57	3	74	40	51	29	35	10	82	41	69	73	82	44	19	19	24	78	
13	62	54	66	55	4	62	63	68	17	23	34	2	39	32	74	77	80	9	19	50	51	19	73	72	8	17	88	24	87	35	35	56	86	60	18	49	29	40	24	5	22	55	57	59	46	88	6	89	5	75	7	15	89	76	46	58	52	42	39	47	36	33	10	28	90	78	79	81	77	60	42	9	73	11	24	26	1	82	19	61	58	21	29	20	56	83	31	15	84	
68	58	14	8	27	39	59	64	73	5	49	39	7	13	19	61	35	4	60	20	74	73	38	53	9	51	16	40	80	28	19	17	84	82	75	70	29	1	41	10	56	48	11	60	63	23	30	1	77	47	70	57	27	15	17	89	64	33	33	20	56	12	79	9	2	24	77	80	21	25	48	76	35	54	3	90	35	81	87	22	34	65	78	31	43	88	66	62	82	68	
34	41	67	20	9	28	39	83	14	21	69	59	52	8	71	14	4	13	2	50	81	33	73	23	13	22	69	38	78	54	5	19	54	30	88	60	55	87	15	29	13	40	47	25	45	77	36	10	49	35	58	37	31	89	57	90	16	86	43	51	48	37	72	61	26	63	79	41	62	89	70	30	39	73	17	40	64	47	46	14	42	59	11	29	56	27	26	32	20	60	
75	26	55	12	83	41	73	70	79	89	28	15	78	62	85	90	61	12	6	14	25	45	32	84	71	85	18	56	69	36	23	52	60	37	63	13	75	3	41	27	54	66	35	1	87	28	86	56	38	51	67	20	3	7	11	33	49	79	86	77	74	72	36	40	65	57	11	9	19	50	30	68	75	64	67	76	53	21	32	46	30	58	25	82	24	86	22	32	80	67	
16	53	43	12	54	68	66	61	75	44	70	62	20	51	33	44	28	40	23	22	45	50	75	69	39	6	61	20	35	40	84	48	52	87	57	11	23	83	31	55	34	60	24	13	18	15	19	5	53	88	25	5	10	4	32	5	59	90	74	1	89	65	8	48	27	25	21	2	14	9	54	12	67	76	69	85	88	82	47	15	39	71	72	43	29	4	7	86	56	78	
44	50	13	52	58	83	72	74	82	45	80	44	51	16	79	81	57	36	30	10	6	66	35	68	69	22	32	73	66	84	59	17	2	69	26	57	21	5	90	10	11	39	13	19	53	89	4	17	85	34	24	88	14	18	63	37	37	54	13	12	43	31	77	4	59	15	58	77	65	55	47	72	3	57	7	51	56	51	27	8	80	48	3	46	62	25	74	60	75	46	
66	77	75	50	78	3	58	5	78	82	19	32	61	70	48	18	80	61	67	13	68	15	58	71	56	79	88	89	45	71	43	72	17	81	28	6	77	46	57	62	34	74	53	54	51	9	69	38	76	5	11	41	17	65	14	73	14	62	29	18	4	69	86	16	55	83	84	90	26	33	59	60	66	85	20	25	87	48	21	14	52	28	22	64	53	90	8	26	47	31	
41	46	59	87	59	72	68	87	69	1	27	87	18	52	66	87	36	14	42	53	77	54	41	88	22	52	73	76	75	79	66	77	32	84	70	51	63	7	48	1	7	31	86	73	80	21	67	23	90	71	34	68	28	71	25	7	83	6	81	29	82	15	10	74	7	40	32	30	5	85	28	9	12	73	43	51	55	14	78	44	41	11	19	64	45	42	89	33	7	20	
56	48	82	25	29	48	24	58	37	26	1	28	83	62	4	30	20	54	3	49	59	41	57	36	12	9	75	40	38	41	17	49	88	58	72	75	14	55	41	50	78	2	69	70	23	32	6	40	45	59	87	10	11	13	44	71	16	80	68	10	79	82	60	73	18	87	61	20	51	55	27	35	16	62	63	39	84	33	35	89	85	29	7	90	12	15	27	19	86	2	
74	71	44	90	13	50	46	27	29	3	42	53	87	55	16	19	88	59	45	82	55	37	19	59	84	70	27	18	44	71	72	26	11	20	75	21	27	28	8	53	30	47	67	74	61	79	90	22	45	4	7	60	37	75	26	81	52	12	57	5	81	33	79	2	11	62	73	35	86	76	48	77	29	23	55	49	59	24	64	11	17	68	68	13	51	53	1	62	25	54	
63	13	45	49	10	53	17	76	47	63	58	2	44	46	72	59	2	38	70	25	9	45	1	36	54	11	87	12	71	19	24	3	82	67	50	88	78	26	33	85	48	51	52	90	56	26	55	60	62	84	40	67	36	38	18	50	57	57	61	75	37	81	80	23	16	86	69	64	69	65	66	24	20	89	21	72	22	33	4	43	24	34	73	20	68	77	69	74	3	5	
18	87	35	1	69	49	44	46	62	19	14	15	40	82	12	20	63	83	50	55	85	34	47	61	12	75	8	76	56	8	31	32	55	64	30	31	71	33	36	42	49	10	14	86	89	75	65	58	65	23	72	19	16	26	77	25	8	84	59	24	50	88	52	13	22	41	43	50	35	36	88	79	43	11	34	45	43	6	56	17	78	87	90	51	21	68	72	80	21	90	
60	66	47	72	37	64	72	38	73	12	70	68	50	20	37	82	56	77	47	73	52	32	67	42	43	46	69	21	84	86	70	51	22	24	82	57	47	62	1	28	33	67	55	81	84	53	70	9	88	76	40	11	67	14	10	16	19	78	87	10	34	64	23	50	85	10	13	3	31	10	32	63	36	79	15	27	90	41	89	85	25	35	1	2	7	8	71	23	44	58	
82	73	29	10	31	73	71	3	72	9	64	58	29	7	8	38	83	4	76	76	86	60	68	46	18	34	13	79	16	17	44	5	87	32	15	77	20	42	78	44	47	11	10	36	14	19	33	3	21	17	38	60	37	14	66	51	12	37	40	23	52	41	22	46	70	84	82	45	33	30	84	43	36	53	73	47	64	26	9	39	79	49	59	22	27	29	75	24	25	74	
39	75	15	20	79	82	12	68	32	4	57	75	41	90	35	76	6	60	49	16	3	32	55	58	14	70	45	43	51	29	18	87	10	81	67	86	33	37	24	24	39	78	6	39	83	90	20	80	55	25	89	56	54	17	71	27	80	77	68	38	11	44	84	19	85	59	65	25	2	88	46	90	72	11	36	15	8	15	53	61	40	11	30	52	21	62	75	9	1	12	
6	4	16	86	72	8	13	6	30	63	88	35	60	28	43	56	2	48	68	14	15	67	22	86	23	40	7	57	7	90	67	10	53	80	54	33	47	63	88	36	86	46	68	17	32	18	68	31	64	6	42	37	69	61	30	50	62	34	14	64	84	40	71	43	79	31	37	38	54	39	66	11	73	45	24	12	58	87	3	78	90	5	22	27	26	20	77	82	42	49	
54	84	85	31	35	71	22	67	12	36	57	37	41	40	76	59	8	1	15	9	77	64	62	60	50	86	68	31	74	68	78	34	60	69	25	2	8	6	28	17	38	82	57	38	79	87	56	84	1	32	51	33	54	20	49	12	11	23	3	83	50	77	75	17	13	65	68	18	66	59	85	59	7	43	58	83	89	20	39	82	14	46	80	61	70	80	72	34	10	73	
76	20	17	58	86	77	24	24	53	46	78	44	12	43	47	66	33	45	45	28	84	52	72	26	73	5	13	50	36	74	79	19	90	90	39	45	35	19	66	86	24	13	37	34	53	81	59	51	83	63	33	38	80	12	60	54	14	70	62	9	14	48	82	64	8	72	15	40	51	87	33	75	49	29	65	10	69	85	13	67	53	56	3	41	14	22	47	88	52	16	
84	61	24	32	30	81	10	41	28	58	77	20	37	33	46	62	1	22	52	12	43	13	14	4	6	26	23	12	11	72	78	53	40	12	81	29	49	88	34	74	15	14	59	11	7	59	70	5	42	30	68	79	2	77	79	5	64	61	67	32	44	54	82	45	58	71	66	14	27	3	49	39	66	60	48	69	31	78	35	73	16	6	17	65	47	51	36	75	38	8	
3	59	53	83	56	70	22	82	43	47	83	49	45	17	17	52	45	3	37	76	27	10	41	89	73	81	47	15	15	64	63	15	85	23	58	44	90	77	85	40	83	36	48	35	50	62	85	4	24	86	76	12	88	25	6	30	65	51	89	78	74	60	54	24	80	16	28	39	52	21	37	42	55	83	38	11	14	28	65	88	18	8	5	64	84	9	1	57	19	88	
2	90	54	53	22	5	23	47	90	72	64	36	22	25	77	55	86	88	42	56	45	18	63	48	79	13	54	41	64	32	86	24	29	48	31	10	10	51	16	7	83	78	1	63	65	75	78	17	33	26	35	75	3	54	30	41	66	44	82	89	73	33	17	62	40	6	30	49	20	44	14	6	37	12	28	50	85	19	65	80	87	5	60	4	18	50	9	79	7	39	
73	31	66	55	51	13	52	79	58	66	29	31	32	17	40	57	27	84	65	51	69	21	15	35	16	30	81	64	18	39	6	86	33	70	42	39	43	53	25	9	80	14	87	20	28	34	31	52	26	56	12	1	74	23	85	59	49	36	20	41	34	76	17	24	52	19	60	1	68	86	61	17	1	63	81	78	45	20	90	30	72	62	80	22	77	73	62	89	67	41	
17	8	24	82	28	36	60	84	86	87	34	14	10	84	23	88	70	65	15	30	2	47	84	80	21	30	22	42	75	89	81	90	2	68	40	79	7	6	32	1	3	25	11	9	16	31	57	45	56	37	71	55	35	24	4	54	51	23	5	33	18	43	83	68	19	28	26	20	83	11	69	81	29	39	49	42	38	62	85	1	88	27	12	30	46	9	44	4	13	48	
87	5	84	75	32	58	62	7	75	52	11	13	3	37	50	9	39	77	69	83	67	24	16	33	14	20	39	54	76	28	8	67	86	49	11	74	14	70	40	48	30	53	60	81	47	16	88	81	55	24	73	78	45	45	19	56	26	57	70	6	42	72	31	85	81	43	64	59	71	12	9	61	20	65	47	63	40	10	13	89	27	81	36	30	86	64	46	18	66	21	
71	15	53	11	5	40	9	29	1	75	90	60	41	72	84	85	90	32	85	17	80	69	51	24	57	44	35	8	58	10	79	37	20	39	6	74	38	13	62	89	86	21	56	41	87	47	76	87	43	36	2	78	18	50	61	23	53	3	28	19	8	66	15	77	12	70	59	48	79	80	7	32	22	59	26	3	16	7	49	12	45	14	86	33	61	54	73	16	30	25	
84	21	34	58	63	44	35	75	51	73	61	54	13	29	72	35	81	46	90	35	53	85	42	45	83	55	58	26	31	71	32	22	51	27	40	15	66	36	49	76	15	17	89	77	43	68	70	33	20	67	25	39	21	64	37	64	28	1	87	57	38	78	40	42	10	34	18	36	70	69	19	47	50	71	75	80	43	52	70	23	79	3	56	7	63	48	68	58	44	62	
61	35	47	2	37	17	33	13	50	57	73	66	56	19	3	38	59	44	50	36	25	88	88	37	4	20	78	30	64	83	51	31	76	58	82	20	72	74	82	32	8	62	54	55	41	55	51	58	60	8	53	42	5	48	75	63	65	22	45	89	12	54	81	6	23	69	64	52	12	64	38	10	75	90	27	26	15	77	43	69	80	1	70	40	49	52	54	71	79	5	
67	42	56	57	34	35	82	58	83	53	71	28	23	53	78	43	36	89	74	75	26	22	79	3	58	80	53	19	59	88	73	83	36	36	45	27	68	85	84	20	46	60	49	66	72	29	16	15	76	90	48	9	16	28	9	38	69	21	11	30	64	86	20	5	76	23	87	54	17	70	69	62	2	73	33	30	10	7	43	3	54	4	50	29	81	60	59	51	37	1	
36	63	17	15	62	2	36	12	12	11	41	78	67	42	58	58	65	26	66	67	70	24	25	27	50	10	39	69	14	35	5	13	3	21	22	24	18	17	34	79	25	73	64	51	69	82	16	7	67	75	29	40	59	50	23	68	16	26	44	79	56	46	87	16	30	72	37	4	81	31	80	13	19	16	23	38	51	37	45	28	20	64	32	43	73	46	33	90	34	22	
73	76	19	66	88	42	41	85	3	80	22	41	53	29	49	72	29	8	15	61	81	83	84	12	26	64	14	86	20	35	10	1	69	23	27	64	24	26	18	25	65	37	28	25	30	71	7	48	39	69	70	27	21	59	88	9	82	9	89	13	4	55	62	75	37	45	4	59	74	19	43	44	15	65	31	46	5	78	1	41	54	23	27	77	78	22	38	26	32	33	
85	81	47	14	59	84	57	22	10	84	38	50	33	53	74	16	46	76	4	35	79	15	13	10	47	87	29	81	70	18	75	63	5	28	74	23	69	90	42	76	88	41	33	73	48	14	89	1	50	49	85	36	60	5	3	14	54	30	3	27	6	36	55	60	62	82	42	44	80	2	21	31	80	17	11	37	77	58	34	40	12	27	39	70	32	45	81	43	15	51	
62	70	77	73	38	7	21	38	4	13	27	74	88	15	85	8	48	33	61	41	25	71	27	49	10	54	35	52	51	11	1	20	78	36	51	73	40	67	22	3	35	5	75	30	69	37	86	76	63	55	26	43	85	53	58	2	62	88	50	20	57	9	89	12	5	10	31	42	71	14	6	65	17	46	16	38	66	86	73	83	10	18	87	56	13	47	20	34	90	24	
14	46	31	61	42	32	65	33	34	5	39	88	68	7	36	30	43	58	24	75	48	86	78	40	44	49	46	59	47	36	80	15	80	71	34	81	59	58	73	90	62	18	85	88	22	78	26	24	51	7	7	90	49	45	88	1	55	38	17	54	34	56	65	82	29	58	63	46	25	41	5	82	18	87	39	2	34	64	74	75	28	39	35	74	83	80	37	3	26	50	
51	22	61	75	89	48	42	19	2	62	59	5	14	35	53	49	32	82	69	18	64	3	11	7	36	50	83	67	48	68	74	60	1	42	4	84	88	3	58	87	24	75	88	37	17	50	43	8	88	70	76	59	71	79	26	66	38	64	46	44	39	22	11	80	62	66	28	21	63	90	13	85	64	67	78	81	72	79	52	61	57	25	29	6	9	12	60	10	73	8	
45	67	80	56	54	11	22	42	27	48	31	89	87	54	56	75	1	81	21	43	49	75	64	36	70	33	42	90	33	76	4	75	46	44	87	60	51	69	8	37	19	88	34	65	52	48	47	47	2	25	50	53	7	72	40	35	63	55	30	3	22	83	37	65	36	85	32	58	59	89	39	36	84	31	61	41	39	13	47	38	87	60	77	1	36	26	57	6	64	23	
58	44	13	59	16	6	45	6	8	62	2	44	62	83	37	26	84	71	88	90	13	82	53	50	42	48	72	34	52	4	53	68	45	33	30	22	80	34	75	85	55	74	90	23	26	30	5	69	65	54	28	70	17	78	27	43	35	57	73	44	21	86	74	25	18	9	42	5	2	77	49	56	57	7	34	51	86	89	76	60	49	6	31	48	63	55	3	74	81	32	
78	90	23	57	24	39	26	62	5	25	45	17	37	64	16	68	64	9	64	42	60	71	7	51	26	47	65	73	81	44	11	67	41	83	84	61	81	14	82	88	35	86	53	72	19	66	8	78	34	68	79	54	46	83	12	31	90	74	64	80	78	37	51	27	32	40	48	65	13	35	16	45	87	66	73	5	39	39	50	32	15	85	83	20	36	55	10	40	88	71	
16	80	64	26	6	85	25	14	57	35	7	70	42	84	5	71	49	3	18	89	33	81	39	23	60	70	37	68	60	38	7	35	12	68	59	67	22	42	76	39	74	83	72	72	40	71	53	79	71	28	37	13	16	36	84	73	17	28	9	34	58	16	65	28	41	87	2	61	32	38	62	69	77	47	45	19	11	63	56	82	80	52	51	56	86	3	36	78	29	43	
89	44	18	60	69	54	55	31	72	49	66	37	15	12	67	19	79	78	35	44	25	23	53	34	75	45	35	71	62	22	20	57	64	38	77	2	46	86	83	26	35	19	57	47	26	84	26	13	29	59	14	13	39	62	48	21	67	81	86	36	6	69	1	30	56	37	80	8	30	72	80	73	84	10	69	70	88	2	41	90	32	50	86	53	20	40	41	84	42	76	
27	82	48	77	12	63	21	89	31	49	30	18	71	72	75	48	49	34	9	51	14	76	6	7	37	75	3	64	66	73	47	53	57	54	89	28	77	72	76	16	79	20	81	56	49	64	62	50	52	38	6	67	19	10	29	9	84	83	78	18	65	77	32	78	1	26	17	75	4	5	52	78	58	37	8	5	59	63	60	18	90	56	85	68	33	67	70	21	56	11	
30	83	49	57	64	6	47	72	78	6	26	86	80	79	30	84	44	85	13	56	10	62	19	52	34	42	24	17	16	37	69	7	21	22	61	82	85	60	23	25	66	7	18	12	84	51	52	88	4	62	54	7	32	66	53	28	67	33	90	81	29	58	82	55	40	11	88	25	30	71	47	1	74	69	9	30	67	59	31	68	78	70	31	19	3	56	89	35	36	79	
69	61	50	21	68	43	80	25	27	18	1	73	65	34	6	33	57	30	54	37	54	38	65	82	11	25	36	7	53	63	83	80	89	87	8	59	39	46	85	64	22	42	3	85	74	56	27	90	83	72	41	44	65	5	85	75	27	24	78	45	46	30	78	47	35	43	57	23	87	10	51	16	8	4	60	79	61	82	40	9	31	76	15	85	48	5	67	18	84	13	
15	85	2	3	80	24	40	43	6	86	9	43	11	15	10	67	54	60	19	88	28	90	26	38	83	56	41	18	37	78	80	45	69	79	4	58	62	4	59	63	86	68	65	5	78	33	28	39	87	6	1	23	13	21	20	45	32	60	22	62	7	61	67	72	48	30	88	69	30	57	2	23	81	26	75	27	70	66	62	14	65	74	30	35	31	49	34	64	65	27	
82	30	72	56	65	79	83	57	55	72	75	19	4	21	40	77	44	56	42	66	60	70	78	54	59	16	60	82	74	81	58	64	23	34	78	78	73	30	43	86	9	73	10	8	90	8	40	42	58	80	14	26	15	52	35	76	65	89	16	46	77	71	69	3	63	53	86	39	44	80	33	48	24	1	53	20	6	53	22	23	2	84	18	14	43	41	39	15	45	14	
21	21	79	62	73	47	61	21	49	14	8	74	24	79	34	30	5	37	80	75	57	79	66	24	55	68	62	1	42	5	12	22	77	49	69	56	55	89	74	11	10	43	40	20	27	72	48	81	70	87	30	82	76	88	13	34	29	72	83	65	41	89	85	71	9	23	35	60	16	73	25	19	67	75	88	53	2	18	6	31	90	26	16	36	90	78	64	7	20	59	
70	54	11	22	33	16	40	26	72	56	52	7	32	27	29	83	77	79	82	40	12	43	74	28	71	53	62	42	49	80	54	76	40	41	5	31	42	42	55	69	55	23	33	84	90	57	71	37	3	24	74	14	60	46	85	39	87	58	39	4	40	59	77	78	73	88	15	32	81	44	46	45	6	76	47	89	1	65	32	2	3	13	63	13	60	61	48	11	18	46	
13	52	5	49	90	75	88	65	54	76	50	8	26	49	41	20	50	1	87	75	51	73	47	20	45	62	33	3	32	46	13	4	58	7	51	14	80	47	35	1	29	82	61	15	39	3	34	43	57	21	77	12	55	32	81	6	1	22	60	31	27	64	36	42	66	42	53	12	85	84	63	73	78	25	84	74	78	23	24	38	9	7	10	59	88	67	20	48	69	79	
37	54	39	29	3	61	67	53	32	22	6	1	1	77	24	86	19	62	65	45	58	66	4	65	80	89	25	9	44	50	78	79	11	76	16	64	48	40	24	35	59	27	34	60	64	20	9	82	75	73	80	47	7	41	64	85	43	46	90	42	54	38	76	66	21	49	34	24	88	17	57	52	3	2	70	64	68	37	14	51	68	54	45	74	87	17	30	79	63	24	
77	86	20	63	43	38	68	44	24	61	12	76	73	12	42	11	36	57	55	8	9	26	53	14	62	7	28	77	85	46	60	30	27	77	89	30	75	62	46	4	82	33	39	67	3	35	37	88	84	75	5	52	56	19	68	15	20	49	51	63	59	18	90	39	6	46	70	36	67	47	37	58	40	35	79	37	25	22	33	71	53	87	34	14	10	65	78	81	5	41	
10	18	51	60	66	12	69	77	46	40	30	42	56	65	37	3	9	59	71	90	35	30	85	59	2	52	67	45	35	31	76	6	48	88	62	7	54	34	43	59	36	70	8	86	55	42	1	11	9	64	58	4	53	10	21	14	61	86	63	58	24	82	56	32	38	75	86	47	18	37	15	47	68	19	3	16	20	49	73	78	74	38	79	44	46	7	6	67	57	26	
22	36	58	38	24	88	18	17	42	84	13	52	1	78	31	1	51	47	9	32	84	79	28	70	70	35	34	74	3	45	49	75	77	14	70	62	60	85	77	61	39	50	73	39	31	10	87	83	16	5	19	59	81	6	87	20	35	82	87	90	32	52	31	68	14	8	40	71	53	69	41	2	23	71	85	51	4	41	7	54	3	66	19	80	67	13	55	8	9	49	
55	82	60	83	67	24	89	52	7	11	33	90	7	10	69	53	58	16	1	54	29	89	30	7	38	52	70	88	21	75	7	71	19	17	64	36	38	20	86	89	28	73	51	84	82	24	44	46	90	2	60	27	48	45	31	81	56	9	47	73	40	5	13	51	25	34	46	22	51	42	12	49	20	26	81	62	41	32	65	4	83	88	37	34	39	14	79	52	17	80	
32	10	75	43	21	56	36	66	66	85	10	38	82	79	54	71	52	53	63	71	50	48	70	39	40	58	42	77	18	23	55	47	25	45	49	43	86	83	17	22	37	76	17	78	22	69	56	27	80	76	6	90	84	67	29	29	30	30	12	45	60	62	52	81	58	64	19	13	15	89	34	8	61	46	87	80	73	9	16	23	88	69	20	50	41	8	24	31	46	83	
73	89	21	84	17	68	14	86	80	24	72	70	81	41	25	87	82	63	40	52	83	82	29	3	27	29	9	41	57	3	30	38	79	41	85	5	70	2	81	54	75	20	31	74	20	14	11	4	68	43	55	50	30	42	22	12	68	18	12	32	70	4	34	56	44	18	16	67	69	60	81	51	76	73	73	6	82	84	52	19	75	69	27	66	13	36	73	46	13	88	
80	80	86	64	7	89	73	71	17	12	35	10	60	67	74	41	25	25	75	37	44	56	9	30	28	72	61	60	19	40	50	54	24	1	13	74	45	46	51	56	57	49	20	74	26	3	74	12	24	61	37	24	22	5	52	6	76	68	65	55	8	73	58	77	34	31	58	78	36	69	87	88	20	18	39	4	79	13	2	48	33	90	81	44	11	77	15	29	53	85	
81	23	51	42	4	82	32	22	25	65	88	71	27	15	44	51	10	17	23	59	24	53	50	1	51	41	38	61	67	86	36	13	13	47	14	68	88	45	87	72	68	84	49	3	3	52	8	63	28	28	33	58	73	74	48	83	73	48	49	9	62	44	19	14	50	89	39	46	86	29	76	61	69	84	56	31	44	30	1	70	48	37	26	85	58	34	71	1	74	86	
7	71	87	75	81	9	74	73	7	20	15	80	79	45	82	4	65	23	26	64	89	32	52	76	20	66	15	53	63	2	88	29	65	39	12	16	44	36	3	42	58	50	83	11	84	61	60	56	81	77	79	48	69	90	33	55	70	86	69	85	80	57	19	17	50	28	23	86	24	12	88	78	21	5	36	14	13	8	32	84	36	19	1	18	71	72	59	28	62	30	
83	9	32	4	16	80	74	45	33	5	16	80	43	25	63	72	37	29	67	60	20	11	32	62	17	90	85	32	77	48	53	53	51	40	47	26	77	84	61	18	87	65	56	28	49	86	7	44	15	39	8	84	41	89	55	16	88	50	46	35	66	67	2	63	54	88	89	37	75	19	13	27	39	70	52	85	57	17	36	30	47	6	18	3	89	31	60	49	36	14	
34	1	26	23	19	76	75	65	21	15	78	83	37	30	57	54	69	69	72	11	55	16	80	70	61	21	12	27	65	5	89	8	50	74	76	67	58	15	44	37	31	77	79	62	9	6	18	37	71	36	46	86	25	68	62	70	86	35	53	17	32	20	69	84	82	14	22	10	27	24	4	51	88	80	90	56	82	51	90	29	43	5	33	50	73	37	81	36	64	3	
40	54	8	68	11	51	79	69	54	68	81	22	77	73	5	58	88	49	59	86	71	8	54	41	56	28	73	4	12	5	90	11	26	4	83	19	15	64	83	65	87	34	41	76	63	44	30	61	87	52	14	24	54	66	62	78	48	2	31	58	9	27	67	20	81	13	88	1	82	41	36	29	89	72	3	42	3	88	57	58	38	75	43	55	37	59	80	44	60	18	
9	24	5	34	1	83	56	87	52	72	89	63	5	63	83	5	64	54	7	26	72	2	1	19	46	88	76	29	39	6	6	11	22	8	1	73	88	44	30	38	77	23	68	36	85	54	3	55	12	45	81	81	40	35	59	34	31	4	23	28	5	32	32	15	33	30	58	79	37	48	76	67	64	50	4	16	18	52	66	62	4	10	11	16	2	69	28	41	69	53	
53	33	36	44	17	66	71	32	9	64	74	82	27	11	38	1	22	86	90	46	50	4	56	59	48	50	89	35	38	24	85	88	55	72	41	31	2	70	26	9	90	57	5	79	60	80	63	78	69	59	39	80	19	40	6	65	48	7	6	83	28	45	43	35	45	42	67	27	17	8	81	66	47	77	48	68	26	20	49	13	37	38	49	13	74	16	50	30	54	10	
72	34	5	27	70	90	19	87	11	86	79	49	63	81	45	14	52	18	81	60	82	22	5	16	85	38	18	28	29	68	33	7	9	29	86	35	17	10	28	73	86	12	81	22	52	74	25	64	89	13	82	66	87	84	80	77	89	56	64	25	88	50	20	51	38	55	82	24	58	17	83	15	78	36	23	7	21	39	59	10	68	30	75	60	53	21	6	41	76	28	
57	27	78	33	75	20	86	81	30	51	40	77	25	26	11	2	24	74	1	39	87	28	46	62	49	6	43	11	50	7	36	58	10	73	89	45	87	9	21	80	89	54	19	66	38	83	66	29	72	30	59	48	52	61	69	54	34	19	70	30	61	5	88	62	84	82	14	28	33	1	64	29	4	78	55	38	32	24	63	5	5	82	87	15	37	42	63	22	4	35	
50	56	34	45	78	69	84	51	13	76	46	62	16	90	9	26	38	30	57	49	88	12	77	31	21	73	49	47	3	52	82	55	68	77	53	51	59	43	10	89	26	7	21	87	5	78	21	3	68	27	8	61	36	83	68	17	63	85	66	39	87	90	76	67	72	2	24	70	85	79	21	71	86	40	65	8	24	54	81	51	44	87	4	32	58	33	11	14	74	63	
84	68	62	35	36	79	16	6	49	27	81	69	84	47	65	10	30	50	14	72	7	4	21	63	29	57	50	31	25	24	45	16	54	60	39	71	52	56	35	58	19	24	28	59	53	55	75	37	9	34	15	73	38	33	34	61	44	41	49	66	67	1	79	18	58	77	42	76	89	74	26	14	64	12	80	86	78	86	70	32	46	39	2	61	82	32	85	59	83	89	
31	2	88	17	64	15	53	16	38	54	51	59	64	62	68	85	90	89	78	62	26	72	2	32	85	18	19	74	82	47	70	12	7	27	81	69	3	39	50	43	85	52	58	14	25	83	9	65	79	44	34	69	68	34	88	60	10	64	4	81	70	33	53	74	20	38	27	70	40	12	22	83	56	30	2	33	19	67	3	6	59	34	71	37	26	24	54	42	47	28	
73	25	46	36	74	26	76	66	15	64	82	75	52	1	2	60	29	19	67	84	4	39	23	9	30	9	86	78	39	41	3	20	28	11	17	37	81	79	61	81	49	55	16	60	8	22	19	32	82	83	20	23	27	1	88	49	7	71	10	14	67	47	12	49	24	5	90	6	30	51	80	38	49	56	13	52	67	80	42	18	65	21	1	48	69	87	58	44	31	34	
8	83	65	33	2	67	27	88	66	16	80	23	29	89	30	69	11	5	56	6	72	74	20	77	78	59	57	2	83	73	64	36	26	26	65	25	53	48	63	77	60	4	52	31	52	85	54	57	44	60	61	28	47	39	67	79	45	69	35	29	49	5	24	34	80	12	15	41	42	40	82	60	90	35	50	42	76	9	10	33	66	32	38	62	62	70	5	20	34	46	
11	47	41	39	40	10	69	48	78	28	36	61	75	32	56	30	67	89	89	30	22	63	58	79	31	74	6	33	55	9	34	10	4	42	90	33	25	59	40	5	76	35	26	24	66	88	9	84	81	6	18	53	30	30	1	53	12	13	54	60	3	49	64	50	68	73	44	38	23	80	37	57	82	78	33	43	7	45	80	35	50	5	86	62	38	2	87	4	51	12	
