69	55	2	3	15	70	21	17	9	74	25	14	21	4	1	3	40	27	17	67	58	22	50	24	15	19	33	51	27	5	1	8	69	71	27	6	40	23	21	26	19	20	11	14	73	10	14	35	11	7	1	43	25	28	64	38	42	71	63	66	72	38	48	63	31	50	68	45	69	61	42	12	3	52	74	
73	35	10	8	43	65	58	8	66	6	47	2	45	40	62	11	11	22	55	71	27	27	37	46	72	72	12	55	74	59	51	48	15	36	28	32	75	9	16	63	13	59	61	53	73	23	38	7	41	14	52	42	17	11	18	9	19	20	38	54	73	64	1	67	24	3	69	19	4	21	56	68	39	25	26	
35	36	50	16	51	61	65	18	51	52	23	57	54	38	70	6	11	56	52	48	52	49	39	68	26	43	24	12	56	37	25	13	70	72	3	43	33	66	33	7	39	55	38	67	69	30	47	51	8	21	21	58	44	40	24	71	52	22	2	31	59	24	19	25	73	18	42	27	6	74	29	19	53	64	8	
14	68	29	63	73	48	58	30	15	15	28	55	64	47	54	17	2	53	32	24	23	47	40	46	31	35	49	44	58	13	27	70	3	53	33	51	75	12	56	63	25	4	41	63	26	69	54	1	44	8	74	64	34	37	9	36	71	33	50	50	43	75	19	45	27	52	68	5	57	45	62	6	23	7	42	
23	68	18	21	12	1	19	73	28	53	57	34	43	12	6	67	52	55	8	69	4	54	60	56	33	27	15	11	24	14	50	44	5	66	63	14	64	3	61	68	29	40	22	70	26	2	36	75	58	41	44	32	17	26	9	25	27	30	32	35	33	59	71	13	37	31	7	8	38	62	48	32	74	44	9	
21	43	33	71	20	72	37	26	63	37	32	9	61	28	15	8	35	69	49	21	13	75	18	70	3	73	40	32	68	6	30	64	24	60	57	19	31	16	41	16	50	48	22	10	51	35	67	7	4	39	25	14	22	17	7	14	12	23	27	55	29	47	41	34	7	74	37	36	10	53	49	38	42	45	18	
47	54	59	51	55	72	50	66	8	64	46	71	50	65	13	27	63	58	42	7	39	36	19	71	20	69	19	28	66	40	43	35	15	25	60	67	71	32	32	1	70	1	72	19	62	5	21	48	37	60	29	50	73	45	43	14	36	38	39	24	73	56	33	62	57	15	52	49	22	68	53	65	61	16	6	
41	70	24	62	6	7	13	53	52	55	70	63	65	29	75	11	1	54	18	38	8	30	64	57	25	44	2	14	23	14	16	38	58	14	22	61	71	33	36	44	10	5	31	73	9	3	58	59	31	51	19	37	3	11	15	26	27	11	12	44	74	25	4	56	37	17	14	32	30	28	48	20	27	21	62	
33	51	19	66	5	67	8	39	68	62	49	68	9	35	2	50	8	3	27	60	13	25	48	16	29	70	61	41	71	34	2	4	63	20	66	64	8	72	23	52	56	46	17	38	55	69	10	61	69	11	20	57	12	65	45	14	58	6	30	28	37	31	27	73	47	16	59	27	13	52	75	40	1	74	7	
50	57	59	10	24	44	27	53	53	15	21	64	46	24	66	48	36	17	72	29	37	10	58	61	69	33	35	30	28	75	4	52	55	60	62	1	32	61	54	53	51	47	15	19	45	6	65	2	70	35	5	28	43	61	63	34	68	72	38	18	70	40	49	24	22	7	74	23	67	25	50	39	69	41	27	
36	40	65	13	9	23	15	11	63	50	72	71	41	43	31	32	12	68	74	33	65	1	7	10	35	29	35	67	21	71	16	34	10	4	41	16	1	54	2	61	3	71	55	41	14	7	70	75	51	44	8	38	17	18	21	49	38	53	15	37	24	29	62	39	7	5	22	5	30	21	42	30	66	69	73	
53	49	38	50	21	3	32	55	17	40	51	41	52	3	56	59	24	56	20	30	42	19	26	16	46	21	31	50	9	20	18	36	67	54	61	62	34	15	17	22	52	65	60	4	65	12	60	64	66	2	68	2	23	16	69	38	35	25	70	17	39	5	27	4	33	10	63	57	22	58	1	71	41	37	50	
6	45	32	44	10	9	34	9	1	24	51	37	32	69	74	46	6	51	70	7	3	55	44	58	74	21	36	47	36	65	17	39	32	26	57	18	30	65	75	28	11	48	40	40	41	35	60	42	8	31	23	61	7	65	43	4	60	71	23	19	34	14	32	48	35	12	54	62	52	51	66	59	2	27	5	
35	37	56	52	18	60	72	1	64	36	38	42	19	7	62	12	39	73	40	53	31	25	30	67	74	55	54	32	51	55	28	9	13	58	35	28	41	29	26	27	63	43	44	57	42	33	63	61	75	2	34	5	2	46	46	50	14	24	59	45	62	5	47	65	66	52	15	1	6	16	25	41	48	66	20	
65	67	56	19	41	32	23	43	8	56	12	55	42	9	10	75	58	12	21	19	47	68	5	45	68	15	44	8	38	11	24	25	51	54	18	14	8	39	32	66	15	49	20	53	27	26	28	56	13	46	72	33	32	74	52	75	64	19	6	24	2	3	23	50	54	40	39	37	73	68	30	63	31	22	38	
29	42	40	7	52	5	1	7	35	49	34	10	35	50	11	33	26	12	53	74	40	65	35	51	61	2	50	46	30	66	58	33	31	21	37	57	3	12	38	9	59	69	15	68	18	24	23	43	10	54	15	47	39	24	73	75	23	45	18	27	34	55	60	39	48	68	70	43	8	13	50	62	74	63	56	
66	60	45	30	67	18	19	14	30	17	9	26	37	28	41	38	36	15	69	49	34	59	42	75	58	46	47	15	19	8	36	7	66	3	12	32	70	5	20	23	20	6	23	31	29	61	67	62	50	35	39	6	21	51	55	49	72	1	64	10	11	72	16	52	53	2	56	22	3	71	40	72	73	36	27	
22	19	67	59	43	24	68	25	16	15	1	62	7	75	22	14	56	16	3	2	40	53	52	56	54	45	17	48	16	50	48	12	43	37	68	63	36	34	7	49	47	57	9	51	31	29	39	9	20	40	10	60	15	35	34	44	54	26	66	67	55	38	2	69	48	46	50	6	58	31	28	23	11	42	47	
39	38	8	22	54	22	5	33	12	37	64	29	13	64	17	55	35	28	31	24	73	72	71	53	47	24	55	43	10	12	14	45	47	70	41	1	66	43	32	52	2	69	4	65	55	74	19	67	20	48	11	67	18	57	20	40	56	72	7	61	58	67	6	5	36	44	3	24	62	34	51	38	75	52	15	
29	44	18	17	39	62	24	5	54	3	22	16	33	68	19	16	48	60	71	50	70	14	50	69	72	56	41	9	52	15	8	3	34	23	68	47	59	18	49	36	67	45	49	25	35	42	12	6	1	57	30	72	68	4	59	43	32	27	46	58	12	53	37	20	49	26	64	31	37	29	64	7	55	13	74	
12	52	9	67	50	63	20	41	30	72	74	44	3	18	13	60	27	39	16	21	10	16	8	38	28	69	1	27	46	63	75	32	37	5	2	61	42	16	4	47	62	72	13	62	65	75	22	14	36	11	33	21	24	14	34	25	6	32	49	25	17	46	35	28	26	28	66	42	19	62	64	2	40	73	38	
20	71	33	9	6	41	16	24	39	27	55	61	7	62	12	6	53	29	35	54	28	60	39	72	75	1	52	56	31	25	64	48	70	19	54	50	34	67	72	73	69	26	30	58	61	36	53	37	62	13	63	15	45	32	57	21	22	5	68	50	33	34	74	2	49	51	44	3	17	18	47	65	15	4	38	
73	32	6	7	68	66	67	55	33	65	8	27	10	10	18	34	12	23	5	5	69	28	24	45	40	35	70	21	24	63	25	19	70	7	25	37	72	64	14	1	52	19	26	58	4	17	71	13	15	68	73	5	20	13	29	32	30	13	31	44	51	50	37	43	52	58	2	20	45	66	74	70	59	69	53	
60	61	16	70	73	58	37	52	73	24	75	4	20	63	29	61	34	53	1	51	4	31	27	74	48	67	42	41	49	34	66	33	69	4	5	64	62	35	38	32	56	10	9	2	45	13	34	53	39	30	3	41	33	36	13	6	69	54	41	40	61	37	46	52	7	44	38	43	53	50	68	8	44	55	55	
54	61	11	29	23	14	7	38	44	9	48	22	75	75	60	15	59	64	58	9	68	1	21	31	28	47	73	33	2	49	10	30	8	74	33	28	59	37	40	34	43	12	24	41	61	4	53	17	65	10	26	33	13	42	62	16	18	35	45	61	3	24	66	19	20	25	10	1	55	47	5	72	31	32	36	
13	72	39	28	36	46	26	66	29	65	27	35	49	56	49	9	56	71	71	40	11	15	45	58	43	66	31	37	20	46	31	7	17	60	10	52	6	32	42	31	73	61	41	44	39	14	27	70	5	22	7	65	8	27	23	48	15	51	60	12	19	16	14	33	63	20	57	43	50	24	72	47	3	35	62	
14	21	10	58	1	5	62	63	10	11	7	56	1	32	16	7	49	18	19	56	55	36	36	22	60	27	67	3	2	2	61	65	19	46	45	17	48	30	54	57	15	36	33	65	66	22	69	13	38	62	44	67	25	54	62	59	4	51	71	54	50	37	41	42	5	8	34	28	12	10	6	1	20	14	63	
61	32	31	70	44	15	13	32	9	41	16	60	47	64	36	70	12	48	34	52	27	39	8	54	25	68	54	75	62	63	63	44	71	14	13	35	3	1	43	10	39	56	67	55	19	27	49	5	48	4	31	73	17	38	46	17	2	28	14	42	60	51	4	29	60	69	60	40	65	26	45	30	53	50	8	
45	34	26	47	4	27	75	50	18	10	19	32	62	15	44	22	51	15	2	75	49	66	57	8	30	58	28	29	7	35	7	53	66	31	71	44	37	46	68	47	33	9	53	69	74	71	11	45	60	61	42	12	36	74	67	51	52	15	3	56	48	63	5	12	13	50	39	17	18	20	61	24	38	13	14	
75	7	71	42	41	54	7	47	1	4	35	49	28	47	26	58	68	8	60	3	67	33	6	6	27	23	41	22	24	29	32	21	36	24	61	72	1	42	17	51	42	50	2	67	70	25	48	38	4	9	36	45	14	19	26	15	37	41	33	59	67	61	54	30	62	39	68	44	5	7	10	17	34	11	58	
23	2	5	58	3	62	69	23	74	7	46	65	18	10	17	51	74	52	26	70	34	37	37	66	12	19	50	26	47	51	59	44	53	61	1	28	22	44	48	18	27	68	1	40	52	67	64	48	42	13	17	50	49	29	16	34	45	62	57	66	35	15	32	8	51	9	11	70	54	33	63	55	24	38	13	
74	27	71	20	45	59	34	68	5	37	6	36	4	65	67	67	22	5	75	5	30	56	13	22	7	25	60	49	41	19	33	37	20	8	30	38	59	40	28	62	73	31	71	52	21	60	42	15	43	16	18	66	44	3	63	46	21	44	16	39	37	48	47	32	50	74	72	9	35	16	54	8	23	33	57	
36	69	72	48	6	10	38	69	50	16	31	70	11	73	8	44	9	30	65	37	73	62	25	52	71	16	14	1	34	21	55	45	12	50	67	13	35	27	57	57	17	10	49	25	58	56	44	39	58	32	73	53	68	22	4	61	15	15	74	43	18	37	20	17	64	75	5	16	2	36	70	19	20	23	14	
51	71	55	13	28	60	9	3	50	5	56	33	11	70	66	29	75	2	11	66	60	59	46	73	33	4	43	21	1	59	34	47	30	62	56	54	44	39	31	69	39	13	23	26	51	63	50	25	64	35	65	45	16	10	18	24	62	36	42	57	68	49	38	71	32	56	48	52	17	59	17	35	37	15	58	
62	74	2	11	59	34	46	4	25	53	71	22	38	28	61	69	18	32	17	11	41	48	32	63	64	58	3	68	15	12	42	72	8	43	53	42	50	73	43	54	49	36	68	66	67	29	52	53	2	45	40	70	66	44	56	27	24	29	17	47	38	57	7	20	75	35	59	21	31	24	55	52	58	34	37	
17	37	62	44	69	5	4	61	68	45	14	18	66	41	31	1	75	63	5	19	33	36	74	51	42	75	17	15	52	26	47	44	38	8	11	29	10	12	12	75	31	23	16	72	61	20	70	36	4	50	27	11	60	24	59	22	19	52	34	45	49	55	13	9	60	71	35	67	57	30	64	21	40	53	56	
1	73	49	33	47	74	57	55	55	55	13	52	48	37	9	68	10	60	4	66	43	46	75	32	25	16	69	10	35	43	65	28	14	11	35	34	6	70	15	38	21	21	12	67	36	71	58	40	53	32	6	67	1	2	70	3	17	38	8	50	56	45	68	64	59	2	20	34	66	5	72	18	7	51	54	
30	40	7	66	63	13	68	27	11	43	19	66	54	31	65	19	8	33	61	72	60	64	64	17	32	66	57	10	67	9	35	68	21	39	56	6	49	23	18	35	71	24	70	20	28	57	34	33	73	69	25	23	29	63	14	27	51	74	34	15	71	44	12	14	58	36	69	16	32	75	37	69	4	29	22	
20	62	15	53	23	57	51	20	7	12	30	8	63	71	17	49	41	57	28	29	36	35	22	38	44	72	49	34	59	52	15	54	11	5	4	9	38	31	26	40	36	32	46	19	24	37	42	65	16	43	14	26	1	13	61	18	73	9	23	32	60	36	10	47	15	64	50	48	21	50	67	42	3	17	35	
25	42	75	62	32	17	73	56	67	4	18	6	52	23	27	6	55	36	62	22	25	44	68	71	49	18	34	65	18	16	26	17	54	1	1	8	11	72	39	53	57	52	56	24	72	56	4	49	19	64	68	40	7	41	7	30	50	37	20	46	61	21	57	3	9	56	60	69	50	31	44	74	70	2	28	
63	53	74	12	65	60	54	1	41	13	6	69	36	17	61	2	41	75	55	18	56	33	1	47	57	20	14	55	60	10	49	23	60	45	32	24	5	8	75	43	68	55	14	26	71	46	3	9	18	58	28	71	11	72	42	41	66	52	19	46	38	40	44	71	15	50	69	25	59	67	27	21	51	12	29	
12	33	20	70	48	71	68	42	55	63	5	18	50	31	14	72	64	46	36	34	50	4	26	35	32	17	37	28	32	21	52	18	56	64	15	22	35	2	62	64	61	41	6	8	68	62	74	31	30	6	43	54	60	66	62	19	51	73	39	60	15	65	75	40	47	11	45	56	3	71	44	49	33	24	21	
2	4	16	31	8	72	66	59	56	28	21	43	53	67	56	35	3	38	27	20	61	29	51	14	6	22	53	18	52	70	36	50	48	27	53	55	21	18	13	58	20	7	13	71	70	68	25	48	9	52	63	62	54	13	49	57	33	24	65	7	69	7	34	39	39	58	73	26	50	60	71	75	63	6	40	
49	46	60	19	25	8	56	5	58	66	29	14	21	49	63	2	42	42	7	52	71	39	20	70	11	67	64	52	48	43	12	17	63	44	14	8	51	65	63	6	53	13	69	46	59	52	24	72	69	26	31	38	40	39	30	24	28	15	73	62	32	67	68	18	1	70	23	23	33	9	34	5	18	19	35	
51	47	45	23	35	45	43	70	7	57	75	5	7	12	3	30	19	34	14	36	30	58	30	27	11	13	50	66	4	42	64	55	60	31	49	69	51	17	63	32	46	37	38	28	48	32	52	41	40	40	50	44	20	73	68	7	59	18	44	64	34	33	12	16	36	61	7	10	47	51	38	15	6	69	39	
19	1	63	31	14	26	73	57	20	45	24	74	27	38	40	10	69	44	71	59	2	52	65	60	73	5	21	9	53	64	22	69	39	6	22	56	7	18	8	25	37	25	18	61	60	34	45	28	51	42	9	27	30	46	11	60	47	4	67	23	46	60	70	3	41	11	29	50	15	30	38	37	54	58	75	
11	60	41	36	33	1	42	58	63	14	42	45	31	44	10	52	8	47	22	60	6	2	10	22	4	37	57	13	63	10	60	71	68	23	29	75	73	48	32	59	52	72	3	58	38	11	8	19	54	22	1	34	26	9	51	74	20	8	61	6	15	43	17	57	40	16	55	35	45	12	69	25	3	70	52	
14	56	57	30	7	55	5	34	72	67	60	67	6	65	49	61	54	65	34	35	27	38	11	36	54	71	26	25	46	17	74	34	44	30	61	46	6	41	3	53	28	59	42	9	23	66	41	4	52	73	31	63	6	20	11	37	59	39	56	5	25	29	36	68	34	1	34	47	40	10	64	43	45	28	16	
42	67	54	38	42	28	44	69	7	33	3	15	16	11	69	71	33	72	29	73	32	21	6	40	53	14	26	63	36	29	1	74	18	52	8	34	55	48	27	35	56	17	46	75	11	19	59	19	10	60	66	11	4	70	48	54	61	49	22	13	5	14	56	67	43	61	6	16	9	24	24	62	12	67	30	
64	5	62	54	11	44	45	70	46	35	41	74	67	64	20	1	38	24	31	4	39	16	2	29	21	75	51	5	73	39	8	40	17	68	10	25	43	50	69	1	60	32	74	48	75	58	23	8	56	52	12	17	41	14	43	42	5	70	15	53	29	22	9	44	10	18	47	55	64	37	49	52	39	26	16	
8	41	13	12	19	64	17	12	25	22	51	58	2	42	47	53	44	64	59	61	72	48	28	32	34	32	45	54	68	27	46	73	65	54	66	5	39	74	13	48	75	51	71	1	54	40	43	20	27	3	3	71	50	3	25	55	36	66	9	75	14	48	52	52	29	29	62	38	26	42	57	17	10	43	63	
31	58	3	49	59	2	25	52	21	2	4	49	32	40	55	6	28	1	50	2	75	57	30	37	52	46	8	67	26	25	29	51	5	33	73	38	9	21	19	72	72	11	45	26	30	72	6	26	71	34	35	45	10	43	2	56	73	59	24	70	63	46	44	38	47	41	74	53	34	14	18	36	68	60	44	
14	30	10	14	75	38	13	44	19	39	20	72	11	1	67	4	56	13	22	16	57	35	12	3	67	74	18	70	61	53	73	48	59	5	64	31	40	69	69	33	8	62	3	5	37	7	69	21	54	65	4	10	23	68	66	23	41	3	56	18	34	51	42	60	55	22	17	71	11	55	2	70	43	1	24	
72	66	30	60	19	19	39	27	37	27	11	23	59	74	4	54	67	26	15	48	62	10	57	25	49	34	19	42	71	18	2	43	57	9	25	3	71	38	1	30	40	8	27	72	46	25	51	44	28	36	13	6	31	58	21	64	67	47	5	41	29	7	1	12	59	14	57	56	35	55	57	48	36	20	45	
4	6	63	15	29	19	14	28	34	47	24	73	36	36	75	74	62	1	45	68	34	20	49	9	55	75	63	23	37	43	40	12	46	25	24	49	52	11	52	50	32	73	43	42	33	41	11	16	16	53	58	24	70	4	31	22	3	67	19	17	44	35	21	53	56	16	25	72	1	2	59	51	69	58	48	
74	75	58	63	64	6	43	9	51	22	15	47	22	3	68	28	10	19	21	62	48	34	8	39	32	7	54	36	47	38	4	20	6	32	16	43	36	24	50	9	42	44	53	37	15	18	63	23	11	5	6	52	14	12	64	29	64	40	33	10	54	32	30	31	45	13	69	73	3	27	55	26	53	8	55	
67	19	37	18	75	20	70	48	5	51	34	24	37	49	50	21	23	57	25	44	18	26	14	64	5	28	46	19	6	45	71	56	40	6	30	35	74	17	58	75	65	13	29	1	39	43	19	27	22	15	47	55	32	59	1	31	7	38	35	63	57	2	25	17	3	28	53	73	42	28	52	9	16	62	4	
48	28	72	55	26	9	18	36	22	70	33	9	51	46	14	13	25	11	31	41	64	34	63	36	1	14	4	2	3	41	5	25	45	50	72	65	47	62	22	29	54	53	35	6	21	31	9	20	32	15	57	70	52	20	37	18	8	7	17	8	66	71	14	9	42	56	49	58	39	69	75	67	19	9	68	
14	29	48	32	58	68	63	27	6	5	36	21	10	33	22	68	57	4	73	35	20	47	57	1	57	49	41	45	40	51	8	59	73	53	5	39	13	66	55	15	45	60	10	30	16	20	26	46	73	66	48	18	12	27	57	67	48	31	33	11	64	38	43	61	65	38	64	75	3	42	70	22	25	72	49	
15	66	66	24	62	32	47	54	41	71	31	30	23	48	37	25	11	49	58	45	37	70	31	11	50	51	74	66	44	45	38	57	33	3	52	17	46	19	66	55	72	71	75	5	20	16	5	26	59	40	53	69	35	1	3	58	21	50	41	60	22	60	34	27	51	63	18	57	7	57	32	64	50	6	43	
43	63	43	68	43	4	10	12	13	8	65	52	73	13	69	55	29	37	12	27	66	67	40	19	41	71	48	26	21	20	63	61	4	15	31	23	5	36	33	60	13	70	34	11	4	21	61	18	33	47	30	74	13	49	10	51	15	32	52	38	44	17	22	23	71	17	46	2	25	54	52	44	50	60	59	
16	56	61	20	13	23	28	60	10	68	62	38	56	66	59	18	30	45	2	55	35	16	67	4	38	36	30	50	54	22	69	63	42	39	58	27	53	1	5	20	44	63	52	20	32	33	7	53	3	4	15	32	71	43	10	6	57	37	51	22	25	13	64	70	34	37	13	39	10	17	65	49	72	29	46	
3	39	46	26	31	25	3	40	69	44	45	71	24	57	21	15	4	31	6	63	31	5	73	64	10	9	53	33	42	40	54	30	72	75	54	2	16	43	36	8	72	58	73	74	47	70	13	49	23	55	20	27	48	71	65	32	60	11	62	14	41	12	35	15	4	66	19	69	18	18	7	17	48	56	51	
5	34	51	14	30	20	11	53	42	74	17	48	47	16	9	31	53	70	62	64	50	24	41	43	38	57	9	27	4	28	72	10	59	47	74	63	45	53	21	54	55	29	25	71	44	7	32	70	6	58	36	21	19	67	57	52	23	40	40	24	65	32	8	23	60	73	8	66	49	1	41	2	26	39	42	
41	48	38	34	16	73	59	35	73	25	65	12	26	27	51	20	66	61	23	11	5	69	68	2	17	63	6	63	64	42	7	24	9	39	36	74	32	68	5	4	10	67	14	13	69	38	22	57	64	19	43	75	10	33	32	1	18	42	38	3	75	39	15	58	53	28	30	59	14	30	71	72	21	49	10	
68	8	73	42	70	12	7	37	71	38	63	47	30	20	7	6	72	21	2	25	71	27	53	52	14	2	39	16	22	23	56	4	62	28	21	33	15	4	44	11	18	34	32	43	17	45	46	10	49	59	41	19	47	3	74	56	54	3	48	75	67	17	50	20	35	44	51	29	60	40	31	57	4	36	71	
19	50	38	25	60	57	30	1	24	7	67	59	58	68	23	36	26	6	9	43	21	18	13	48	36	3	49	17	71	54	7	14	12	22	19	69	56	38	70	49	20	34	28	74	1	16	27	24	72	74	65	16	14	52	33	53	20	57	36	65	9	26	2	35	11	62	62	61	71	29	39	12	64	54	66	
37	59	12	58	38	56	22	29	67	48	34	17	65	13	24	53	71	16	26	14	24	61	72	6	62	26	11	40	65	39	23	27	7	5	50	41	58	75	41	30	14	73	36	3	59	39	29	52	47	29	64	46	28	31	26	45	34	34	1	8	53	73	18	50	2	44	67	55	20	32	1	33	5	35	19	
56	20	24	35	64	51	13	10	36	19	37	72	44	40	48	39	10	42	13	34	16	41	22	5	49	30	44	53	22	31	41	1	46	40	5	11	13	71	22	46	9	46	21	27	60	62	29	67	7	25	24	17	64	20	70	12	19	8	32	38	45	72	13	54	38	23	58	33	6	73	43	64	15	55	17	
50	64	17	39	22	38	40	32	2	54	14	11	70	14	17	16	20	10	70	65	17	8	44	34	63	13	72	49	5	55	37	58	66	51	68	3	67	23	24	61	74	75	46	45	62	60	49	3	68	49	41	7	24	61	16	9	69	10	36	48	33	52	73	71	4	56	71	52	23	55	35	1	51	57	18	
38	38	64	11	17	29	49	13	23	30	2	6	74	6	25	19	37	54	24	8	22	64	54	71	65	31	5	35	3	58	46	15	18	10	72	20	12	45	3	39	47	63	47	19	56	40	40	66	68	44	70	21	9	48	19	44	53	60	52	26	42	72	36	41	1	27	28	4	46	3	4	69	52	31	61	
7	65	70	72	35	16	39	21	17	58	75	67	29	57	28	56	70	5	9	26	2	12	23	59	32	38	57	73	50	62	39	53	32	25	27	39	54	35	60	64	19	55	8	46	34	15	17	26	14	75	24	68	62	25	44	69	42	33	43	66	71	74	18	11	18	37	24	27	10	4	3	59	35	61	31	
64	3	15	64	34	12	71	18	48	7	39	16	25	45	54	63	16	31	10	1	44	14	29	40	8	24	38	39	55	64	62	22	28	73	59	58	60	20	48	12	21	14	19	19	40	70	15	30	16	6	32	29	27	46	72	71	46	1	37	21	62	68	11	64	67	42	41	24	55	23	23	50	67	43	66	
9	9	47	28	2	49	52	6	38	20	44	13	60	19	39	54	61	4	41	41	45	3	56	62	59	42	55	31	8	69	66	11	52	34	33	53	54	7	29	67	1	45	73	33	61	22	9	50	12	22	54	48	37	15	5	63	65	58	48	30	57	37	40	21	44	68	44	46	51	45	14	66	17	54	23	
70	9	68	27	66	1	35	34	75	40	40	41	69	64	30	23	10	25	33	5	64	11	46	65	52	6	42	71	75	24	41	45	74	2	26	39	57	58	47	39	4	64	3	32	43	72	20	27	17	38	29	1	22	50	29	54	37	10	44	35	73	62	3	34	51	29	8	16	61	19	36	51	13	12	60	
