29	26	56	22	35	65	43	69	25	63	9	74	70	32	57	75	71	3	74	72	64	57	23	63	42	8	56	11	56	68	3	28	35	59	12	44	24	52	35	46	14	18	20	7	47	51	4	40	52	53	32	15	9	30	75	49	11	54	57	66	21	34	14	55	68	1	19	14	50	28	36	61	43	58	42	
12	25	20	50	51	47	56	40	54	7	37	2	15	65	33	1	8	65	66	58	55	62	74	67	11	24	22	46	41	48	10	52	49	4	74	21	49	53	57	2	59	68	1	60	55	31	21	61	70	9	42	63	45	13	14	64	16	32	23	49	69	5	26	27	6	18	17	29	71	72	28	24	19	3	44	
68	9	40	27	1	45	65	23	12	52	32	39	61	38	57	33	66	59	28	11	40	44	2	66	13	24	69	10	37	46	28	4	29	65	30	5	34	67	25	19	42	31	35	25	70	64	36	55	23	57	41	60	75	17	25	8	16	71	67	50	37	18	51	40	7	53	42	14	43	41	6	15	70	16	6	
36	74	34	65	19	13	5	53	10	72	1	68	10	66	58	34	2	49	59	17	52	34	56	38	74	73	18	55	41	28	60	74	25	15	38	20	25	21	69	10	12	67	75	71	32	54	27	9	26	8	23	52	16	53	64	65	47	5	42	11	7	23	61	6	12	3	22	34	14	70	41	72	31	24	4	
60	67	66	43	67	48	63	18	61	16	4	48	62	58	13	45	63	10	2	66	19	47	62	27	55	49	43	26	3	55	65	37	21	53	5	10	23	40	25	59	53	28	6	12	59	17	31	44	75	8	11	68	52	69	20	7	22	35	30	69	14	24	28	32	46	5	15	50	42	38	1	70	39	4	56	
20	18	61	39	67	66	46	58	40	14	50	44	29	7	49	21	68	41	23	22	60	25	34	25	43	46	24	9	59	26	62	1	17	22	37	63	10	57	15	27	69	62	45	72	48	66	70	34	30	13	52	11	35	60	12	51	5	31	57	64	30	19	65	21	38	71	2	21	28	14	32	19	74	42	65	
16	25	55	47	51	67	74	36	74	33	44	47	37	50	27	19	2	20	53	73	31	47	72	49	72	9	43	65	56	2	52	47	24	6	16	51	68	64	8	65	21	54	11	53	75	12	69	57	29	45	45	34	66	18	5	37	1	23	25	30	22	50	3	46	54	13	15	26	50	4	60	71	21	70	42	
16	55	10	63	58	52	7	14	17	20	69	51	16	14	50	42	33	22	37	51	53	23	41	68	70	35	51	59	53	19	74	44	71	7	29	52	36	11	63	48	28	54	21	43	42	45	5	73	41	39	24	13	36	38	55	27	71	30	60	23	25	56	41	15	61	45	46	18	54	3	61	4	32	56	47	
71	75	21	43	38	35	64	48	68	24	26	69	69	28	51	67	47	30	30	36	64	72	51	2	24	52	37	25	5	68	41	74	65	39	16	27	68	3	49	35	1	73	4	67	6	52	33	43	56	38	53	43	9	26	19	31	54	31	32	55	73	45	29	60	3	40	60	46	17	31	57	15	7	59	56	
72	8	12	14	61	24	41	3	30	64	72	58	17	25	10	66	20	29	67	54	32	6	15	50	21	42	27	9	18	7	63	12	11	49	75	46	70	39	47	22	2	18	55	16	19	40	54	13	66	43	62	71	26	51	42	44	14	68	25	9	73	10	69	54	33	65	1	2	4	23	74	5	36	50	28	
50	64	42	58	29	59	19	21	57	67	60	21	55	48	20	58	17	27	47	45	34	11	42	10	10	61	5	62	70	30	26	43	16	65	74	19	25	16	37	3	5	22	73	34	41	67	15	32	68	36	75	24	44	16	31	33	2	12	66	43	38	13	8	28	51	4	43	72	69	2	49	48	71	23	6	
34	10	69	40	52	27	37	73	46	28	3	72	1	10	35	41	22	45	46	47	18	25	64	64	16	40	12	62	33	7	42	41	66	32	3	43	56	15	35	2	44	12	48	17	20	5	53	39	47	74	59	62	21	49	26	11	8	35	50	19	40	14	53	7	39	30	51	70	42	54	68	57	62	38	68	
56	40	21	69	61	17	50	22	12	70	45	72	52	55	42	64	69	51	16	71	63	43	13	57	60	65	22	38	24	34	6	2	71	25	68	31	15	17	53	1	61	72	70	14	47	11	50	18	35	63	9	20	6	19	49	63	58	73	75	2	26	3	4	70	5	43	7	65	36	49	66	70	21	33	8	
40	41	52	52	73	15	35	67	18	52	38	3	30	6	75	7	5	53	5	49	28	23	47	68	32	70	31	24	11	60	3	25	1	53	2	48	65	33	38	8	58	50	57	62	34	54	66	32	9	46	56	32	68	25	74	20	70	26	18	59	61	19	10	63	54	51	29	36	12	42	12	37	66	69	21	
18	19	61	25	23	29	55	29	69	2	25	11	46	25	4	23	9	20	22	64	63	70	68	71	48	8	56	59	72	44	3	64	37	60	11	57	64	41	61	55	39	59	41	8	7	42	6	12	59	5	51	21	47	20	65	16	24	43	49	17	9	50	55	45	8	52	75	46	10	34	26	27	28	61	73	
72	2	75	58	36	74	31	54	42	23	40	32	44	5	4	35	63	26	12	6	8	49	55	51	48	11	49	60	1	32	56	47	32	29	28	64	27	33	17	41	54	33	50	20	11	48	29	71	52	38	51	57	61	5	30	8	66	51	65	64	9	21	13	11	22	36	53	45	66	67	59	42	69	34	36	
2	51	62	48	22	74	73	51	58	1	53	62	64	26	28	27	28	21	35	14	40	68	61	58	34	25	41	50	67	43	9	67	69	45	14	13	42	10	61	23	7	36	58	70	59	7	18	61	24	50	49	38	18	32	19	52	30	33	21	20	50	4	61	44	47	72	50	63	3	10	65	8	20	39	54	
53	19	65	37	41	16	8	55	30	15	69	1	19	1	71	13	48	73	71	12	19	66	35	4	66	43	59	48	60	20	20	36	36	61	47	51	72	29	27	1	18	70	51	35	69	44	45	42	39	17	24	56	3	57	33	43	23	15	67	58	32	9	14	42	49	35	21	13	62	22	11	54	63	59	24	
52	27	31	66	39	44	64	68	21	43	24	39	40	13	26	18	42	8	6	58	25	39	48	34	75	62	42	51	23	23	37	72	28	42	38	59	60	24	29	4	41	47	16	3	57	17	71	73	22	73	32	44	11	1	52	61	38	17	11	63	37	30	29	35	64	45	20	49	39	19	20	2	60	36	54	
17	48	46	64	44	19	18	62	27	68	37	63	28	28	70	60	39	14	11	74	49	50	60	66	10	73	8	62	34	16	38	24	38	67	10	58	75	2	18	25	44	29	60	69	54	52	28	20	40	36	12	65	60	71	51	45	41	36	31	69	30	42	15	60	23	22	16	21	73	31	33	39	59	1	7	
11	26	32	24	41	43	7	26	25	48	75	43	9	8	69	75	29	32	13	63	51	8	1	44	56	7	58	70	39	55	74	49	57	5	46	19	22	50	42	44	72	16	10	3	73	53	52	25	59	61	62	12	54	38	60	22	45	7	68	62	60	64	24	17	41	44	31	60	74	47	4	65	61	66	64	
56	15	38	55	71	74	40	2	19	75	26	13	16	30	75	68	64	36	66	1	51	33	6	33	24	51	11	9	35	71	47	64	8	60	20	53	33	34	29	49	7	52	34	21	57	32	62	20	41	50	22	14	57	23	45	3	47	56	62	60	27	10	25	6	65	37	58	73	65	9	41	69	42	72	63	
66	3	47	8	41	20	1	53	51	73	72	52	42	47	12	20	45	18	36	49	57	68	28	53	32	10	67	75	42	39	61	30	16	7	13	54	74	11	6	50	9	75	2	46	22	59	40	64	74	4	12	31	40	37	57	69	48	24	43	61	60	2	68	49	5	5	26	53	11	6	23	65	14	70	15	
75	51	48	38	25	42	48	56	4	7	10	47	26	29	64	62	63	63	50	34	43	51	34	17	31	15	37	18	68	6	25	65	55	69	25	2	10	49	29	11	52	35	32	52	39	18	37	75	57	60	33	19	30	40	36	36	53	45	28	44	49	54	6	41	20	6	3	5	58	46	67	1	37	21	51	
72	11	61	70	64	44	2	5	48	17	13	6	42	56	32	6	4	57	62	27	73	65	3	51	37	28	38	36	39	54	66	33	62	44	7	25	12	55	30	56	67	38	39	29	68	69	9	72	44	47	70	18	32	74	65	71	72	34	2	35	53	60	41	15	8	19	37	75	67	40	41	31	52	51	43	
42	39	41	34	57	60	3	48	14	71	36	55	43	35	31	73	63	13	36	75	14	27	11	74	16	26	14	44	2	62	75	38	4	15	48	55	1	24	25	61	69	37	38	33	45	66	5	7	54	15	5	42	40	64	16	53	12	26	72	59	63	69	72	47	58	17	18	52	46	13	50	29	23	47	49	
42	12	39	46	63	52	24	27	14	62	39	64	71	39	59	29	1	27	25	35	7	38	23	36	50	10	44	54	7	65	13	46	73	51	14	60	23	16	66	15	74	23	52	65	37	7	68	10	31	14	43	17	26	41	21	73	49	61	53	56	24	67	72	19	8	69	75	6	70	58	14	75	54	2	28	
63	65	18	71	71	30	12	58	52	49	2	25	70	36	71	20	57	31	14	73	35	72	50	37	64	5	25	53	38	8	52	19	48	67	66	41	73	73	21	22	45	71	44	13	29	15	30	60	19	42	32	51	17	2	62	54	56	62	1	11	67	49	6	14	39	64	32	8	59	24	34	2	22	46	68	
20	58	17	54	74	33	9	24	20	60	61	68	39	45	65	24	11	13	3	2	25	64	26	31	22	48	57	74	40	24	67	34	57	52	10	30	6	18	29	28	51	12	65	15	31	55	13	16	42	14	19	62	49	21	15	46	36	47	40	72	43	75	28	23	50	25	27	53	3	56	49	59	39	37	60	
67	63	45	5	25	53	68	9	74	4	73	40	37	41	55	8	5	52	11	3	22	21	26	48	21	54	72	71	14	10	29	3	70	48	57	15	74	25	75	70	6	68	33	36	11	62	19	62	37	27	38	32	22	61	56	17	13	49	64	24	54	65	1	44	35	55	34	9	60	6	2	58	50	12	66	
53	68	5	37	2	6	72	32	2	34	9	16	45	55	52	63	10	39	61	26	48	16	36	54	67	38	30	19	9	35	5	59	3	62	71	1	64	42	30	40	72	13	52	18	42	27	51	47	39	11	71	22	4	4	66	42	43	13	69	22	23	38	7	21	20	49	73	56	15	25	17	59	12	66	50	
51	66	72	21	27	5	66	10	56	44	68	20	6	57	53	25	75	14	4	70	8	26	64	61	14	63	75	73	72	40	16	45	5	11	40	7	65	8	18	24	47	9	15	27	35	65	26	31	55	27	1	58	50	39	41	62	24	19	31	71	33	22	14	34	12	52	36	68	32	24	13	52	26	28	1	
34	60	25	39	37	26	36	67	50	72	8	11	72	21	39	62	49	34	74	55	38	28	66	27	53	12	13	28	15	7	4	43	41	25	6	74	29	15	40	73	9	45	6	54	63	19	42	11	50	35	40	10	33	28	17	9	44	75	14	24	56	11	67	16	11	43	64	47	55	27	5	39	70	18	20	
32	24	27	41	49	59	4	57	14	5	41	73	17	37	57	38	10	43	25	7	51	67	62	58	20	11	61	33	55	45	45	9	68	70	23	36	28	22	66	16	3	29	63	15	40	42	54	23	8	75	21	32	39	59	65	34	43	48	63	25	65	31	26	52	1	46	62	2	44	27	69	42	31	53	54	
67	17	4	64	75	1	8	28	13	40	67	42	5	14	6	23	3	32	24	51	9	67	12	57	15	37	47	24	65	21	53	31	12	54	17	8	27	74	10	36	36	55	56	39	62	57	59	63	60	56	16	64	22	20	25	28	33	64	52	70	7	2	27	17	66	14	11	1	68	61	34	26	34	71	35	
15	35	67	72	69	46	57	32	65	74	49	68	4	35	40	71	39	16	68	30	64	56	3	62	41	35	70	37	63	29	68	53	64	58	24	30	3	3	59	65	75	30	60	52	39	73	45	54	7	12	5	45	65	66	32	6	17	1	40	2	28	7	31	5	39	48	14	39	48	50	8	21	75	43	70	
14	25	15	64	6	23	66	49	63	23	52	67	36	51	5	11	50	9	35	33	46	7	21	7	28	68	60	47	41	17	18	52	38	28	39	22	26	4	40	10	24	19	50	57	42	29	43	61	44	74	20	56	55	11	37	5	75	20	27	38	34	40	12	45	69	47	61	64	48	22	53	68	13	21	25	
23	28	63	6	57	37	71	35	13	8	70	67	54	64	15	14	19	29	26	61	67	44	43	55	13	39	24	56	25	19	57	22	40	41	3	20	2	71	31	61	50	73	53	26	60	40	16	75	66	34	36	59	58	4	31	65	18	52	20	13	45	69	32	9	10	33	2	62	3	29	17	30	1	68	51	
57	4	39	32	68	71	64	46	45	39	51	7	27	3	74	37	45	44	43	50	25	52	49	4	54	52	73	51	53	36	1	6	35	38	12	26	8	56	48	29	64	20	34	19	71	9	24	38	47	41	63	45	13	34	23	37	60	15	11	9	55	61	65	10	21	74	5	28	65	59	58	10	40	57	72	
8	59	19	44	4	34	29	46	22	37	66	56	20	3	41	3	23	24	65	23	21	62	75	25	9	27	68	69	32	24	64	38	58	3	11	59	13	7	4	30	18	46	7	35	26	22	14	45	21	1	38	16	36	42	38	43	53	2	32	10	21	17	47	53	68	28	34	54	24	12	5	40	53	61	52	
71	6	59	11	1	36	47	13	67	5	42	8	55	16	14	59	35	5	1	62	50	18	71	23	17	5	25	54	43	9	2	3	63	37	15	61	67	58	51	56	60	65	64	35	4	74	68	19	10	66	72	45	69	65	68	73	46	64	26	75	70	25	20	32	24	12	28	24	7	39	21	22	27	39	53	
3	34	18	12	9	59	6	28	23	45	67	14	11	53	12	10	21	34	57	50	68	63	40	13	24	55	65	41	74	26	69	50	35	64	59	18	38	39	43	52	6	15	38	67	59	47	72	54	58	28	4	25	13	22	32	19	67	5	25	42	20	16	17	54	66	56	67	7	7	26	30	63	24	44	60	
48	12	23	25	42	49	26	61	35	18	71	43	7	62	66	21	6	54	30	31	16	50	73	69	57	4	22	40	68	41	66	39	27	11	44	65	56	63	48	67	53	15	36	58	74	69	55	1	19	56	6	33	29	75	24	6	59	20	21	44	64	8	5	3	68	47	45	51	2	65	10	50	2	14	6	
74	5	33	49	21	10	29	29	36	26	25	16	56	42	33	22	72	15	74	52	5	13	14	25	62	53	32	11	54	47	68	26	23	20	49	17	30	75	44	38	75	41	51	28	6	60	22	58	48	70	27	28	59	13	50	18	40	57	26	67	74	66	15	24	60	39	10	65	12	31	22	63	73	47	12	
45	5	9	19	51	2	20	1	56	6	25	71	42	59	72	32	53	37	21	46	23	34	30	5	43	56	75	4	41	22	14	60	24	73	54	49	70	47	24	25	48	51	25	64	3	67	74	52	1	16	72	26	21	27	71	63	52	50	70	68	66	51	55	10	57	25	33	15	8	62	38	14	29	31	58	
73	20	44	47	16	31	18	8	53	17	54	34	66	21	1	56	7	22	5	66	41	26	22	53	68	72	65	57	69	17	30	64	9	71	11	74	32	3	4	75	17	32	12	6	51	50	36	33	46	37	2	23	38	70	39	28	63	24	58	31	15	11	18	25	3	10	17	13	55	71	47	14	25	48	49	
50	72	59	7	40	19	52	24	55	42	58	56	8	60	36	9	68	23	1	65	72	53	3	70	29	48	39	73	71	63	44	20	56	3	1	71	19	48	17	47	13	49	2	66	4	14	73	69	29	2	55	27	22	33	15	49	4	37	21	51	65	62	66	22	62	64	16	55	18	5	1	24	30	75	61	
28	9	57	72	12	25	27	33	45	56	22	70	34	25	11	56	13	47	44	29	10	8	42	61	18	19	62	7	43	37	64	68	18	21	39	32	41	63	58	8	20	53	54	26	1	58	17	9	36	23	35	11	31	49	69	14	65	28	24	38	39	56	73	52	72	34	4	40	71	55	43	11	45	42	46	
4	23	37	10	25	57	43	34	59	14	5	68	53	9	60	6	38	38	52	12	33	60	16	41	53	40	33	39	44	73	48	46	72	58	55	17	17	70	26	71	59	24	37	42	75	20	14	35	54	63	21	61	25	7	1	49	50	51	9	65	3	58	11	74	13	36	61	27	29	59	15	62	56	54	16	
53	43	27	67	72	64	10	54	60	9	52	31	26	61	14	65	35	42	65	5	51	73	63	71	74	22	66	55	75	10	70	50	50	1	35	45	32	17	73	14	23	24	19	23	8	33	7	37	49	46	18	20	20	1	71	15	72	53	2	69	33	36	19	11	3	29	24	33	41	21	21	38	40	25	39	
19	20	43	30	64	61	43	7	75	18	74	12	13	18	54	56	51	64	72	28	65	23	52	73	38	41	66	1	56	3	30	55	20	43	4	6	5	18	62	74	33	32	66	22	46	14	2	68	74	48	25	36	65	44	6	26	57	69	73	34	47	26	58	63	45	55	49	42	47	8	16	54	35	51	9	
5	62	45	45	43	12	59	68	64	3	71	53	52	39	47	61	7	48	39	44	13	16	62	52	37	66	42	14	19	15	7	70	51	26	37	9	36	71	54	63	66	21	36	40	58	6	22	39	50	35	8	37	56	65	67	59	55	28	73	44	41	57	38	68	75	60	71	10	49	21	72	32	46	27	69	
72	29	49	33	53	72	13	64	20	54	55	1	25	52	68	44	67	42	7	54	39	48	27	46	12	43	40	13	57	38	54	51	41	74	60	69	62	69	56	4	63	4	3	43	61	45	10	50	11	65	18	28	8	17	42	70	58	58	3	37	13	32	11	30	21	59	23	58	16	73	59	34	74	41	48	
49	4	54	65	62	15	58	59	24	72	6	10	52	63	63	69	38	68	51	66	64	15	6	45	24	57	2	29	49	13	75	72	67	27	37	50	39	19	9	34	63	7	18	23	31	56	1	66	53	47	30	9	37	35	27	36	61	3	71	8	16	56	21	1	60	14	26	20	5	31	40	65	38	43	55	
62	21	52	28	40	73	55	25	8	65	47	17	48	25	2	50	36	30	27	11	11	15	37	3	19	62	6	57	4	45	33	32	39	60	58	54	55	11	52	38	71	73	59	15	23	25	41	29	29	44	40	30	53	68	18	68	31	68	51	23	12	63	54	56	36	34	9	66	40	35	42	10	26	5	74	
39	74	36	42	26	75	11	36	28	67	27	68	21	15	14	16	23	66	69	48	24	74	44	12	11	45	12	72	64	61	67	5	58	2	43	10	50	46	39	6	8	62	64	1	72	58	14	70	51	54	38	40	25	56	26	13	24	38	4	14	19	45	63	51	52	26	55	17	47	67	71	45	33	29	20	
22	7	9	68	42	38	26	60	37	10	3	45	25	17	23	10	30	42	70	54	12	69	30	1	33	20	63	51	21	66	71	17	74	75	5	11	11	28	64	45	15	61	13	31	72	16	25	74	62	4	50	32	48	54	8	2	51	45	55	66	35	26	5	29	67	9	28	3	9	65	42	18	24	32	19	
69	35	26	66	59	3	15	65	47	44	7	46	67	36	73	54	70	11	33	68	72	14	4	69	23	52	10	6	50	36	19	41	46	42	8	26	43	71	13	64	37	57	31	25	15	75	53	56	4	18	28	52	71	60	18	66	11	27	68	61	59	12	22	27	48	25	30	64	1	16	51	35	2	54	29	
59	50	58	51	29	39	31	4	30	13	17	17	22	40	7	1	73	66	19	75	14	18	25	75	62	44	22	66	29	52	15	10	26	44	21	28	9	54	2	7	62	16	23	54	30	3	56	5	67	46	74	1	38	6	53	23	34	70	12	36	18	75	24	20	42	16	41	31	39	43	23	72	28	45	57	
32	22	23	35	7	43	14	57	5	1	28	4	8	70	8	43	11	58	35	24	73	29	37	15	61	74	34	32	75	50	3	40	43	9	59	33	41	38	3	20	36	6	17	41	73	1	56	59	31	67	56	39	12	15	27	47	62	22	10	37	71	23	64	12	53	22	37	13	57	34	18	16	44	20	31	
9	68	11	64	24	50	21	30	62	31	32	5	68	52	3	27	25	55	71	32	26	10	65	10	63	70	14	53	6	7	59	12	75	66	73	68	37	14	16	70	19	41	72	61	67	46	64	10	20	49	15	16	60	2	23	22	42	13	45	47	66	27	54	38	66	35	28	4	23	17	70	7	51	40	1	
21	13	50	26	2	4	36	70	51	11	14	43	47	72	11	74	61	11	42	21	75	42	24	56	53	33	21	34	62	58	22	73	40	48	20	16	20	30	6	68	35	69	11	59	62	71	21	23	4	64	17	53	1	37	28	51	3	45	63	49	2	56	36	18	25	38	39	42	45	33	9	51	75	6	29	
60	69	47	56	65	6	75	16	6	7	18	29	49	60	17	72	37	67	16	53	63	30	55	7	71	64	74	41	61	54	45	19	42	66	9	1	47	43	19	25	54	7	58	19	66	37	20	2	1	26	25	70	52	3	40	21	63	22	57	22	50	15	39	63	73	11	61	34	51	52	56	12	55	7	13	
24	41	1	67	15	7	15	50	27	69	9	48	29	10	75	49	30	74	63	16	61	71	5	68	25	23	47	17	52	31	1	67	44	8	33	56	50	45	28	9	34	11	22	37	2	18	8	21	61	68	39	44	41	4	13	51	6	32	62	53	58	61	19	26	34	54	57	58	72	56	35	75	43	47	36	
30	36	22	23	17	5	32	35	15	12	46	63	10	73	24	31	54	59	29	51	20	67	7	59	33	58	3	30	8	45	72	27	53	1	25	45	57	50	5	67	55	43	29	38	16	51	44	43	33	60	69	35	28	9	70	56	37	67	9	26	12	47	26	39	34	47	6	74	21	60	45	49	75	44	62	
13	17	24	54	28	56	45	20	4	19	10	59	40	54	41	39	37	12	62	57	26	32	54	6	26	34	14	49	32	64	29	21	46	30	47	66	4	68	60	5	3	71	37	18	18	2	58	36	61	22	2	7	45	55	54	48	62	65	74	68	29	72	16	62	18	31	27	1	20	10	49	73	51	8	12	
43	56	41	73	35	54	69	14	1	22	65	18	59	29	9	26	24	75	10	8	17	39	19	60	56	16	33	52	42	14	40	6	2	75	50	23	28	20	11	23	25	51	38	74	54	41	71	3	15	4	6	28	46	59	63	18	71	16	44	12	26	7	14	66	55	57	67	75	53	72	27	65	37	13	45	
73	30	29	74	45	30	48	38	67	27	23	59	73	19	75	12	14	51	75	3	36	29	46	73	58	11	71	44	31	50	54	26	5	10	69	28	11	14	41	72	16	63	30	24	9	28	67	61	2	40	61	3	42	8	4	25	15	39	33	36	13	9	37	74	62	5	35	68	20	44	52	43	75	49	14	
47	46	54	31	21	11	65	17	26	62	59	15	68	20	43	4	20	25	14	69	61	19	44	28	30	60	41	35	56	12	45	29	50	22	52	68	7	23	59	32	75	40	41	43	53	48	21	48	46	33	14	29	51	56	34	50	13	72	5	73	74	37	66	36	43	42	14	55	52	49	44	27	9	10	64	
59	31	64	5	66	18	17	68	38	47	73	60	57	65	44	23	40	61	15	67	3	24	51	23	52	18	1	74	26	42	43	58	59	1	62	19	16	74	63	25	22	57	8	53	21	23	72	65	5	4	45	69	2	10	3	55	25	42	29	23	4	38	9	32	36	68	48	25	34	61	37	56	40	30	26	
61	26	73	15	28	51	52	63	50	36	62	74	58	2	19	55	54	33	56	60	65	40	8	64	47	46	11	21	58	18	21	16	38	68	29	42	40	5	23	65	38	66	60	75	58	70	48	11	12	24	68	49	36	52	9	6	20	25	1	74	30	28	11	43	9	26	6	30	22	6	9	39	67	50	14	
25	71	33	1	3	55	67	31	66	39	29	49	30	22	43	2	26	37	64	63	27	73	45	41	35	43	28	30	7	65	20	66	60	50	65	34	14	53	32	40	68	26	9	71	24	46	75	41	5	58	10	75	62	41	43	37	58	40	59	57	5	51	46	33	44	15	38	72	61	38	39	24	72	37	70	
3	61	68	16	37	40	14	37	60	29	46	19	12	5	48	40	55	28	8	9	30	17	21	63	47	59	18	45	41	32	39	18	61	72	8	24	9	73	52	66	26	74	62	34	52	25	66	38	21	48	13	41	43	31	45	57	10	37	3	24	75	12	42	47	11	21	65	22	27	20	7	33	63	56	35	
37	52	75	75	46	22	49	51	32	21	19	11	14	67	62	28	14	71	40	35	1	58	9	11	59	13	64	1	66	13	12	10	43	8	53	29	31	26	55	57	15	48	43	73	72	30	3	9	72	20	18	74	44	15	54	12	7	16	63	4	2	6	56	42	1	27	42	8	17	2	35	17	41	60	5	
10	53	51	68	47	53	16	16	29	21	48	9	72	68	65	46	32	60	74	4	37	73	33	34	27	24	45	15	49	23	73	35	6	31	12	38	56	36	50	49	30	75	61	7	55	21	26	8	74	21	44	42	18	73	52	39	72	2	17	22	24	1	27	58	14	41	25	34	40	57	12	17	54	32	34	
