10	70	45	25	58	39	40	65	32	43	64	50	40	24	45	16	67	59	53	20	8	63	13	44	31	29	14	71	7	58	57	58	36	24	54	16	60	17	3	14	34	41	38	71	62	6	61	52	62	37	46	67	21	56	33	26	60	47	71	66	2	51	45	35	72	73	25	42	64	27	43	22	64	4	13	
48	6	49	74	42	7	20	31	3	73	39	3	55	58	72	19	57	45	38	66	16	33	13	46	20	12	61	14	50	62	2	75	43	51	47	8	52	63	12	29	36	25	30	65	5	24	6	37	44	18	24	34	26	11	51	21	22	35	32	45	71	7	40	35	53	9	17	4	54	28	41	10	27	56	67	
28	55	47	38	72	63	60	4	11	45	53	5	40	10	33	8	3	38	46	12	64	28	26	65	73	26	70	50	25	26	39	50	56	61	63	27	23	22	29	8	66	56	13	27	67	40	32	40	52	51	30	39	54	26	6	25	31	70	74	49	75	14	1	57	69	58	73	15	2	1	19	64	59	26	68	
16	40	71	30	15	21	54	28	72	54	29	19	3	21	14	26	66	22	21	37	65	55	9	1	53	60	17	16	36	18	3	27	54	48	56	66	67	7	16	61	59	20	55	38	14	68	62	2	62	4	36	49	53	23	24	6	1	39	19	12	29	73	36	5	42	12	46	31	69	41	67	50	52	44	60	
63	9	41	62	45	17	72	68	45	14	14	48	64	26	41	73	52	12	31	54	52	18	22	57	9	56	23	33	7	42	15	69	24	30	29	66	44	24	58	63	13	67	34	74	16	49	69	65	59	74	19	10	70	14	43	49	46	61	4	49	25	68	39	23	75	71	12	40	63	47	1	72	32	32	2	
21	3	36	60	35	9	52	42	73	63	5	44	30	40	23	1	39	65	14	60	61	53	69	73	41	33	71	10	43	2	52	37	54	10	17	12	17	66	51	64	28	30	31	55	67	27	34	29	15	45	11	49	72	4	46	7	9	16	14	24	18	67	56	68	48	46	74	39	13	24	25	38	51	32	19	
41	54	41	67	43	57	75	14	48	51	32	52	34	44	40	54	55	3	8	19	49	51	68	10	36	14	11	70	63	37	6	3	65	21	67	9	53	41	71	22	66	4	48	23	45	63	56	73	63	33	66	35	59	56	20	17	69	26	12	53	38	64	30	1	60	24	7	39	42	58	31	22	61	53	18	
70	38	43	65	24	74	53	32	32	9	48	46	74	49	53	27	7	16	53	58	73	47	38	30	2	13	35	73	61	10	65	31	46	8	18	44	56	45	73	11	51	21	54	24	66	5	47	50	19	22	28	14	42	63	18	20	73	29	13	33	35	52	61	55	57	52	23	35	71	16	59	25	34	26	60	
75	20	11	45	13	7	70	2	46	55	17	38	27	19	48	35	51	75	18	28	54	44	47	12	38	36	28	56	45	21	22	42	15	6	9	25	63	53	24	8	7	16	44	32	32	14	64	57	11	58	7	40	22	29	26	34	37	51	65	59	49	8	23	58	66	3	5	50	30	4	54	39	69	20	41	
23	8	27	2	69	58	58	33	53	59	31	62	70	56	49	49	24	32	43	4	16	21	59	63	48	37	15	5	28	9	43	50	14	44	24	57	75	56	10	51	14	17	35	6	71	58	52	67	11	18	72	24	36	27	60	58	61	54	38	63	55	3	12	73	22	8	47	19	61	34	45	72	20	64	75	
11	33	27	1	41	19	44	40	29	45	22	9	5	69	44	65	46	22	72	12	42	2	34	34	37	61	53	8	55	28	7	64	59	6	39	74	22	57	36	48	24	56	32	3	24	50	65	45	69	38	54	12	13	10	18	23	44	68	28	21	18	15	59	51	11	20	48	14	52	58	30	73	13	60	75	
34	31	37	53	75	46	29	6	55	12	73	52	32	63	2	25	56	7	59	30	67	53	51	71	27	9	23	21	19	56	68	28	62	3	3	60	47	6	39	1	67	35	51	20	72	33	18	50	36	74	54	4	50	4	66	51	10	63	48	38	42	36	41	26	14	40	61	58	32	22	33	23	43	6	15	
24	31	6	71	36	3	24	8	27	26	48	75	10	33	20	11	49	54	37	49	66	64	30	22	69	25	52	64	51	34	75	72	38	4	43	48	56	41	53	57	65	23	39	72	55	48	58	5	1	17	50	40	2	7	59	70	9	12	32	56	41	31	20	13	8	42	23	44	14	74	18	62	19	45	33	
47	67	13	47	66	27	18	28	4	68	62	46	69	47	1	14	10	5	31	60	10	70	5	23	64	53	36	25	70	55	33	16	44	20	60	11	45	52	12	21	20	48	42	8	17	40	71	1	22	24	58	3	64	37	22	28	13	56	50	57	9	6	72	27	74	30	34	40	7	20	35	21	65	74	26	
4	13	71	3	6	70	34	7	56	68	25	8	55	54	30	11	37	9	5	62	10	31	71	19	9	14	51	28	74	25	11	52	12	74	53	16	66	59	71	23	49	19	1	4	47	28	15	17	34	65	66	18	73	35	29	2	44	55	4	20	54	21	66	40	2	22	30	43	72	24	61	26	17	36	27	
61	62	60	65	70	47	30	6	17	64	9	16	6	61	69	71	14	72	59	52	49	49	4	13	20	25	48	38	39	7	10	75	45	67	39	35	14	68	15	28	28	22	18	11	57	63	1	69	55	35	21	3	8	21	19	24	21	36	37	57	23	43	54	34	12	68	44	73	57	56	23	59	53	15	65	
9	50	40	75	27	72	69	29	52	12	16	50	31	28	8	62	18	26	15	49	11	5	15	6	36	46	2	70	73	14	33	3	61	70	55	62	64	43	64	17	30	54	63	57	3	71	18	74	4	32	41	1	10	33	3	44	51	2	36	45	65	43	24	25	36	7	61	12	38	48	13	65	35	19	21	
1	41	37	68	32	42	9	7	49	15	59	67	39	58	3	6	22	43	3	44	1	73	27	49	10	49	60	51	48	31	45	23	69	55	14	75	19	72	56	43	61	37	32	21	18	32	2	13	72	5	54	47	49	57	25	33	4	52	4	50	56	46	69	24	7	62	26	16	28	74	58	11	10	63	28	
1	17	4	11	63	55	62	9	26	17	1	56	18	27	34	64	5	53	32	27	50	12	22	66	38	71	19	45	3	4	47	2	70	25	10	32	6	47	40	7	61	14	57	1	39	65	39	41	42	68	43	11	58	61	72	14	54	66	33	31	67	59	35	37	54	15	66	60	59	8	53	44	16	7	20	
27	68	30	41	6	73	5	14	50	40	61	37	16	49	44	21	15	20	49	51	71	38	17	24	19	16	54	35	5	32	26	29	74	53	67	2	47	69	14	70	31	72	29	22	20	75	23	32	65	63	56	36	23	45	56	18	58	6	48	60	36	1	11	32	25	75	33	44	46	39	42	49	28	43	47	
8	10	59	14	49	21	45	11	18	11	60	31	66	64	53	25	73	23	10	29	43	60	35	61	3	51	20	49	40	35	69	44	19	49	32	65	68	74	68	62	7	27	12	48	70	39	47	63	59	55	10	2	15	18	67	14	71	54	41	27	13	28	45	4	1	75	72	46	48	57	22	30	58	9	51	
45	45	21	28	4	50	12	2	38	29	36	49	68	13	8	70	73	33	39	75	7	11	63	22	56	19	41	9	1	24	33	20	44	52	44	45	2	31	22	35	37	55	6	75	42	64	67	37	71	27	14	75	16	72	23	66	65	40	51	43	33	5	57	74	29	8	18	26	32	37	60	34	66	46	48	
7	2	21	42	71	22	50	45	32	21	39	72	8	48	19	46	4	71	75	75	23	71	15	25	21	26	56	29	66	17	58	70	73	54	11	62	73	35	6	4	53	19	74	36	64	14	55	68	60	51	39	5	45	28	24	40	29	3	43	69	1	1	44	60	52	47	21	24	56	9	26	12	18	73	49	
56	62	69	20	44	19	57	45	39	59	45	75	62	20	18	53	11	17	14	46	65	35	40	63	13	39	12	18	31	59	33	9	43	1	27	61	21	57	5	54	38	24	27	25	41	42	50	26	55	64	69	19	71	31	7	6	47	65	74	72	23	29	4	63	4	6	28	18	60	30	48	72	49	51	68	
61	11	40	10	41	1	53	34	69	58	13	51	25	53	45	71	74	48	73	36	52	51	56	42	33	57	9	4	2	53	70	60	39	9	68	54	59	44	62	50	23	73	75	22	49	41	15	43	12	66	3	35	35	32	5	46	10	7	47	61	37	12	55	46	71	10	22	63	50	6	75	64	53	72	8	
2	12	55	18	19	40	16	51	49	22	24	13	7	26	31	66	56	21	31	25	9	39	20	34	63	1	31	11	28	75	49	26	8	5	41	1	17	31	27	40	52	47	50	33	47	56	28	3	46	25	4	53	38	71	60	10	70	65	6	19	64	30	42	45	29	57	20	23	15	32	62	36	44	7	69	
10	36	6	12	5	28	61	31	40	54	14	37	45	55	40	38	41	43	56	57	47	34	51	64	19	68	21	52	32	25	16	16	58	20	75	63	22	60	66	65	34	59	19	53	29	34	17	42	74	43	21	20	74	48	8	68	39	27	42	44	24	33	56	6	50	53	49	46	35	4	7	42	62	1	18	
6	7	8	45	3	46	64	21	19	10	2	11	44	1	26	9	22	56	39	5	5	15	36	25	23	37	13	62	14	1	4	71	5	57	37	57	25	75	52	42	12	51	25	49	49	48	32	46	3	47	45	57	60	53	5	55	13	17	39	1	58	16	68	59	70	18	20	22	2	65	34	24	15	61	30	
39	4	36	6	56	5	46	36	36	23	38	13	9	19	27	59	75	40	28	54	32	29	66	26	30	31	32	12	43	11	13	4	64	47	7	42	25	33	75	60	24	43	48	7	34	70	41	23	35	64	74	44	67	40	61	71	68	15	1	37	75	17	10	38	45	67	2	32	73	52	13	16	63	34	72	
12	26	33	32	33	75	29	69	61	43	28	53	9	17	29	39	66	15	23	27	45	12	3	74	3	52	62	67	35	18	37	46	18	68	74	49	65	2	16	22	42	19	73	50	33	25	61	22	13	59	22	55	68	24	28	47	71	64	12	30	56	47	70	54	14	43	19	51	42	10	71	58	26	66	6	
56	63	41	52	73	22	74	26	65	69	29	33	67	15	19	13	47	63	57	17	74	75	10	46	39	17	16	72	40	1	75	4	38	38	22	9	35	68	34	24	59	36	52	43	25	2	30	68	31	61	59	4	62	68	27	20	60	37	66	21	12	70	66	48	3	11	54	32	5	61	51	57	21	2	7	
42	45	26	9	50	10	65	51	66	54	74	59	35	9	47	30	19	11	70	40	6	2	16	14	52	54	61	13	44	38	5	8	57	4	15	29	63	1	2	50	32	50	17	39	33	52	68	49	58	58	12	41	34	2	48	61	28	9	46	71	44	22	75	75	23	62	27	60	43	3	9	51	31	18	3	
57	40	44	5	72	2	66	35	31	67	55	66	71	61	9	59	6	28	33	53	25	17	1	8	29	1	18	68	1	26	68	56	40	34	58	35	7	23	42	36	11	30	1	4	55	10	35	38	9	69	9	32	4	12	14	8	59	41	73	56	27	41	13	64	48	45	72	54	63	36	65	48	52	39	24	
6	43	56	37	51	43	21	55	21	24	66	3	56	67	74	12	13	14	18	50	59	35	44	11	20	2	71	42	29	32	63	32	49	18	43	72	35	61	50	31	59	15	33	14	4	7	22	66	16	19	38	49	46	57	57	41	33	28	5	62	34	45	66	58	35	10	52	67	47	75	20	1	68	26	17	
65	27	8	54	40	20	66	63	41	45	42	2	75	44	56	34	75	73	74	31	30	4	5	19	21	55	22	19	41	39	28	6	38	33	35	1	29	21	60	64	43	2	64	44	43	23	46	18	14	42	47	45	24	25	34	48	57	45	58	69	59	6	3	17	13	28	66	37	23	49	23	61	25	62	73	
42	5	42	57	65	57	3	5	74	25	36	12	53	4	65	45	34	45	40	48	55	41	37	15	39	62	12	75	8	70	69	24	46	9	55	10	40	56	13	14	54	49	23	30	26	62	72	55	29	11	26	58	26	60	47	39	19	59	35	27	26	7	20	70	16	1	54	28	50	64	33	3	17	67	31	
30	14	1	7	40	60	8	22	60	41	65	21	57	21	54	54	45	55	72	15	36	66	65	56	16	28	64	15	34	16	19	61	28	69	46	65	31	24	60	12	63	25	29	19	43	58	71	10	9	42	73	43	11	61	74	19	13	59	17	43	3	24	5	23	67	20	62	18	42	50	26	27	44	33	20	
9	15	13	69	16	29	64	37	34	24	27	50	33	62	57	50	33	58	30	53	44	45	14	59	9	33	63	17	74	12	4	7	68	15	49	64	18	35	11	49	60	13	74	66	47	52	19	2	5	37	31	46	56	41	4	42	71	67	23	70	47	25	48	35	20	21	14	35	36	74	2	59	71	73	22	
31	23	32	29	25	44	33	46	22	71	47	60	41	7	4	8	50	26	54	6	37	46	70	41	49	42	39	30	24	13	51	28	9	56	55	34	22	62	55	19	55	73	2	72	75	53	1	48	54	52	26	65	72	69	28	43	35	41	57	54	61	71	8	66	27	34	58	46	18	36	62	63	20	38	39	
69	64	37	39	40	65	37	27	34	28	53	74	58	68	20	15	40	18	66	65	38	22	20	60	14	22	24	35	41	30	48	10	16	60	42	53	46	54	3	2	4	30	49	37	20	66	51	33	56	11	75	66	31	15	32	18	34	43	50	52	68	72	30	7	54	70	35	1	22	11	50	3	23	21	36	
10	60	57	40	14	63	13	54	67	25	75	7	33	16	32	55	57	2	7	61	54	51	72	49	70	3	20	46	16	15	2	25	47	31	37	36	16	48	17	57	50	62	61	56	72	66	31	53	66	12	12	21	37	5	65	8	56	63	52	73	68	58	69	68	59	26	2	71	74	10	64	15	45	8	1	
15	48	70	41	17	59	50	30	16	31	69	20	11	27	67	50	71	15	41	39	68	61	38	33	30	23	55	43	64	37	8	54	7	74	19	18	32	41	21	44	66	12	40	46	37	4	73	9	72	34	49	34	66	4	75	71	24	18	42	62	52	16	45	36	65	52	29	17	1	51	35	56	54	2	1	
65	72	68	70	63	23	14	19	62	65	57	55	11	73	64	47	25	4	60	55	69	11	6	56	1	45	14	31	73	8	28	38	53	19	5	38	15	16	31	74	2	63	50	61	58	37	8	7	14	67	57	9	50	34	31	49	3	42	1	48	46	26	7	75	19	66	36	33	73	40	10	13	29	52	32	
58	62	38	35	74	1	67	48	49	27	1	22	73	18	69	44	38	70	25	34	11	9	43	16	57	5	26	28	4	65	59	58	28	71	15	21	67	6	45	15	1	41	36	71	40	75	14	69	68	14	29	7	20	66	2	51	44	8	3	22	72	33	17	67	24	67	10	65	49	27	11	43	46	9	13	
73	16	25	64	71	36	12	47	30	51	34	4	70	14	55	14	58	9	67	45	31	55	52	70	74	2	72	18	19	3	26	15	56	26	1	28	37	62	46	63	12	5	41	7	14	17	16	66	24	6	10	28	33	37	21	29	20	64	19	32	39	23	43	22	44	38	42	75	8	12	36	9	62	11	10	
50	14	23	15	12	4	24	14	33	34	9	35	46	70	50	72	32	67	32	26	8	48	39	56	42	27	15	36	59	63	38	11	51	29	73	60	28	71	72	37	40	3	65	67	52	16	60	53	57	13	51	43	32	14	16	74	10	30	17	68	65	41	72	44	50	49	21	52	45	67	66	69	47	53	54	
66	35	29	41	64	17	15	24	46	2	37	16	12	39	10	50	26	28	22	62	53	63	58	3	22	30	65	3	45	5	49	33	37	59	46	31	66	36	47	12	41	56	25	18	17	32	65	19	33	9	55	8	74	38	11	66	40	69	67	72	70	37	6	4	17	23	2	52	55	21	61	68	74	13	56	
65	18	43	4	43	30	55	48	71	63	33	61	18	72	47	67	59	60	42	38	46	62	35	73	15	53	57	53	26	38	31	13	25	49	69	68	74	21	13	43	7	40	24	74	32	45	37	64	3	75	74	48	35	36	39	27	59	70	75	63	28	8	2	50	52	41	16	29	56	35	44	35	51	62	34	
44	6	66	8	7	40	4	38	75	32	62	23	65	52	70	46	54	72	16	4	24	48	73	21	1	17	59	11	30	20	39	48	24	10	52	5	19	55	28	67	6	13	9	45	39	51	12	68	25	1	53	43	27	36	40	73	26	72	11	53	15	20	29	13	2	72	19	14	31	40	3	14	33	68	43	
43	34	29	13	53	31	51	70	24	9	8	20	36	3	23	60	15	41	57	2	39	28	14	27	50	28	25	47	30	6	65	45	17	16	52	39	20	23	9	16	10	18	33	14	15	31	74	4	45	49	2	56	55	67	2	22	68	23	43	26	2	32	46	69	21	12	25	30	8	33	26	19	20	57	22	
8	61	14	61	29	38	37	10	63	30	6	15	67	2	24	68	60	31	26	40	48	30	41	55	35	47	3	43	62	33	39	49	17	58	27	43	69	64	23	52	61	28	37	50	7	34	33	54	53	52	67	20	57	6	50	65	56	51	40	9	66	67	59	47	18	52	12	70	39	13	4	19	36	5	44	
13	29	50	43	4	24	6	73	54	6	44	41	28	67	46	34	48	11	61	16	2	36	1	53	43	8	29	37	15	31	1	74	34	48	33	35	49	33	7	22	14	48	45	40	37	9	75	57	17	30	51	22	63	47	40	25	27	43	59	16	4	35	12	31	5	19	37	38	27	42	18	52	64	52	3	
75	30	44	55	18	70	22	4	28	42	41	26	42	59	57	56	51	13	42	63	62	58	64	6	7	4	73	42	65	47	16	66	52	60	16	67	27	37	67	53	57	8	53	68	69	32	44	12	41	10	39	25	40	24	9	45	25	1	61	74	23	75	31	49	31	39	38	55	48	5	6	21	8	70	9	
68	63	28	54	26	11	15	25	47	37	28	66	38	5	50	75	1	24	27	47	51	59	6	7	29	10	60	32	65	16	9	32	2	32	8	24	30	73	48	37	33	49	43	42	27	54	16	31	69	36	70	41	17	49	20	35	41	3	44	18	19	24	34	14	39	6	13	45	1	46	3	15	3	6	52	
5	47	61	26	15	71	73	30	64	18	49	5	48	48	22	38	38	43	36	55	71	40	59	17	43	12	66	44	67	42	72	68	12	23	67	3	16	58	28	75	74	1	55	19	46	8	31	3	20	63	27	62	25	58	51	60	45	50	1	34	3	63	72	65	7	69	62	21	24	13	70	66	9	46	4	
26	19	11	16	33	49	4	71	71	60	41	30	26	57	28	32	55	64	4	18	70	39	7	62	32	65	54	73	70	74	54	70	20	39	48	23	10	49	67	55	30	29	59	31	6	62	38	35	48	40	50	17	52	27	75	9	14	28	2	59	5	34	51	67	68	25	69	50	75	53	8	72	55	3	2	
35	45	39	44	68	49	17	12	1	41	56	6	37	58	58	11	61	5	62	46	57	60	32	18	22	59	27	15	13	55	66	47	23	25	20	65	48	3	68	45	19	22	26	45	2	73	53	56	54	41	5	20	64	7	36	7	63	31	71	51	7	60	16	8	7	4	66	34	1	38	71	28	55	24	70	
52	65	10	7	38	41	6	56	4	62	65	14	47	20	1	18	72	61	8	73	39	6	38	67	56	69	35	48	20	27	26	51	10	35	50	22	49	30	54	50	15	39	32	37	29	31	28	23	11	16	71	24	65	8	12	53	51	21	12	75	43	13	13	28	26	44	55	49	57	20	68	54	40	21	64	
58	49	66	56	34	50	26	57	37	33	43	55	59	60	65	46	2	52	35	32	58	68	48	12	40	64	1	60	20	72	23	51	50	63	6	51	36	29	5	69	35	31	47	13	61	11	39	55	62	64	7	28	41	25	15	60	66	13	21	4	7	42	38	24	30	33	53	33	67	44	27	17	46	71	27	
25	54	58	75	20	26	52	39	50	52	27	10	37	21	26	17	18	42	42	22	38	50	39	69	32	64	28	23	33	59	24	30	12	62	4	22	54	31	35	27	5	58	44	38	73	56	57	61	70	71	74	31	39	13	34	56	53	11	42	64	45	64	14	60	20	16	72	72	17	29	69	18	66	37	38	
53	56	5	36	46	45	10	50	7	19	51	27	72	65	66	48	8	29	34	25	60	18	74	15	44	75	6	47	58	4	75	35	55	53	57	13	73	67	48	3	44	26	25	41	44	69	55	16	16	14	40	37	1	10	49	30	7	32	54	62	31	61	70	62	9	52	39	2	11	4	63	27	70	47	58	
13	37	13	27	48	71	39	7	70	46	29	24	50	32	48	20	37	74	56	21	72	67	53	43	49	34	64	1	72	35	55	7	66	41	8	14	11	44	69	4	68	75	3	15	28	47	5	61	40	53	57	9	44	6	25	12	7	11	8	2	42	36	9	6	51	62	71	59	29	60	38	31	54	34	10	
55	53	2	38	67	32	66	52	68	66	3	54	70	71	59	68	9	69	47	3	56	9	45	24	12	27	58	6	57	66	14	34	18	64	51	7	6	38	32	49	72	27	27	41	60	58	8	62	50	70	33	15	59	75	13	68	25	44	44	65	10	44	61	29	73	28	6	5	31	16	46	3	22	74	42	
69	51	47	47	71	6	2	59	55	75	45	25	74	11	40	28	69	58	7	67	53	8	49	29	45	58	71	39	66	40	51	62	60	20	30	29	24	4	18	45	3	52	41	54	37	12	71	14	58	15	70	38	5	39	63	16	18	33	26	58	44	9	38	10	14	46	31	4	41	34	53	42	61	17	61	
20	61	62	17	47	53	67	49	35	5	10	43	72	36	41	53	63	37	13	48	26	27	72	28	65	6	44	3	68	29	64	58	10	40	55	50	66	25	72	30	24	2	46	24	11	1	69	36	18	56	8	8	7	54	29	73	67	48	45	42	72	38	15	5	4	52	32	55	9	23	47	70	74	59	9	
59	39	75	18	52	30	23	23	36	49	50	74	29	72	42	51	66	68	41	47	33	68	2	60	46	67	7	29	53	40	35	21	71	11	13	15	38	9	32	66	56	56	62	6	54	26	24	20	69	72	58	27	30	27	58	65	16	39	18	30	6	48	26	61	34	37	55	65	43	63	40	73	25	67	5	
63	69	74	58	58	61	32	60	11	57	14	73	49	50	63	75	27	11	24	69	40	37	23	4	73	66	32	2	71	22	43	33	67	40	12	43	1	37	75	59	68	9	31	16	34	18	12	70	26	9	25	39	39	30	41	13	3	5	54	3	64	10	7	49	11	9	68	6	21	38	47	65	45	8	14	
54	59	61	33	60	44	31	19	58	51	35	67	42	2	21	2	64	19	1	11	74	60	75	55	55	35	29	40	54	61	15	36	39	73	35	71	40	46	64	72	67	32	66	17	22	55	16	56	44	3	65	40	23	38	30	75	48	34	15	5	63	27	3	9	6	13	70	13	51	37	7	41	38	42	53	
21	21	46	74	61	8	38	75	25	53	15	28	72	22	33	74	5	34	70	56	31	7	49	20	47	63	23	64	9	39	17	39	72	32	2	19	33	40	68	27	62	55	51	53	1	55	22	58	66	67	35	67	48	59	10	3	9	4	35	13	41	24	18	71	50	14	62	57	15	54	69	71	30	12	29	
74	27	48	23	11	32	56	75	2	2	58	46	13	35	5	70	53	24	6	44	63	10	8	24	75	52	4	67	54	73	65	40	22	30	45	8	39	70	57	34	69	33	55	52	46	59	49	18	7	25	36	47	29	38	62	1	64	20	60	16	67	37	38	67	38	6	50	68	3	25	9	43	36	65	15	
60	32	34	48	7	54	7	41	57	20	48	58	58	66	20	3	33	25	44	23	54	13	38	45	8	70	30	49	70	71	36	25	75	72	71	4	42	52	19	21	73	52	5	48	21	67	19	47	13	50	37	64	57	74	8	38	32	46	57	1	17	14	26	15	2	27	68	53	43	2	36	29	24	9	35	
37	73	49	59	8	71	68	47	42	62	52	63	1	74	25	67	65	30	13	64	12	14	46	22	51	16	55	54	17	61	18	53	34	36	3	39	22	5	60	26	53	34	59	27	7	13	9	71	28	19	48	30	22	70	55	38	6	4	69	67	39	44	37	72	10	50	11	7	19	66	15	32	75	20	57	
4	66	63	48	1	12	17	72	67	4	20	4	60	21	68	49	58	35	58	50	27	69	33	75	71	22	5	2	21	19	48	73	37	26	59	23	3	34	25	39	16	38	52	47	30	28	12	11	34	44	34	42	12	65	21	57	62	24	56	54	74	40	32	17	31	65	14	22	6	5	36	8	37	7	49	
64	74	35	49	30	1	58	61	5	20	63	42	3	75	19	31	36	43	55	33	67	19	14	68	14	18	20	20	50	66	67	13	1	22	35	69	73	14	27	71	31	6	73	9	52	15	21	8	32	73	13	72	12	26	70	17	38	51	34	56	40	72	47	2	68	17	66	41	64	7	20	4	10	15	59	
43	22	64	25	37	52	30	3	43	47	40	46	51	8	60	33	23	27	71	73	14	46	42	52	34	32	49	7	38	35	53	41	35	38	61	45	70	65	20	18	9	51	67	58	36	13	63	30	34	54	25	50	74	62	72	11	72	57	5	6	69	55	17	12	15	56	24	66	44	59	73	43	13	29	74	
