57	25	57	22	53	19	70	36	69	14	64	46	24	75	47	15	19	72	74	41	11	63	27	49	25	21	43	22	65	75	67	43	45	18	44	72	12	36	8	54	24	71	22	23	43	48	35	59	37	8	26	45	50	46	16	45	42	33	64	4	31	53	51	50	68	62	44	1	73	49	52	71	17	48	20	
57	13	25	38	25	31	35	67	50	55	58	17	19	65	3	72	18	31	16	65	21	52	9	72	47	32	23	20	48	46	33	26	56	31	39	57	59	71	45	8	49	2	24	42	64	75	13	60	28	27	22	29	1	4	70	30	34	67	37	3	36	43	40	14	71	63	66	29	41	10	44	61	62	54	73	
25	29	6	56	31	7	74	52	57	53	21	1	9	11	36	9	43	2	9	32	46	46	72	73	75	56	28	29	40	57	3	39	8	4	17	36	60	65	63	38	40	10	36	47	66	46	30	32	22	36	61	64	4	33	58	53	12	13	59	24	40	54	60	45	55	74	62	14	38	18	46	5	73	15	44	
61	25	48	15	44	6	50	30	59	3	63	34	10	46	65	31	8	41	66	27	68	62	4	2	22	71	45	72	66	24	15	49	47	60	39	13	63	64	17	44	40	54	53	25	22	42	32	28	3	18	51	46	55	30	52	56	75	12	43	63	11	56	14	55	38	26	42	5	67	33	19	24	16	69	46	
29	9	50	31	61	65	4	29	18	8	48	64	5	35	30	42	43	60	28	72	72	26	36	47	10	66	64	11	51	32	52	2	15	23	7	74	63	8	3	6	66	49	64	45	12	68	62	22	27	12	16	75	13	53	43	19	14	6	24	67	37	55	38	54	47	44	21	9	25	21	17	69	43	56	33	
22	15	68	41	16	54	54	12	63	2	30	57	13	33	55	49	66	27	61	14	48	2	10	54	1	4	37	62	44	6	45	63	70	12	26	9	63	56	70	28	53	22	58	64	53	34	12	18	35	50	6	5	47	13	59	22	17	19	59	36	71	26	20	40	39	19	23	73	70	21	73	46	38	52	9	
62	61	70	55	18	40	58	21	10	45	51	6	34	41	62	64	11	11	56	48	21	72	69	16	65	59	12	10	17	38	16	53	21	8	7	37	46	63	32	30	7	5	33	15	20	18	1	28	3	54	74	21	26	42	34	13	23	20	22	13	57	14	40	75	15	47	33	35	9	66	39	10	43	70	24	
59	62	72	10	62	25	58	57	48	74	13	35	19	8	29	6	61	36	44	57	26	10	65	58	13	27	20	73	65	64	16	24	49	63	9	9	11	63	66	32	36	50	65	30	55	17	33	38	50	75	70	1	58	34	31	68	57	47	67	22	33	53	43	55	15	51	69	22	12	23	51	45	52	18	71	
25	30	75	38	54	48	7	48	28	38	75	18	69	22	55	13	29	8	30	9	20	53	42	16	59	40	41	1	10	54	44	32	57	19	44	33	64	49	54	14	60	28	6	52	47	36	39	74	43	67	55	35	21	71	48	2	37	63	50	40	16	69	70	72	10	15	24	3	59	4	61	41	5	62	67	
47	72	29	20	12	70	49	44	10	43	66	59	73	29	32	36	42	75	5	35	7	15	56	52	48	31	33	12	34	69	1	52	64	4	50	73	71	18	19	4	35	57	60	31	8	66	41	48	63	20	6	44	9	35	21	55	40	48	45	46	17	16	20	3	22	41	51	11	37	41	65	67	21	53	74	
26	12	11	48	73	28	27	16	34	60	32	63	74	2	26	43	16	40	59	68	32	75	18	40	29	56	4	17	74	25	10	1	34	70	22	6	20	47	20	31	8	49	66	3	25	15	41	19	29	5	58	36	70	7	49	22	30	50	13	25	72	73	9	29	65	71	9	21	40	35	11	44	14	74	23	
72	63	58	62	66	31	42	23	24	38	70	20	64	19	31	63	14	25	37	40	13	30	46	71	44	47	55	9	18	51	2	12	16	57	71	54	11	15	52	9	26	45	26	65	60	32	48	49	53	59	62	41	67	31	10	29	52	61	12	68	11	17	56	74	43	24	73	28	34	27	35	56	50	36	69	
2	62	64	48	14	22	32	28	8	37	34	11	63	69	21	53	2	7	29	74	47	27	24	73	60	23	6	14	66	38	30	39	75	68	61	62	13	68	65	70	4	20	3	65	67	73	17	62	5	20	35	46	44	56	18	25	54	22	15	38	58	41	52	30	31	36	14	19	2	55	9	10	69	71	66	
31	56	5	16	32	22	25	75	63	57	68	63	33	12	51	43	44	14	17	70	19	27	58	34	26	32	18	27	75	74	67	28	52	46	17	59	65	39	56	29	69	23	65	22	32	38	62	72	26	55	41	19	60	73	49	3	4	40	5	1	36	71	3	63	15	2	43	54	35	73	6	74	20	45	21	
47	55	54	18	55	8	33	71	60	28	20	37	29	57	39	4	15	7	58	52	71	48	18	50	53	13	26	49	6	67	64	50	21	17	43	74	22	73	44	55	1	61	68	27	19	4	7	9	10	59	56	59	29	51	24	4	36	48	62	39	14	13	63	32	5	28	11	1	2	47	53	74	7	42	75	
23	43	3	3	26	60	56	3	11	4	1	65	37	46	38	73	57	28	58	64	27	61	66	2	62	35	52	55	17	68	52	13	11	30	13	12	12	44	63	72	44	63	59	3	7	71	73	67	70	31	25	71	14	13	74	75	23	45	29	39	15	50	47	72	2	34	5	16	74	46	58	41	32	39	18	
8	9	66	44	1	19	67	69	30	2	61	22	22	5	20	33	66	68	2	60	67	34	39	53	6	56	32	21	7	46	37	63	54	25	29	28	18	18	71	45	70	55	41	13	34	58	43	74	47	19	56	14	27	72	40	29	48	69	26	27	23	36	12	64	35	16	66	50	31	59	17	24	36	38	9	
44	14	26	40	33	42	70	22	65	39	58	68	11	26	67	10	38	25	72	1	34	10	64	6	15	45	72	12	56	27	17	22	13	17	37	20	56	7	38	21	42	70	62	25	18	52	33	53	51	4	54	8	11	41	63	5	57	58	8	35	58	74	31	45	16	42	71	43	46	74	60	10	66	21	36	
6	47	40	34	21	41	8	3	26	19	65	23	73	20	5	7	53	54	12	20	63	55	4	9	20	75	39	4	40	57	11	22	27	28	51	22	42	33	74	63	29	36	60	24	54	43	2	6	14	11	30	51	37	1	30	31	73	66	35	13	46	18	29	48	41	10	43	15	10	44	45	38	49	16	32	
2	37	27	5	25	12	25	51	47	23	3	52	70	67	7	4	13	75	8	56	15	8	73	15	68	11	30	22	57	28	47	58	39	71	59	38	57	60	63	9	56	64	54	49	31	34	29	16	31	32	46	43	14	44	33	3	50	37	34	28	62	66	61	1	36	18	14	16	74	73	69	52	40	43	2	
40	52	25	53	5	31	21	23	43	36	30	24	7	64	17	11	26	6	43	75	16	58	12	8	31	58	71	58	68	14	55	8	63	54	58	42	9	57	62	25	13	14	44	69	53	33	1	1	38	41	73	26	74	6	29	27	38	2	7	10	10	60	10	47	13	66	12	18	19	48	17	28	37	34	19	
12	64	69	62	74	33	57	24	29	37	25	30	72	22	35	75	6	69	60	28	4	47	14	72	63	61	11	66	70	19	59	56	6	51	40	2	58	20	22	61	54	21	13	26	17	45	3	73	13	62	23	15	5	36	61	41	67	46	31	65	68	62	39	66	37	1	7	15	71	61	8	46	9	60	48	
71	28	43	66	38	74	11	27	74	20	62	36	9	31	39	67	16	23	3	56	55	53	44	45	45	5	16	14	58	73	57	51	1	75	17	15	71	25	37	68	42	22	2	25	29	38	65	40	39	65	18	64	41	35	30	8	13	20	72	45	69	32	4	70	25	12	75	6	10	17	46	26	19	47	49	
32	48	34	46	5	23	38	67	37	70	71	42	58	14	13	25	4	38	18	43	37	28	41	29	33	27	62	54	32	72	1	61	41	35	6	21	30	41	64	62	10	55	5	66	43	16	65	24	49	7	62	9	5	2	11	11	26	51	39	40	40	44	67	56	69	70	74	69	36	58	31	40	12	32	8	
53	20	67	71	43	46	32	25	48	31	33	33	32	2	70	37	16	29	26	69	72	18	42	62	48	74	67	63	9	21	65	36	17	31	8	55	74	38	2	22	41	34	52	47	10	44	6	21	48	30	13	40	45	29	1	73	26	68	30	11	60	69	19	72	23	24	27	75	55	28	14	3	31	64	40	
13	7	43	32	52	47	19	15	16	45	67	58	45	53	61	28	12	52	46	59	48	64	8	17	18	9	29	11	35	67	25	46	71	43	52	48	14	68	35	1	12	24	55	33	49	15	34	62	41	1	20	11	39	21	26	54	27	29	40	35	22	63	55	65	27	6	31	14	50	40	23	57	60	66	70	
8	54	20	64	18	18	55	3	31	75	3	7	73	29	21	8	21	58	36	7	59	39	12	70	9	50	5	41	9	44	26	14	20	22	53	35	12	30	38	40	3	36	23	51	40	46	55	61	72	15	39	56	27	27	46	34	73	25	73	6	66	72	16	62	17	42	70	24	1	32	39	71	39	60	43	
54	72	73	10	67	61	47	20	10	71	40	41	42	63	12	20	28	7	9	11	71	49	5	17	43	6	30	10	19	10	51	69	58	23	55	46	7	23	40	65	67	3	6	8	39	18	25	65	21	31	50	64	2	28	56	40	15	8	48	25	70	75	69	52	70	45	68	50	44	29	37	8	13	40	14	
42	53	35	6	46	63	53	10	64	56	63	2	62	68	24	61	58	71	52	27	40	71	16	12	12	19	47	17	22	65	27	61	14	36	64	34	22	17	41	59	72	26	37	30	21	34	15	50	4	43	57	44	11	66	51	20	60	73	12	3	33	36	45	43	48	74	74	49	65	25	24	70	39	55	13	
28	41	72	74	43	34	46	7	42	9	35	37	65	27	46	39	57	56	50	2	25	51	48	65	11	59	63	64	19	20	47	21	34	24	18	74	49	37	3	66	44	33	25	10	34	69	20	68	46	45	61	70	65	31	33	72	13	22	58	6	12	4	26	43	19	15	40	52	53	30	32	67	29	53	54	
55	43	71	42	63	9	3	31	71	32	62	66	18	3	23	21	64	25	43	6	18	54	43	35	4	36	63	67	59	15	38	11	33	3	52	19	9	50	46	55	56	7	45	72	61	65	68	45	62	8	49	3	40	66	37	37	24	73	5	57	10	15	69	40	70	13	32	51	59	75	28	14	57	73	60	
38	57	48	7	38	32	29	15	66	17	24	1	15	21	1	66	27	16	27	42	3	35	70	28	68	44	53	4	23	43	38	59	71	9	39	8	36	65	20	75	56	41	73	45	37	72	10	39	60	34	74	45	68	67	64	40	33	18	13	30	33	48	11	26	30	49	12	41	13	2	38	47	22	34	19	
49	5	16	7	62	25	6	73	14	43	36	25	50	48	32	2	3	2	63	3	30	8	8	68	69	7	5	31	73	13	39	45	18	29	27	51	50	4	24	38	46	56	57	70	26	12	44	26	64	28	9	15	10	60	57	1	64	65	32	37	47	40	4	61	66	27	15	38	5	34	53	47	11	33	17	
10	38	56	35	75	58	11	13	66	69	44	63	36	3	14	66	48	30	67	7	16	70	15	28	71	43	74	18	27	25	29	34	37	59	42	35	39	51	22	33	42	65	65	50	64	53	37	11	4	6	15	19	69	26	45	40	46	39	41	67	40	34	1	50	20	52	7	31	68	3	54	8	64	17	52	
27	68	11	36	69	11	24	9	55	47	26	70	65	40	22	54	53	57	29	25	43	67	7	72	31	8	22	35	45	37	61	46	26	73	55	71	54	1	53	10	48	2	74	33	16	71	63	66	29	13	65	2	56	69	34	59	3	30	16	18	62	5	62	4	42	39	58	71	38	31	1	60	6	73	12	
19	43	28	59	64	35	47	29	63	40	34	45	12	60	35	27	46	9	11	30	48	50	59	41	61	11	17	39	15	64	31	8	32	49	65	67	62	34	16	21	71	48	42	55	33	51	4	49	56	64	53	3	33	37	18	18	20	32	36	14	21	52	14	44	75	1	10	47	32	24	57	1	46	68	58	
50	36	31	22	13	17	51	65	25	58	6	13	75	35	40	6	30	65	19	46	39	68	54	68	74	1	18	2	20	4	24	67	37	32	63	25	21	35	12	42	15	67	29	64	27	65	45	52	29	37	18	47	28	48	38	22	20	26	68	41	3	67	33	15	71	64	37	23	5	23	34	62	18	55	53	
12	21	66	37	46	24	28	63	23	72	70	19	14	17	62	50	17	31	50	29	20	13	40	7	9	38	34	68	48	11	39	35	5	4	67	25	25	22	10	46	11	4	39	75	16	26	23	8	52	47	12	43	57	49	47	64	9	3	54	31	65	69	66	71	68	30	16	68	42	73	13	32	71	51	27	
63	70	22	67	17	66	52	57	45	75	27	8	58	4	36	12	65	3	47	28	44	72	19	34	14	8	21	16	2	68	40	38	37	58	4	53	23	53	31	41	51	55	46	31	56	5	18	19	55	38	48	24	10	32	35	21	39	49	34	15	39	57	49	73	6	50	46	25	25	54	59	73	7	5	10	
35	58	18	51	36	53	69	32	60	24	59	55	60	30	11	47	66	33	18	38	8	65	59	3	12	34	36	61	12	39	38	44	19	56	70	28	5	62	57	63	59	40	17	20	66	4	61	37	31	1	44	42	64	2	13	50	9	48	9	21	6	44	68	73	72	51	25	74	14	3	41	49	23	67	66	
56	50	43	63	55	19	30	65	58	5	75	5	16	42	11	26	22	29	62	17	22	10	37	70	19	14	27	62	28	52	21	58	2	38	42	31	54	45	17	11	57	66	12	56	32	74	59	50	24	16	43	21	23	3	65	17	64	66	53	65	41	72	46	15	31	20	41	60	29	61	67	74	44	53	34	
49	49	61	73	47	75	36	42	19	11	29	33	72	18	60	59	31	53	4	43	62	63	6	20	14	37	7	65	55	34	15	3	5	74	1	26	46	9	67	62	2	16	70	63	7	54	22	13	5	10	64	66	60	38	1	71	68	57	56	23	13	45	21	67	24	69	17	60	58	2	25	48	67	14	7	
51	40	26	60	42	23	34	25	61	41	75	50	8	54	6	25	45	25	21	31	49	66	44	74	39	43	19	6	11	29	10	57	67	10	37	32	15	45	33	62	8	28	33	14	58	13	35	23	36	30	52	50	17	67	46	53	10	64	33	20	73	40	71	55	24	35	60	30	48	16	11	56	24	22	63	
46	6	74	41	19	26	65	64	39	54	37	15	61	68	45	1	55	62	44	10	6	71	67	9	17	53	69	70	65	63	32	11	66	25	49	4	48	36	42	61	14	48	75	71	38	18	47	15	57	12	21	33	58	68	38	7	41	7	2	1	5	20	9	59	13	56	34	58	16	72	22	1	51	14	50	
2	8	14	68	32	27	62	62	56	45	74	48	4	6	9	2	67	72	64	43	10	37	50	40	25	44	57	75	12	44	46	60	48	33	48	58	30	32	38	7	52	35	30	53	12	39	28	2	30	11	19	34	22	66	71	21	10	54	20	16	16	38	72	38	73	19	18	26	25	36	75	13	36	29	48	
45	60	50	21	65	58	14	26	54	6	66	72	9	15	65	74	5	1	48	18	65	38	5	59	60	29	32	56	39	58	2	7	20	50	2	3	8	13	73	35	64	61	9	48	51	69	46	52	67	63	43	31	23	47	63	10	49	18	42	11	75	34	67	11	58	68	62	40	55	57	71	43	25	4	16	
65	42	30	17	9	13	34	37	9	7	2	11	49	15	25	34	61	32	23	45	12	63	31	21	38	62	14	51	1	62	58	41	27	61	32	36	46	66	44	52	40	43	38	67	35	55	19	15	5	16	59	62	3	63	57	13	44	69	64	26	29	18	60	53	4	70	72	20	48	5	69	11	42	39	70	
47	59	11	57	37	1	12	73	74	46	52	9	17	23	45	29	47	60	65	73	34	44	56	51	66	34	48	74	75	49	43	42	4	29	3	15	27	60	11	24	30	38	7	15	54	49	40	74	13	73	69	50	39	25	14	28	55	31	75	32	51	56	44	58	44	41	42	68	6	50	70	26	10	71	39	
37	19	52	33	2	47	5	40	60	25	28	61	53	33	41	3	6	74	44	34	42	59	75	7	56	22	71	57	4	41	68	16	57	44	46	60	66	24	71	23	43	73	5	18	28	47	70	10	11	36	15	25	20	61	32	47	58	75	27	58	38	21	48	17	45	16	49	68	26	39	12	54	30	72	51	
15	4	37	73	68	49	10	12	40	46	16	8	25	13	8	56	32	73	27	17	5	17	62	69	27	55	3	54	67	45	73	6	46	32	74	32	53	57	21	14	9	9	20	28	72	2	54	19	50	55	33	48	70	75	16	11	47	23	30	34	34	19	11	7	24	58	22	12	15	26	63	14	31	57	12	
24	56	65	19	3	18	48	49	62	42	62	53	9	52	50	18	8	66	3	58	63	36	63	36	51	61	22	37	66	75	54	64	30	11	4	39	24	55	56	12	64	15	34	71	41	6	63	25	45	68	3	7	21	43	44	43	28	36	8	64	35	22	57	38	29	52	67	26	17	19	10	40	31	20	26	
69	71	70	14	14	36	66	18	28	29	38	73	28	65	44	14	74	63	68	33	65	14	1	13	64	15	69	26	42	6	12	33	50	2	21	61	10	9	4	34	37	8	1	62	70	43	49	65	30	11	72	68	75	67	55	60	3	52	61	19	27	46	26	5	45	48	35	32	51	11	59	6	41	57	22	
8	74	1	48	4	52	19	68	49	9	45	8	66	70	43	55	15	10	3	65	29	22	21	54	70	30	13	30	46	47	25	25	40	66	48	39	41	67	5	11	50	47	16	30	34	56	8	26	41	60	11	69	6	9	44	51	18	32	75	48	2	73	53	11	62	16	28	25	57	27	33	22	71	24	49	
4	54	32	25	17	64	9	59	64	10	2	38	16	34	7	40	75	2	7	8	61	72	29	8	49	53	16	43	23	17	66	2	42	20	24	41	4	31	15	44	14	67	72	35	69	53	71	66	54	43	60	13	14	5	73	35	45	61	1	27	72	65	24	18	57	22	44	36	52	37	74	39	21	45	62	
66	22	21	53	48	38	24	58	51	73	31	60	1	11	57	21	59	43	42	68	74	40	11	32	13	46	27	44	37	47	4	5	65	72	52	14	33	50	47	56	45	70	49	41	3	19	60	35	34	2	2	30	52	10	36	23	26	62	36	50	39	12	54	68	7	62	55	37	61	21	15	1	26	27	25	
65	44	51	23	48	29	73	53	37	12	11	54	6	45	66	41	49	74	55	16	3	42	68	14	68	17	8	43	74	30	57	62	42	7	57	65	31	52	40	65	32	25	19	36	67	59	75	38	33	25	63	9	61	42	20	49	35	1	18	22	24	46	5	40	50	37	38	56	10	43	20	58	63	46	49	
52	68	23	65	22	45	39	27	27	55	41	72	20	17	63	23	17	11	1	52	31	34	53	8	21	16	25	32	53	35	5	27	26	23	14	20	67	27	48	69	4	68	37	6	57	20	9	70	75	3	42	10	32	74	12	47	6	15	75	56	18	2	58	19	72	46	34	61	49	60	29	50	28	59	30	
70	65	28	58	51	26	22	54	32	64	37	3	68	24	51	23	12	48	55	26	28	1	35	55	46	10	1	69	25	57	20	71	34	27	47	63	23	43	34	53	31	46	56	72	73	7	17	75	47	49	73	67	59	7	41	65	16	17	57	13	74	74	2	25	8	23	6	16	66	14	66	18	34	19	10	
72	16	2	67	39	30	39	74	64	44	14	51	33	25	10	20	69	55	22	16	50	39	71	61	2	60	31	15	16	18	74	17	7	73	54	18	70	72	68	56	33	6	8	37	1	10	56	67	65	47	62	9	63	28	47	66	61	53	73	52	61	49	58	42	21	9	36	13	69	38	40	74	75	43	11	
73	28	62	39	64	10	71	71	67	20	42	49	55	6	26	28	41	64	8	57	5	69	14	15	34	34	50	6	30	66	14	1	68	52	37	56	55	8	25	47	24	37	15	54	17	35	5	32	74	61	17	4	47	11	7	2	19	36	60	43	1	51	13	61	18	21	38	48	27	37	16	23	71	2	73	
11	10	73	24	6	55	25	1	2	21	55	56	26	59	33	35	52	1	20	36	69	41	49	37	36	12	48	34	1	31	6	65	31	3	75	16	32	73	7	7	73	32	61	69	14	12	13	63	62	22	73	53	29	44	15	39	49	38	70	24	42	74	64	60	50	40	4	55	28	45	59	72	54	38	67	
60	24	63	22	70	54	18	34	57	48	22	18	21	27	64	5	56	37	62	15	60	73	54	38	20	72	75	65	43	31	49	4	31	10	10	64	40	69	73	17	22	19	11	7	23	1	58	47	6	19	36	62	10	13	21	9	59	14	65	25	20	39	72	27	26	43	29	57	30	5	50	26	74	61	28	
8	26	59	29	26	2	62	11	7	72	8	62	29	71	47	48	63	58	24	9	1	60	17	32	67	71	56	13	64	33	13	47	31	53	71	40	43	55	18	27	28	19	10	53	65	50	1	51	7	69	54	57	30	45	19	14	39	41	24	5	4	15	22	75	58	23	29	72	42	42	20	52	35	74	71	
20	23	46	41	27	37	26	6	63	49	67	67	51	32	52	48	1	59	69	3	12	56	75	10	69	18	74	36	25	70	7	19	22	47	58	39	61	53	20	39	9	9	69	57	14	21	11	11	73	44	66	7	24	32	62	61	63	59	17	68	54	71	15	41	17	65	60	55	40	71	68	18	72	37	64	
66	66	49	52	24	67	7	5	68	50	69	42	22	22	34	46	48	26	52	12	41	14	43	18	23	33	58	38	62	67	63	27	18	37	75	17	73	56	28	55	16	59	21	74	2	49	36	29	72	64	8	20	73	54	75	32	51	35	44	42	71	25	59	13	30	33	39	16	15	16	72	31	69	65	1	
48	31	24	41	7	60	53	64	70	13	38	69	38	66	2	71	60	13	54	43	9	60	45	22	69	57	64	67	26	23	55	43	29	53	5	6	35	58	67	67	35	30	35	73	67	37	64	27	25	15	68	27	72	29	28	40	61	61	33	54	59	62	18	9	10	32	12	42	65	56	29	75	63	38	3	
45	69	31	70	64	20	37	66	67	35	72	29	14	26	33	68	3	13	6	19	21	2	19	39	40	47	42	45	25	1	8	67	43	31	34	30	49	74	75	38	21	54	47	9	4	3	50	73	59	51	67	54	25	52	13	62	19	55	20	44	48	73	7	16	26	17	32	49	11	9	18	69	46	28	5	
33	18	45	8	10	71	59	27	20	31	39	54	47	63	49	62	19	44	67	4	67	5	13	39	54	73	22	23	31	21	22	66	37	40	41	10	16	22	35	2	55	51	30	1	32	9	57	42	42	24	35	12	1	29	25	52	69	21	61	22	43	58	57	6	3	20	56	63	17	15	38	65	56	70	36	
62	67	67	26	3	14	32	8	71	30	27	16	23	43	60	17	75	34	70	45	2	64	22	63	3	8	72	42	61	59	1	48	24	65	42	27	52	54	1	37	75	25	50	68	44	31	6	20	32	73	38	29	36	54	66	37	53	58	4	28	15	6	41	31	40	55	24	29	7	23	47	74	33	46	45	
39	51	33	51	8	69	13	30	35	36	17	61	71	49	68	62	62	33	75	20	69	57	13	56	50	41	2	23	32	23	42	65	72	58	38	72	55	20	26	74	53	14	57	21	60	22	12	44	47	9	33	52	31	23	69	4	28	59	70	58	67	31	24	66	64	31	53	35	54	63	36	7	45	1	29	
22	1	20	43	45	70	54	60	17	51	46	71	66	72	56	44	68	61	36	21	52	74	47	57	34	20	10	33	27	48	23	50	46	26	62	66	9	6	22	36	58	53	14	33	40	40	55	66	2	61	3	45	49	40	27	12	29	8	11	52	63	7	73	73	25	38	64	34	36	65	49	59	24	35	62	
58	47	12	22	49	72	21	70	41	35	10	19	67	67	4	12	20	8	13	66	27	43	26	29	52	5	54	23	29	60	60	68	35	69	2	73	74	75	59	25	11	42	19	44	9	23	51	30	1	33	14	6	65	39	29	15	38	4	16	45	61	65	25	2	57	3	59	22	8	39	21	47	55	34	31	
64	27	60	9	26	15	72	25	52	16	28	39	30	7	43	57	70	12	70	37	38	63	20	65	28	24	69	71	2	2	6	60	3	37	45	26	25	34	29	5	37	58	18	53	59	50	14	19	61	74	45	17	36	55	48	60	56	11	31	51	62	10	10	67	44	49	13	65	21	40	42	19	68	49	46	
37	73	47	53	28	20	75	14	53	25	54	13	74	44	18	47	24	24	57	9	66	3	70	30	56	25	46	74	60	62	13	20	55	39	56	1	29	41	64	58	63	41	48	59	55	61	5	4	5	35	71	45	12	52	50	65	52	13	38	12	7	42	32	27	51	67	2	8	64	64	43	26	15	75	68	
67	75	4	54	35	68	40	2	74	15	49	58	39	36	16	51	33	38	53	44	56	71	32	60	57	17	24	5	18	61	62	71	41	21	48	70	63	59	50	59	47	69	17	11	28	8	23	34	7	44	1	58	42	14	11	74	29	71	3	48	52	32	17	9	46	37	63	13	18	6	47	64	73	10	33	
