29	29	64	38	7	24	40	46	11	25	25	21	59	70	52	25	65	52	28	4	70	22	19	65	31	43	70	47	31	36	65	37	40	68	1	21	67	38	42	75	38	66	19	71	33	45	18	19	72	43	73	64	39	13	28	44	31	20	13	60	30	1	74	68	48	46	63	32	59	27	30	23	13	26	12	
43	65	27	36	59	44	7	22	57	70	47	23	23	64	33	56	17	8	26	59	49	70	45	3	51	46	9	67	58	28	53	74	68	2	9	25	20	66	44	1	35	13	19	32	51	29	10	42	34	11	75	55	3	21	60	30	62	61	69	17	63	48	71	50	24	52	72	14	37	15	12	54	31	3	4	
51	26	59	67	32	67	65	9	44	6	39	69	42	73	37	56	33	3	44	7	72	68	52	8	26	66	67	46	64	67	43	37	70	24	4	22	14	66	10	55	46	19	24	62	71	58	40	21	36	58	1	7	47	51	13	47	38	2	15	25	44	56	36	34	54	37	30	42	5	10	20	45	26	17	29	
14	50	43	10	8	1	8	12	45	56	74	67	68	51	56	69	17	11	25	48	62	36	52	26	35	60	19	54	8	13	57	72	58	22	56	63	72	61	49	40	17	23	6	59	71	64	48	15	44	70	32	28	5	7	28	37	40	24	13	46	31	67	18	10	65	71	47	66	30	73	72	21	16	52	3	
8	11	48	67	52	18	73	55	20	54	5	55	16	24	42	36	28	9	50	35	47	19	4	4	49	49	51	65	61	25	42	44	33	13	34	60	29	6	37	22	57	16	53	70	15	16	30	40	74	53	2	43	70	56	45	17	23	17	58	58	41	21	26	59	30	31	29	38	34	63	32	13	3	2	62	
66	67	61	28	63	36	23	28	5	49	69	18	45	61	48	25	75	65	23	21	69	52	48	1	60	10	25	50	61	24	6	49	13	63	2	73	73	72	75	3	20	44	68	63	27	38	62	1	4	64	19	68	11	64	42	68	51	70	16	32	63	17	56	51	55	53	26	50	29	21	30	43	62	71	4	
63	28	40	38	4	22	54	47	7	18	11	73	41	74	62	70	36	54	27	9	30	52	29	54	75	47	1	15	8	66	16	45	68	31	5	69	32	34	38	31	26	24	3	64	19	63	33	52	39	56	58	44	35	65	20	6	8	21	15	67	59	5	37	48	33	13	17	57	23	42	10	44	50	12	43	
44	48	60	70	9	15	28	26	43	12	43	45	17	59	56	57	39	35	65	62	65	75	53	21	70	4	6	36	29	14	40	47	37	74	39	19	12	64	42	52	50	8	69	65	66	24	21	2	57	10	38	44	58	13	41	49	67	43	61	70	32	22	39	68	18	75	5	4	42	44	54	11	49	23	50	
12	43	69	64	22	74	1	40	54	12	2	2	53	19	59	22	47	2	58	33	70	32	12	71	68	54	23	2	3	41	26	64	6	17	27	2	15	25	39	42	11	16	41	61	32	28	57	2	75	37	9	45	44	20	12	34	47	31	10	24	46	34	13	26	29	35	25	18	33	48	52	41	55	21	5	
6	12	56	57	60	16	64	25	34	58	35	65	3	39	50	23	60	59	7	8	5	14	9	16	44	45	42	61	70	32	59	51	19	37	30	1	27	68	23	62	24	31	26	28	46	47	21	29	27	33	9	10	14	66	71	32	11	36	14	2	65	72	49	13	7	54	67	40	43	54	69	73	8	15	62	
27	53	5	51	2	5	34	57	16	23	51	46	29	9	57	6	48	26	51	30	30	3	8	59	43	59	45	6	65	28	66	65	4	44	38	54	46	47	33	59	49	58	27	72	64	58	50	12	60	74	39	11	75	43	52	18	24	63	19	63	13	58	55	65	25	63	41	68	9	56	50	61	7	62	20	
67	8	66	1	63	62	13	48	36	53	14	49	52	74	43	14	61	23	63	48	22	23	64	13	29	11	37	55	14	65	70	3	44	58	54	29	19	64	56	57	17	68	24	66	60	41	2	20	61	38	66	6	35	51	68	39	59	27	14	47	69	71	50	30	15	4	32	31	40	7	72	53	73	56	18	
26	19	69	43	3	6	8	57	15	57	47	50	15	48	38	60	33	18	7	36	31	58	66	37	18	69	16	46	35	69	39	35	62	30	53	61	10	59	18	23	14	62	46	4	10	7	38	17	1	42	51	27	73	40	44	13	7	52	33	17	20	46	28	2	50	5	37	63	34	52	9	47	14	45	24	
73	25	58	12	22	23	60	24	17	73	57	5	55	29	12	71	21	55	69	72	27	68	31	58	26	58	56	43	74	75	64	41	74	28	50	18	41	33	40	32	5	70	11	57	1	73	34	15	30	17	10	52	59	38	9	57	2	63	3	39	37	42	1	35	61	48	36	71	62	44	25	63	45	11	14	
24	58	14	37	10	5	20	33	61	32	40	17	24	2	13	59	36	48	57	43	26	6	43	19	62	7	18	14	31	3	26	52	35	14	63	40	16	6	70	74	12	9	65	34	8	75	67	22	22	47	36	45	49	1	38	11	4	39	17	30	8	23	60	41	28	42	3	44	22	50	15	32	46	53	64	
36	50	52	29	70	73	62	14	21	37	27	24	38	55	15	41	40	29	20	75	31	39	54	46	56	74	34	10	27	9	47	60	56	1	63	26	48	28	37	65	59	61	63	70	16	75	35	49	3	28	50	31	62	2	74	42	69	30	25	18	17	69	53	66	42	43	19	11	64	25	4	22	60	44	10	
72	32	40	44	9	65	64	37	26	60	10	64	51	14	63	44	24	54	19	64	20	31	75	4	13	74	74	5	56	31	12	50	38	27	68	43	14	35	55	38	15	61	1	39	49	61	57	70	14	73	56	7	28	31	8	14	29	56	17	58	61	3	30	20	33	72	40	15	36	16	50	18	48	25	34	
19	60	6	63	72	52	42	53	1	70	36	64	71	14	54	51	73	54	56	67	55	27	4	68	27	70	17	38	37	40	61	30	22	41	16	68	18	32	21	66	1	57	51	69	65	5	20	37	33	50	4	11	62	8	2	3	45	15	36	7	58	71	9	49	34	74	16	24	28	34	11	26	10	37	75	
50	39	11	9	69	35	62	2	9	64	52	7	32	65	17	10	16	12	68	39	19	64	55	40	66	9	48	14	69	8	6	42	20	66	24	13	1	9	63	7	47	15	67	53	2	3	38	71	61	28	29	54	67	57	68	56	62	18	44	30	72	25	68	21	12	22	4	62	73	41	43	42	51	30	18	
26	4	53	16	40	55	19	68	46	72	59	74	33	72	41	61	66	61	29	56	47	17	53	32	12	14	49	52	38	52	44	62	53	20	75	67	48	69	58	70	62	18	63	73	10	2	52	50	37	55	28	6	71	3	15	4	1	36	54	27	10	24	11	37	13	60	27	64	50	65	23	25	72	63	6	
4	59	29	51	71	6	2	74	72	54	60	73	43	18	25	43	3	19	28	37	28	10	61	59	34	19	5	19	13	39	19	66	21	22	17	13	26	67	61	73	44	20	45	59	14	43	6	12	62	27	46	8	35	9	41	47	22	23	60	11	56	53	72	51	72	63	38	71	52	72	41	69	68	7	27	
2	48	26	65	29	51	9	11	8	13	27	25	9	21	7	15	74	57	62	23	28	47	35	22	73	30	60	64	18	41	14	69	63	16	55	66	62	70	52	44	47	1	66	54	19	48	43	67	4	31	64	32	50	21	27	43	28	59	6	17	75	68	10	61	4	38	49	71	3	24	6	42	73	72	19	
66	17	12	32	18	13	18	23	58	14	45	75	36	3	55	50	75	22	33	35	24	68	59	61	40	3	65	57	50	34	49	38	25	35	67	40	46	59	60	2	70	4	51	5	56	28	31	54	47	60	63	45	29	43	6	66	20	45	48	67	1	67	7	23	26	45	37	66	27	19	68	71	72	38	52	
52	40	2	4	62	60	66	29	10	29	32	49	46	74	16	12	49	5	13	47	6	55	6	67	3	75	32	48	50	44	21	19	59	20	72	45	54	58	46	38	61	1	14	6	51	1	15	73	54	25	41	56	2	22	22	57	70	53	25	42	69	20	31	63	14	26	15	69	5	64	26	65	34	11	66	
57	7	55	52	59	2	68	13	1	11	32	53	3	58	51	38	49	69	43	73	5	65	63	45	67	21	46	29	29	54	69	8	34	47	58	70	22	48	3	20	33	10	47	35	64	72	46	14	40	12	59	19	74	44	61	41	62	28	49	66	60	13	75	64	56	30	62	1	4	30	71	5	37	16	15	
23	11	34	9	48	43	65	64	18	9	24	31	47	49	50	33	4	60	26	65	15	51	17	13	23	50	58	25	5	71	19	1	56	44	59	3	9	46	41	74	52	62	7	74	11	52	27	12	35	50	53	46	2	65	36	72	10	66	71	12	36	6	60	16	47	44	67	30	62	32	4	14	15	8	7	
75	33	31	11	63	56	35	8	29	74	16	23	5	4	18	65	15	20	47	4	42	63	68	69	48	21	70	34	11	73	39	9	27	45	67	64	2	23	47	25	71	37	23	1	16	39	61	28	31	7	29	72	67	19	39	14	15	32	22	23	36	58	38	28	3	17	6	72	21	13	24	8	49	17	57	
60	28	16	10	33	21	13	3	62	30	39	51	19	67	69	39	68	26	41	71	24	34	37	71	45	47	42	27	17	33	58	51	36	71	35	42	66	46	43	28	50	55	75	66	22	43	4	12	70	44	57	64	72	16	40	16	61	73	18	52	5	73	1	38	43	46	2	48	53	18	59	29	74	31	65	
15	71	66	2	59	31	56	22	3	46	54	16	29	50	31	55	29	27	52	63	66	59	39	72	35	57	53	34	25	58	22	14	49	62	12	7	15	42	27	17	13	3	28	18	26	33	44	60	33	68	38	73	49	61	69	8	28	19	15	34	72	35	38	43	20	48	45	8	24	51	72	74	49	75	8	
72	29	24	25	61	14	36	54	61	10	21	41	35	37	53	36	31	61	72	48	56	42	70	59	28	18	30	75	64	26	57	39	52	4	57	10	17	71	62	73	73	5	14	7	16	65	41	23	27	35	66	1	51	36	34	1	55	61	74	15	9	32	33	35	38	58	42	43	45	2	16	40	59	27	22	
69	65	62	12	12	17	53	62	65	63	18	40	36	54	13	26	36	41	47	68	68	25	9	10	44	9	23	59	66	47	3	54	39	60	40	21	51	15	6	16	75	73	52	11	50	39	36	59	55	57	50	46	54	58	28	22	42	48	2	24	70	2	61	27	36	14	23	9	31	25	29	1	21	49	13	
45	9	40	26	36	69	49	56	45	5	4	40	44	49	39	40	41	15	14	42	25	2	62	31	27	61	28	24	4	72	8	22	54	45	23	12	13	45	64	55	48	64	18	63	13	32	1	30	21	64	47	43	65	6	49	67	64	74	61	43	42	66	62	70	10	58	7	20	26	46	50	47	11	42	16	
68	47	8	70	42	46	37	60	31	40	31	70	4	5	51	44	19	17	5	11	24	61	65	19	63	7	66	30	10	30	38	52	51	21	44	16	62	7	73	67	18	3	57	19	2	30	64	18	45	41	6	48	23	66	59	58	71	24	12	54	28	26	29	1	37	49	14	73	50	61	74	52	69	43	72	
61	46	16	53	64	53	31	29	50	20	62	30	64	8	19	18	33	33	21	9	45	64	22	41	11	5	2	49	39	17	5	23	60	70	51	47	46	3	50	71	72	35	23	36	40	12	51	48	42	45	54	61	32	52	1	40	56	75	63	63	66	65	59	49	58	31	73	4	9	43	70	6	74	67	13	
14	1	38	59	18	7	35	58	35	57	51	49	30	25	35	66	14	74	47	39	32	4	29	33	59	48	1	37	19	42	50	30	18	7	64	10	11	72	61	19	53	11	70	54	12	23	45	21	71	13	32	26	62	60	30	43	3	5	1	20	22	22	46	40	27	34	21	11	2	3	28	50	63	16	31	
71	13	43	66	6	53	21	5	13	55	10	32	53	12	29	69	34	25	15	42	33	19	60	35	18	38	39	43	23	27	44	68	37	9	34	17	36	52	72	46	4	7	74	37	65	8	23	19	1	14	40	30	31	18	43	21	41	68	62	50	69	28	18	10	10	51	19	45	75	67	64	56	44	42	11	
31	36	7	47	34	14	57	33	39	71	64	35	23	31	20	48	22	18	40	24	29	66	18	43	60	6	29	41	46	40	17	53	73	19	74	7	30	50	14	43	45	1	2	41	9	67	63	26	8	25	25	7	10	42	49	51	19	54	54	44	15	69	12	61	11	6	52	13	53	55	30	72	28	27	35	
32	68	20	32	49	25	53	59	4	15	74	47	8	26	22	44	35	13	53	70	70	56	34	5	9	61	33	2	64	37	11	70	1	5	28	48	22	74	74	24	63	71	44	75	69	63	12	3	49	61	70	18	16	3	21	22	39	29	73	24	57	6	17	55	14	40	1	36	19	72	27	48	42	67	23	
33	29	25	34	52	61	3	67	50	59	63	69	14	9	64	37	41	68	49	70	50	61	46	75	46	40	75	69	57	41	60	65	44	5	70	18	39	69	66	11	45	42	55	57	28	43	67	41	9	15	12	32	52	53	29	71	15	4	61	48	41	44	31	7	20	24	74	56	67	58	42	35	71	19	73	
70	34	32	33	16	44	41	45	19	67	48	61	4	52	44	24	11	60	54	69	2	53	40	33	42	17	72	49	62	15	37	55	23	43	62	35	12	1	2	4	65	48	59	46	18	3	66	4	63	17	49	36	65	10	66	27	74	38	75	51	47	13	14	66	57	49	3	58	56	74	39	50	21	66	60	
14	66	38	68	25	54	34	61	39	39	24	71	13	59	40	46	28	44	33	74	17	56	42	73	25	41	4	33	34	68	59	45	57	19	36	56	45	66	47	59	5	60	22	66	43	62	37	51	22	48	9	38	19	49	10	18	63	10	26	18	52	6	64	8	75	69	60	50	34	1	22	53	52	55	2	
65	19	10	6	16	48	14	50	42	36	33	34	20	16	57	35	67	37	70	70	38	62	52	74	71	46	68	5	72	11	4	40	2	12	40	15	33	51	44	49	8	68	9	3	7	60	34	46	19	5	43	26	41	65	73	32	10	64	35	13	44	18	37	45	21	74	55	28	25	69	75	17	58	3	26	
39	37	13	8	30	14	43	53	28	7	46	34	15	7	66	67	48	53	4	14	71	75	44	74	74	32	71	1	64	48	2	3	9	64	10	11	52	25	45	2	31	6	10	19	62	51	16	9	26	9	72	20	58	35	16	54	47	65	29	33	34	5	21	12	65	18	20	41	9	57	15	36	35	22	38	
20	70	34	3	71	19	72	65	72	29	55	26	45	38	27	47	69	28	49	52	67	57	71	6	39	23	21	73	59	13	1	49	58	10	50	51	23	44	38	5	47	17	16	14	27	40	58	68	42	30	41	33	60	32	35	21	53	24	4	6	12	43	53	74	50	2	18	69	46	29	61	12	22	51	7	
42	65	33	8	11	37	46	35	70	52	43	13	6	41	55	7	50	20	34	16	43	38	7	36	49	39	69	36	26	19	11	48	61	41	47	62	75	14	74	68	40	14	56	17	53	10	73	25	5	29	15	45	45	20	3	59	50	44	16	55	37	1	20	18	40	57	54	49	51	60	8	9	64	58	27	
11	41	17	13	42	20	22	9	30	39	61	9	64	3	75	36	38	73	46	30	12	25	6	24	47	29	2	28	62	33	48	70	71	39	2	14	32	2	19	35	35	53	41	8	54	15	31	66	63	52	18	49	51	23	70	21	50	72	42	10	25	63	1	3	1	53	16	29	26	74	61	58	27	1	55	
3	66	63	43	28	33	58	75	7	1	44	74	24	13	21	8	12	1	59	5	73	35	60	2	54	34	36	16	60	34	41	58	74	73	25	1	31	55	50	10	30	22	61	50	29	71	32	12	69	9	67	41	37	62	39	66	6	72	52	37	7	66	70	54	64	15	53	65	43	26	48	71	17	38	20	
15	22	48	24	66	54	15	29	67	37	49	33	16	17	4	51	70	45	42	46	28	37	73	14	71	20	60	44	32	63	59	21	59	29	43	50	57	30	51	44	64	68	72	55	4	52	27	74	69	53	16	23	72	11	7	48	5	41	6	19	26	62	34	9	65	47	29	54	1	2	65	59	67	35	36	
46	6	36	16	50	3	29	66	48	16	46	14	69	10	16	1	10	52	27	2	18	69	20	57	41	70	43	73	40	72	7	5	53	41	19	75	17	21	62	63	9	11	73	74	67	63	72	4	38	73	64	50	42	56	12	56	49	21	55	8	67	59	62	18	22	54	15	34	49	54	19	60	56	66	28	
44	51	74	40	62	47	3	34	61	33	15	40	56	32	14	42	23	67	22	37	61	50	50	70	21	1	62	53	53	52	75	20	75	48	34	59	24	11	68	75	43	3	37	25	13	49	56	31	14	54	40	2	26	64	40	28	61	35	68	16	55	42	36	46	17	39	3	27	57	71	3	64	60	41	58	
53	56	36	54	68	63	67	39	64	30	3	4	66	75	46	2	46	70	30	1	73	43	69	73	14	32	50	51	52	4	32	1	40	42	29	25	28	18	38	12	45	21	13	10	64	34	9	11	20	16	71	65	54	36	47	73	44	8	38	16	61	45	14	19	8	41	22	33	31	59	18	55	41	37	58	
27	38	65	33	51	75	4	39	32	41	74	15	54	56	27	68	42	68	55	55	52	69	69	7	74	22	21	58	60	23	5	10	56	46	17	8	18	19	48	45	29	16	60	6	70	57	47	30	24	2	59	71	1	51	53	64	69	49	11	59	43	13	35	74	62	26	9	46	18	20	13	44	33	42	25	
1	21	69	5	19	68	62	69	35	17	20	73	7	58	58	29	75	46	38	3	73	64	72	42	2	13	52	19	22	16	41	18	11	14	73	28	53	57	67	60	66	12	55	43	36	36	48	33	3	6	8	74	41	75	38	23	65	63	34	54	4	49	47	15	59	45	35	37	73	25	9	39	2	40	9	
35	48	28	42	26	27	44	1	47	15	12	56	72	71	11	48	2	56	17	2	9	33	11	15	28	16	68	63	8	29	45	17	55	62	58	74	11	75	70	51	11	14	8	57	49	18	4	43	46	71	20	52	30	25	62	52	31	50	14	21	53	52	4	27	36	34	10	22	32	45	49	38	23	51	69	
68	64	71	31	9	66	45	58	12	44	17	38	49	42	50	62	72	24	60	6	58	17	74	54	22	35	25	39	33	72	27	26	35	18	27	41	4	70	75	66	16	65	26	67	30	73	46	72	23	1	65	53	67	55	28	63	64	51	20	17	19	47	13	28	33	50	43	12	7	40	75	32	3	2	8	
7	71	15	75	65	65	63	16	31	19	41	15	57	63	8	46	58	46	61	7	53	70	48	62	72	61	38	12	61	35	60	43	5	73	39	43	37	4	59	64	13	74	54	42	56	66	10	13	27	40	69	60	33	39	46	2	9	49	14	36	57	10	3	67	44	32	23	6	6	11	45	69	47	13	49	
25	69	17	14	70	32	2	49	37	15	65	36	11	31	45	19	63	16	13	44	27	20	41	75	23	24	34	17	67	46	28	59	13	38	67	6	64	44	27	22	56	9	58	65	21	74	7	75	66	69	22	61	11	68	58	9	68	26	72	50	35	15	8	44	51	73	29	12	39	48	18	30	54	60	70	
43	35	37	39	67	28	55	51	13	31	31	72	73	20	64	22	28	2	32	10	34	23	16	38	36	39	40	27	15	70	6	56	3	17	69	67	21	24	17	6	54	25	73	26	40	63	40	65	36	66	34	57	64	27	68	20	75	73	30	53	43	29	28	42	16	1	8	32	14	4	35	41	19	7	59	
56	41	70	20	74	57	29	30	19	51	67	36	12	40	60	58	5	54	64	21	44	53	7	50	42	2	59	3	16	64	31	46	27	23	41	4	54	73	5	72	17	75	10	27	32	35	8	11	65	63	11	30	15	7	14	55	66	62	53	70	24	58	19	47	6	54	25	61	20	28	26	34	68	29	56	
74	42	35	7	22	72	69	27	14	67	6	62	46	43	13	16	57	71	6	12	45	40	22	9	52	43	20	59	11	21	14	13	64	46	65	51	41	49	53	25	38	53	66	59	17	71	51	44	38	32	43	58	60	63	54	10	5	55	66	22	67	2	69	23	45	56	44	60	33	18	7	46	61	68	1	
32	44	20	72	47	46	38	27	33	75	3	37	58	25	1	40	13	74	35	15	21	67	25	1	10	42	57	23	60	45	18	14	7	34	61	24	2	22	47	8	69	26	13	48	47	11	7	36	59	17	27	3	4	38	50	4	54	28	5	36	49	15	51	22	30	30	46	74	25	66	2	17	12	62	39	
34	69	41	64	27	58	54	73	45	21	22	23	65	46	23	28	66	10	44	62	35	49	26	29	48	12	75	39	71	59	72	2	27	15	40	50	38	16	24	56	28	43	4	20	61	6	13	49	57	30	33	7	3	37	7	25	30	7	60	14	39	36	66	62	42	55	10	52	47	29	31	67	67	5	55	
49	73	42	74	50	70	5	31	51	36	37	66	30	15	24	17	52	53	6	32	68	29	14	42	69	40	71	56	6	1	9	30	43	47	3	72	37	8	72	58	19	6	47	40	16	44	55	38	16	59	41	62	7	52	23	48	12	15	13	70	64	8	22	3	35	73	48	64	10	39	41	20	25	61	30	
33	23	52	45	13	31	10	67	22	61	65	39	48	54	34	16	18	21	12	13	43	7	32	11	55	49	22	40	63	2	58	71	72	33	35	57	42	40	25	24	74	27	56	24	68	65	41	72	6	16	60	44	36	14	51	75	56	67	33	26	43	70	7	17	73	16	50	35	53	3	56	23	52	9	37	
37	71	44	7	53	59	64	17	50	62	38	22	7	6	29	20	21	29	1	34	11	14	2	17	46	40	47	39	14	52	73	23	24	14	31	69	68	65	69	15	39	19	35	43	23	42	37	45	50	18	48	40	24	26	50	60	57	25	7	49	51	52	63	40	66	63	12	24	54	64	36	64	57	56	5	
54	3	39	15	28	49	30	62	52	20	9	62	50	1	47	13	20	7	49	55	64	41	60	63	58	25	22	45	2	67	46	57	42	59	37	65	7	5	47	29	4	56	17	51	29	53	60	44	68	8	22	14	18	56	74	71	16	69	36	1	33	55	27	71	35	61	66	70	35	31	65	75	4	52	21	
3	24	55	21	54	37	47	35	53	73	8	20	70	74	61	45	27	7	71	68	39	26	49	1	50	43	41	13	69	15	33	69	10	60	14	54	72	27	65	20	22	69	38	64	44	64	11	55	68	51	34	29	74	4	5	15	18	19	28	9	31	30	52	15	67	39	56	57	63	30	1	57	73	36	32	
38	71	30	4	73	50	36	70	46	22	43	42	27	60	57	34	64	61	66	13	47	21	42	28	6	51	74	62	42	31	31	4	74	53	4	58	33	17	23	47	1	63	5	29	45	36	31	32	2	13	3	40	40	43	48	11	14	37	22	56	44	50	39	52	7	8	69	9	68	12	23	10	71	1	67	
13	45	67	41	26	4	16	42	9	53	7	67	39	38	65	63	1	35	18	36	14	66	27	63	57	13	8	43	6	10	15	17	26	69	32	37	44	33	54	25	62	53	20	74	72	51	59	64	8	46	74	68	12	5	53	70	10	58	21	64	38	11	51	53	73	75	60	39	22	34	66	38	24	50	35	
71	27	68	34	5	13	11	69	23	4	25	60	63	57	64	30	15	72	74	61	65	44	43	12	45	3	54	6	57	18	14	28	27	56	59	9	66	40	49	69	19	2	44	13	21	14	28	34	7	1	17	37	43	59	55	16	32	48	64	29	54	67	15	55	31	43	39	73	5	8	31	24	48	51	75	
5	53	45	22	55	26	12	63	40	66	72	47	74	42	28	52	25	60	67	48	69	24	5	58	4	8	62	31	30	33	20	18	14	18	15	32	23	27	16	53	68	29	21	56	57	9	39	41	43	62	11	34	61	13	64	61	73	33	5	35	54	73	41	60	19	36	13	2	48	25	70	37	18	26	71	
55	10	66	71	46	51	6	49	38	66	13	68	59	28	47	64	2	42	67	40	29	16	47	29	37	44	61	68	51	56	54	7	65	25	72	29	66	53	52	9	38	59	64	2	8	50	26	62	50	19	21	2	8	39	5	20	54	34	23	3	12	41	5	69	49	51	75	15	75	45	11	48	25	57	17	
7	57	46	41	31	29	54	32	73	24	31	12	67	62	68	63	71	1	45	41	48	67	33	39	64	52	21	74	52	69	2	58	47	5	20	74	3	48	2	44	34	30	15	71	75	43	42	37	18	73	5	50	39	16	4	26	60	17	22	38	8	73	65	28	53	59	25	51	44	35	14	49	36	40	40	
18	58	57	30	73	34	17	35	63	5	31	11	35	45	7	43	26	2	73	51	51	48	50	72	53	72	7	4	75	21	23	15	1	49	21	2	74	20	29	36	72	38	44	9	55	27	19	1	2	22	27	35	66	74	24	3	46	3	8	42	40	12	31	5	17	62	68	12	41	69	47	10	32	64	10	
58	72	9	35	75	30	53	15	74	26	9	52	1	61	49	10	6	14	39	17	36	60	39	16	5	30	44	5	41	20	45	63	66	49	11	43	65	59	31	37	7	28	12	50	72	46	58	8	48	21	55	67	53	69	74	62	68	6	27	23	23	73	2	54	43	55	71	10	36	29	19	33	35	3	65	
