42	47	26	7	37	25	56	16	16	17	2	41	1	2	58	69	7	4	25	51	6	3	35	34	69	9	69	48	4	5	63	58	64	48	49	22	70	4	36	60	69	38	24	67	11	56	39	15	57	35	43	60	40	73	17	27	57	8	49	59	61	34	18	23	4	44	43	72	39	52	31	30	61	29	19	
69	8	28	58	62	60	21	22	17	69	13	18	48	70	64	5	30	20	71	51	73	29	16	67	42	43	74	46	25	24	39	19	31	65	49	66	47	68	10	38	59	72	53	5	75	23	59	26	10	50	44	6	53	55	49	32	1	45	37	19	2	3	9	67	61	56	57	7	51	62	41	2	33	69	11	
20	59	61	11	67	11	50	70	61	4	39	53	72	56	12	65	42	60	72	31	19	49	61	22	68	22	62	68	54	28	47	47	10	7	55	74	15	4	43	51	57	56	3	29	34	64	16	52	46	10	58	62	33	39	6	24	58	41	14	13	66	58	63	69	62	8	23	52	71	73	25	40	21	26	75	
50	63	4	75	32	64	53	68	18	66	72	16	23	12	4	8	52	36	59	25	73	42	22	47	25	10	46	65	24	45	28	48	30	6	45	60	66	73	50	58	37	21	49	35	7	50	40	56	9	26	55	5	38	1	48	61	57	68	51	55	39	70	25	62	74	45	27	41	16	54	70	67	40	43	8	
44	14	22	74	72	17	29	73	52	26	20	34	57	10	1	34	19	45	33	3	18	52	21	29	66	63	21	39	2	37	21	43	25	40	41	19	54	67	68	28	66	60	36	22	46	11	53	60	55	60	38	44	35	56	70	23	18	69	36	24	2	31	42	24	47	49	17	75	15	5	4	54	48	34	6	
5	43	25	39	70	8	73	14	17	28	6	14	21	46	47	36	45	52	45	44	71	17	57	66	28	37	64	5	72	73	53	51	15	75	64	7	57	60	70	74	62	51	9	10	19	28	18	40	54	58	4	48	49	59	35	51	20	1	30	65	50	5	16	61	2	1	41	56	35	32	26	22	11	31	23	
73	32	34	34	8	66	36	52	37	69	61	11	60	34	38	46	2	40	35	34	16	33	48	46	65	2	70	6	56	74	2	28	27	11	62	9	75	70	39	11	63	19	19	20	27	31	64	27	47	73	41	36	29	5	5	67	56	49	47	12	21	50	37	45	32	22	29	30	68	61	42	23	54	29	43	
4	35	3	5	55	73	37	13	75	17	67	64	70	38	11	4	56	32	15	1	61	8	26	12	69	62	22	13	39	25	27	39	57	28	41	34	75	53	23	2	67	14	40	59	47	44	37	6	73	49	74	33	54	74	42	45	58	38	31	19	60	33	36	17	41	71	29	32	46	48	4	16	53	18	68	
73	33	5	72	6	51	45	36	28	41	52	46	74	12	53	15	47	59	21	61	16	66	60	22	34	27	1	20	54	65	11	26	20	13	73	75	38	39	34	40	55	60	62	51	70	12	42	43	68	58	2	58	47	57	2	56	57	54	73	10	39	63	11	35	45	7	31	8	19	39	22	71	23	3	44	
66	12	6	4	54	38	75	34	7	30	10	37	62	60	32	46	21	64	54	52	31	57	58	11	73	19	27	66	40	27	9	26	13	64	28	41	24	1	72	6	8	5	40	65	39	46	33	57	35	63	9	42	43	67	44	14	59	70	2	71	74	61	20	58	45	20	22	43	3	68	23	73	15	37	47	
8	57	45	39	11	29	45	23	44	8	64	54	40	32	29	33	24	10	47	4	29	41	75	46	11	65	67	7	34	3	18	39	58	60	75	43	63	20	63	30	2	26	59	39	55	8	68	53	67	38	56	18	61	29	48	61	16	4	42	47	5	57	12	66	17	62	25	69	74	62	70	1	10	35	35	
62	40	3	38	29	38	67	21	65	70	33	26	8	35	66	29	37	21	11	71	12	65	72	38	39	55	16	12	41	48	21	1	10	22	13	13	34	54	9	21	46	38	44	51	70	10	2	6	3	10	75	63	49	45	23	15	21	36	19	42	6	43	32	65	56	42	52	12	18	57	7	38	17	25	14	
62	7	62	65	7	46	39	67	18	5	64	2	75	22	71	31	2	33	38	41	61	54	15	48	47	46	28	8	37	50	16	21	55	52	61	35	21	23	1	13	1	63	12	73	6	5	3	9	10	17	20	46	68	9	18	36	53	41	40	12	69	30	7	42	5	66	51	4	61	56	10	59	34	19	31	
38	74	9	17	7	21	12	49	10	18	40	20	68	54	58	55	41	62	35	57	42	23	31	38	58	3	45	17	35	39	45	46	35	51	38	15	71	47	39	56	64	75	72	29	52	29	5	66	13	38	48	30	36	2	64	69	51	11	6	60	22	26	8	32	53	17	43	20	61	56	73	22	59	43	50	
3	69	28	67	56	40	12	7	49	60	46	16	33	52	19	66	48	19	45	1	68	59	18	10	42	72	56	41	24	21	62	2	12	64	43	43	4	52	47	27	11	15	40	22	41	34	6	11	50	51	61	40	8	2	25	24	54	3	63	69	23	21	53	8	9	13	25	14	36	70	35	44	65	55	71	
23	3	40	8	51	63	68	65	67	66	66	13	13	69	70	56	61	14	24	43	70	9	66	52	44	35	7	60	71	29	42	13	32	56	72	54	41	62	19	30	25	5	18	12	45	10	73	4	73	11	22	46	69	64	16	33	74	21	15	75	24	34	49	50	61	47	5	24	1	20	29	2	74	48	9	
18	28	71	71	23	57	15	62	48	51	53	55	44	71	45	28	69	50	74	41	33	15	19	55	13	13	6	10	62	26	68	3	49	38	47	47	17	37	8	39	10	58	16	52	28	59	54	19	30	27	35	60	41	51	14	49	63	69	34	46	20	75	22	62	36	66	9	29	25	13	64	10	70	54	40	
71	34	12	13	38	36	22	72	49	73	9	72	31	75	4	51	65	1	47	49	10	37	54	35	35	41	20	42	11	71	52	3	5	61	65	39	71	14	10	19	53	16	13	7	66	14	32	55	12	2	1	21	12	29	28	44	67	23	61	56	67	40	51	68	3	15	6	41	24	17	58	48	8	45	30	
67	57	59	42	43	35	40	37	45	66	63	62	33	7	22	6	72	32	31	39	2	43	44	40	38	31	73	60	32	41	12	23	19	45	46	36	3	53	71	20	18	56	57	48	37	1	28	31	8	56	68	6	74	10	20	11	38	15	69	44	29	54	47	22	21	1	55	5	28	49	14	43	4	44	66	
38	42	68	43	23	24	10	26	19	71	44	4	6	33	69	48	59	46	62	3	40	38	32	36	63	5	22	9	55	63	45	67	5	35	10	25	56	70	49	73	61	67	51	41	22	42	65	3	64	52	57	23	7	9	31	44	66	50	23	39	12	65	11	14	22	16	14	1	8	37	48	47	26	21	2	
45	37	63	22	20	10	74	17	66	57	22	32	41	46	52	54	55	39	56	46	59	43	55	38	21	14	4	34	37	75	33	56	35	70	53	50	2	25	41	67	4	61	72	42	28	24	70	58	60	49	23	18	66	3	26	9	63	27	44	22	30	47	52	31	40	29	62	16	48	17	65	51	64	28	69	
53	49	59	10	8	7	30	1	70	5	24	1	65	26	15	62	23	59	36	51	74	60	27	64	7	20	42	54	67	44	20	22	15	2	27	73	57	31	75	49	33	17	47	21	17	37	8	38	17	39	63	13	72	12	74	3	28	15	32	4	57	25	66	46	74	14	41	55	41	11	24	50	3	51	67	
17	3	46	52	18	58	37	5	53	24	54	29	26	65	33	18	22	55	4	42	51	66	59	27	7	66	25	53	68	68	19	57	45	62	9	37	42	21	39	69	41	66	73	65	56	28	57	49	6	36	65	31	1	45	32	5	10	60	32	50	34	48	29	40	35	35	75	49	63	13	43	70	2	38	39	
30	38	12	53	16	22	41	43	20	60	73	23	67	25	52	17	20	75	42	57	29	52	31	1	4	42	15	47	18	27	1	45	58	10	72	71	6	35	13	23	69	7	20	58	6	48	72	23	44	13	59	70	39	8	46	40	24	57	9	39	55	58	60	35	49	54	11	50	62	15	66	54	74	8	34	
75	52	7	73	18	67	50	63	28	32	30	42	54	61	24	16	15	5	71	47	44	23	28	12	8	38	52	58	32	57	69	7	9	46	2	1	35	26	61	37	55	65	55	11	25	51	21	39	53	66	6	72	63	13	58	68	42	33	48	49	63	14	56	70	57	31	45	66	29	34	2	60	16	59	63	
38	2	58	73	53	46	54	24	31	34	56	73	73	62	20	43	47	35	70	16	62	72	61	28	23	8	26	55	74	52	40	11	51	21	58	3	41	10	4	47	42	54	19	36	38	36	57	60	41	23	1	25	69	30	27	66	12	49	45	8	75	6	68	25	5	48	26	17	55	7	37	9	63	64	13	
13	11	34	70	49	54	42	48	46	69	50	34	4	71	52	61	68	55	51	68	30	21	16	43	50	67	3	43	44	53	24	29	39	55	74	62	32	38	10	52	6	57	60	7	58	35	42	16	63	15	6	17	10	71	33	35	64	12	52	1	37	73	26	75	51	2	36	59	14	19	31	18	71	65	71	
19	22	35	10	59	25	65	72	32	36	4	66	18	11	16	67	45	12	68	45	59	64	50	38	72	66	43	13	36	31	53	53	27	14	37	8	10	24	2	39	58	3	3	49	63	68	41	31	1	29	46	58	15	20	70	62	6	36	47	16	42	19	69	65	7	2	70	11	26	47	27	55	25	1	28	
10	66	40	15	65	68	58	25	55	73	69	15	53	24	55	70	39	71	32	26	72	31	71	57	29	17	4	11	38	54	8	22	43	45	34	7	12	66	27	41	61	67	52	13	65	30	4	28	74	8	33	47	13	21	36	40	35	3	22	48	54	37	44	73	46	51	75	60	40	75	13	42	64	49	16	
51	63	64	51	36	67	1	4	2	19	3	17	25	3	34	69	31	34	12	25	5	59	74	27	22	49	14	19	42	49	29	60	12	63	33	45	52	32	46	28	23	23	20	45	24	50	13	29	59	73	28	57	55	24	7	53	70	18	66	4	43	67	38	51	54	69	21	3	75	39	6	70	37	21	41	
57	46	24	60	27	19	10	58	71	8	62	20	2	55	61	59	19	49	15	48	75	63	36	53	31	49	32	23	8	30	35	62	70	56	21	71	73	28	51	43	34	13	37	9	42	19	66	41	42	54	1	16	6	38	65	34	7	70	64	11	19	12	47	67	42	68	33	15	67	10	31	74	69	72	5	
10	6	39	42	45	62	17	58	68	48	22	74	28	14	49	13	8	37	34	68	52	73	24	62	64	7	15	59	50	2	38	55	5	1	71	26	58	10	5	22	32	75	21	35	12	40	22	69	51	54	36	22	53	57	9	16	36	72	44	61	70	56	15	54	29	5	3	61	65	47	10	70	44	19	4	
31	33	27	20	5	75	53	28	23	9	5	8	19	49	26	74	18	4	60	63	7	62	32	65	25	53	68	70	20	61	71	24	69	17	41	72	66	2	68	64	52	47	46	1	19	73	43	34	48	30	3	54	61	4	40	61	55	10	56	70	41	46	21	31	67	32	75	33	22	66	12	57	12	58	42	
28	25	56	36	47	3	7	22	39	6	37	22	56	18	72	25	33	41	15	62	75	44	63	24	40	24	10	11	43	63	26	36	65	56	70	32	33	74	29	69	54	39	66	33	57	59	34	10	75	45	46	71	64	27	69	2	26	4	11	58	62	13	15	30	63	59	53	19	32	8	62	12	42	50	16	
68	31	45	1	4	12	20	74	49	22	41	49	45	40	34	24	2	42	13	23	8	70	73	72	1	50	56	14	15	32	20	5	34	66	52	35	51	70	7	21	14	46	67	33	9	25	31	59	38	41	10	39	10	53	33	17	26	64	65	33	16	11	19	27	48	37	55	71	6	36	18	69	4	54	29	
62	72	52	43	10	67	46	23	54	70	31	35	16	17	23	25	5	4	37	25	24	42	55	14	45	12	74	36	66	49	57	50	20	8	15	27	53	34	48	24	28	53	33	17	67	52	38	46	32	44	68	29	9	21	39	51	8	40	61	73	59	41	43	1	23	42	4	70	41	26	16	56	75	23	58	
64	50	17	32	3	59	75	6	40	20	42	13	5	52	73	68	33	13	10	8	32	18	8	2	55	30	69	71	27	13	49	65	60	63	75	37	21	69	41	61	66	62	45	63	29	16	26	36	25	34	19	32	48	24	31	4	31	20	70	30	33	41	23	64	11	12	23	74	56	60	53	15	37	1	48	
41	11	72	74	34	5	16	63	50	14	68	27	17	63	70	44	20	10	61	1	64	45	23	59	74	56	11	12	15	6	57	54	15	29	27	24	30	18	60	54	4	50	2	18	35	46	62	23	58	18	7	40	61	70	21	34	48	9	43	66	9	1	13	3	25	14	19	53	27	15	29	31	26	8	46	
56	51	26	54	2	19	49	39	2	42	33	10	63	36	28	23	20	25	33	15	24	46	31	55	45	6	55	50	29	58	17	57	7	16	32	58	31	4	71	8	19	9	15	5	14	41	25	33	39	35	43	61	52	48	34	70	51	13	40	3	44	52	57	23	43	60	55	73	64	53	59	55	62	40	34	
60	2	33	65	15	65	30	50	11	53	7	2	3	66	39	52	9	67	28	5	32	62	62	73	24	5	47	75	51	61	31	10	60	68	72	55	22	2	25	30	56	2	6	29	69	43	12	48	14	37	26	33	70	6	8	9	13	26	16	34	9	17	19	71	46	18	20	42	64	35	46	19	33	57	45	
72	67	41	18	71	43	44	4	30	22	8	36	5	29	17	37	35	2	53	1	46	40	13	10	27	22	31	39	52	4	3	24	68	42	39	37	7	5	38	11	75	42	48	6	68	58	36	10	35	64	1	9	3	63	62	12	14	16	17	45	73	19	55	33	34	68	69	14	47	28	74	43	49	40	51	
35	73	53	12	30	15	62	8	15	47	43	68	52	33	9	60	22	74	14	54	29	4	43	17	24	45	13	44	12	33	6	25	75	33	31	28	45	16	8	36	35	48	25	61	3	30	46	75	27	31	29	32	34	44	22	31	11	9	71	72	34	51	15	37	5	19	32	24	7	37	56	41	66	63	23	
37	8	42	34	9	69	58	38	1	24	35	30	33	39	74	4	49	46	17	53	25	33	8	23	15	19	2	52	3	55	49	36	37	67	44	44	59	25	56	31	24	10	41	30	26	32	45	68	61	46	21	50	53	6	71	65	19	47	16	70	7	63	5	35	27	57	54	4	58	12	10	66	66	60	72	
12	48	24	55	73	44	72	46	20	74	39	59	66	60	50	35	58	15	37	17	35	61	43	14	2	47	21	42	36	37	34	45	8	33	73	4	1	69	23	68	39	36	27	14	18	74	37	73	11	47	62	40	28	27	29	3	75	46	49	7	6	52	51	63	5	23	39	3	63	60	45	25	19	68	9	
9	64	37	4	46	6	64	61	8	65	11	7	59	34	23	63	12	71	16	71	1	30	10	49	67	66	17	15	58	13	20	66	45	26	45	65	29	29	50	11	68	69	15	53	63	36	12	72	6	74	42	2	3	51	48	71	15	38	55	70	18	44	33	60	70	73	48	21	4	70	5	67	27	22	16	
11	26	2	57	29	49	23	4	51	45	26	14	57	64	43	26	3	9	39	36	50	29	65	42	28	29	43	69	51	34	7	37	33	58	16	38	40	12	44	75	55	66	63	11	21	47	15	73	17	43	8	58	71	40	1	72	68	40	41	52	47	46	50	55	24	63	13	28	53	25	2	27	58	67	18	
54	65	21	48	74	38	55	31	7	68	28	75	56	42	37	71	11	54	40	39	53	5	25	2	50	46	57	51	4	39	60	54	3	56	26	74	16	52	28	22	43	53	70	72	18	6	62	7	34	8	17	62	2	39	37	49	59	14	22	63	27	56	41	27	12	35	23	9	62	29	1	32	58	40	73	
68	44	57	45	52	56	59	35	33	73	70	3	54	58	74	14	5	29	24	30	15	56	34	16	17	49	8	18	24	46	12	68	62	69	11	40	21	48	53	50	39	20	27	71	72	75	7	47	27	24	74	41	55	23	37	73	49	31	10	68	51	21	39	12	59	43	26	6	60	42	27	28	53	61	11	
21	49	65	64	50	10	38	11	62	35	12	31	7	18	40	45	66	30	75	51	13	16	71	64	1	36	13	17	63	67	2	56	11	72	19	58	48	54	52	9	70	53	39	62	68	71	29	33	24	4	14	10	18	51	73	64	60	6	54	44	43	55	22	51	15	39	8	37	67	59	47	51	3	5	20	
46	53	39	2	45	18	55	54	31	29	45	69	63	27	46	30	43	73	26	19	63	39	73	25	28	23	65	53	21	61	64	62	36	2	38	73	20	13	24	22	15	67	14	75	67	56	4	32	52	27	31	37	40	17	56	74	13	22	17	33	1	3	70	4	2	3	74	28	16	73	34	5	62	41	52	
28	75	54	57	26	55	57	37	16	44	67	56	58	6	2	60	60	69	50	57	45	50	30	37	41	25	43	19	61	62	63	12	37	39	42	63	14	17	72	29	59	64	4	36	43	49	20	19	18	47	50	35	67	7	68	5	27	10	21	61	46	8	69	9	13	11	40	23	25	38	24	6	71	10	22	
33	46	10	27	36	26	74	69	67	75	36	68	9	42	5	34	11	54	25	13	63	35	27	8	33	58	12	13	28	57	30	34	4	10	59	36	11	55	31	1	29	60	65	2	1	45	32	14	21	32	72	6	42	21	64	69	56	67	7	57	24	6	17	24	66	44	60	72	23	59	68	37	18	32	74	
16	1	28	23	17	34	69	75	72	64	58	39	17	28	41	69	46	21	55	44	9	22	29	54	18	4	22	37	71	51	10	13	24	12	7	19	43	73	11	13	36	42	50	51	44	65	25	61	9	71	27	66	14	49	43	30	26	62	38	20	12	32	6	47	30	26	46	48	57	63	58	33	70	52	38	
33	18	55	17	1	25	19	64	14	40	29	38	42	65	51	58	75	69	41	32	73	20	74	44	70	27	24	57	73	28	72	26	21	24	17	18	46	33	57	59	70	68	70	34	48	19	67	22	62	75	30	58	16	75	43	7	25	21	39	17	47	31	27	41	52	9	61	72	28	36	36	61	5	23	26	
40	14	60	37	74	30	60	55	43	58	51	24	56	72	60	49	16	65	63	54	17	46	11	11	61	21	37	45	13	35	33	27	43	71	61	42	16	44	67	57	26	41	54	2	33	38	47	46	1	9	74	15	52	14	23	18	1	34	51	22	48	7	50	5	44	74	19	62	39	23	19	36	23	66	10	
55	4	31	73	75	37	47	10	63	51	14	72	49	15	25	35	53	26	45	33	69	48	38	29	48	11	34	56	28	73	65	58	71	18	51	64	27	20	74	13	45	53	61	68	66	3	2	17	5	57	50	52	59	46	67	28	62	2	60	75	8	43	30	60	1	6	66	58	9	18	54	15	7	26	12	
56	27	5	49	4	28	16	47	2	59	37	5	8	13	58	57	3	3	8	37	30	65	58	15	53	73	52	66	45	75	46	71	1	25	41	2	46	36	24	23	65	35	75	70	50	32	51	20	6	55	55	34	36	16	41	64	8	68	29	26	42	58	24	43	71	33	17	18	61	40	21	54	72	69	48	
14	19	66	30	21	39	60	29	56	46	71	13	27	35	42	47	74	10	43	14	55	67	33	69	50	40	5	20	9	59	34	70	58	20	1	53	36	41	57	62	3	47	68	24	56	4	69	54	12	6	64	64	73	13	38	42	32	12	50	10	52	44	7	9	63	74	37	66	31	15	48	26	36	34	47	
14	36	15	64	22	18	51	58	12	37	13	28	61	74	36	50	48	6	46	55	36	47	12	26	71	25	44	68	58	56	41	70	11	27	33	5	20	7	35	4	15	45	28	54	20	39	19	63	15	62	16	38	30	9	47	75	2	65	59	40	49	72	3	21	23	34	24	43	42	58	39	29	73	41	1	
15	54	13	51	66	72	42	18	21	42	38	64	43	22	46	73	62	39	1	2	34	5	3	46	37	26	7	40	22	23	30	9	74	41	35	39	39	73	55	30	44	59	17	75	60	36	48	12	4	19	63	7	21	58	50	33	5	29	66	6	49	20	58	24	56	25	58	67	10	7	28	45	62	11	27	
16	45	40	26	13	56	11	15	75	43	47	9	24	67	70	72	35	63	53	56	41	68	12	30	72	16	23	16	53	27	14	66	66	47	69	57	28	51	65	3	69	1	4	17	62	52	60	71	32	40	25	47	22	33	50	6	46	69	8	73	4	14	48	36	37	26	18	59	54	55	33	49	50	11	31	
34	56	14	3	62	45	25	32	42	55	4	33	1	47	18	75	40	7	44	73	36	31	64	69	5	31	1	49	55	9	74	63	39	11	63	6	26	10	30	65	67	8	1	37	52	13	30	70	66	35	39	4	63	71	51	65	29	17	12	53	72	57	38	38	57	24	10	20	7	41	50	66	16	46	15	
42	20	30	7	12	63	43	47	25	36	60	64	34	70	75	10	64	45	22	70	1	50	74	56	46	7	29	16	19	56	13	35	73	23	40	50	55	6	72	5	15	54	39	26	27	7	31	9	28	53	54	24	65	50	57	21	31	71	71	32	26	59	58	74	69	19	47	21	2	40	72	11	68	32	8	
22	36	36	6	60	61	48	59	23	1	34	12	29	4	1	53	28	31	5	24	3	25	45	18	69	64	11	62	49	40	58	37	52	68	50	10	49	56	66	46	51	73	69	50	54	26	20	2	32	75	9	29	19	32	44	63	8	53	57	23	67	17	35	40	14	41	65	38	17	16	50	68	7	7	35	
36	24	30	9	53	27	6	56	22	74	23	1	70	73	13	67	44	26	29	2	11	61	37	34	52	32	18	38	14	4	48	47	3	53	51	30	60	31	12	44	31	29	43	74	1	54	49	19	65	59	13	64	20	11	66	46	40	75	58	28	46	33	70	25	53	21	50	27	55	33	51	50	39	68	57	
11	39	8	23	63	38	13	41	32	21	4	6	64	68	56	7	13	58	50	34	10	69	58	19	38	15	55	62	26	42	28	32	53	9	54	36	18	61	51	48	52	52	22	30	23	75	11	7	33	58	37	39	25	72	48	38	57	28	21	5	62	24	40	16	31	59	46	27	18	71	67	73	44	70	72	
39	56	11	44	64	41	53	27	36	23	48	70	1	50	13	1	7	16	9	18	35	51	40	58	32	29	19	22	47	69	73	7	26	47	24	61	6	57	59	42	71	27	10	45	47	72	20	62	4	3	49	12	39	15	52	45	30	46	67	72	14	54	54	12	75	53	70	13	33	28	20	68	31	2	37	
74	70	52	50	72	52	14	6	64	64	17	31	13	37	3	59	25	23	12	35	20	37	4	73	59	33	65	26	56	66	34	61	33	73	75	29	42	63	8	71	49	6	75	38	36	53	75	57	67	4	11	58	44	64	54	1	68	19	69	47	56	27	73	15	7	55	16	13	12	72	60	34	66	62	66	
21	21	67	73	57	36	61	19	48	25	42	40	12	57	8	32	35	34	6	43	37	27	30	31	34	24	9	64	10	30	36	30	28	74	3	3	23	33	69	66	52	33	5	61	13	11	70	19	15	72	45	26	75	65	43	29	17	18	68	16	45	18	46	2	4	16	44	11	46	43	34	20	38	39	55	
47	22	23	40	35	70	71	55	57	61	74	6	69	16	44	53	63	57	72	21	31	6	39	32	26	46	54	43	6	68	72	49	9	19	8	18	3	58	47	34	38	42	42	3	29	60	45	64	35	41	1	45	16	22	53	39	65	66	57	62	9	28	7	48	41	67	29	25	20	74	29	47	24	61	17	
43	41	58	21	49	71	72	66	5	60	25	44	40	19	21	2	50	24	56	58	39	19	6	54	10	51	55	61	64	47	67	3	54	24	22	75	33	72	40	16	27	70	32	41	49	42	17	65	56	45	34	9	62	35	37	8	60	20	23	46	28	64	52	54	18	45	30	73	11	69	75	38	46	36	72	
66	55	16	48	68	53	5	71	12	15	7	57	73	19	54	16	26	37	48	73	22	1	24	70	60	10	58	16	30	71	66	18	14	47	56	11	71	43	45	5	35	49	34	4	43	8	67	67	19	28	65	20	1	61	10	59	69	36	52	74	29	36	62	29	53	27	65	46	39	9	26	63	56	37	64	
1	16	31	56	33	31	12	30	34	63	5	10	32	41	57	3	51	66	49	38	38	71	20	58	6	28	35	53	55	43	60	40	51	15	5	59	19	66	58	54	29	36	54	27	73	32	14	6	69	57	47	6	21	49	61	73	50	74	39	2	10	22	26	39	26	17	64	44	70	37	8	72	45	23	24	
32	29	38	35	20	74	52	23	60	14	15	58	37	45	17	39	21	17	37	27	4	40	5	21	8	18	65	3	57	10	22	62	40	29	6	30	25	42	50	53	30	30	31	59	51	20	69	50	31	33	66	28	46	68	20	48	57	59	26	36	66	49	72	1	55	66	34	61	24	62	34	24	57	44	4	
6	54	48	48	61	50	36	60	69	27	1	37	71	58	36	18	29	2	19	74	47	53	2	6	75	52	30	68	7	25	51	14	16	24	57	44	41	15	17	30	13	22	56	8	47	5	56	45	70	39	40	71	11	41	55	58	72	63	46	68	25	15	4	64	6	38	28	45	43	33	49	62	32	20	54	
