50	67	66	10	75	58	72	57	13	38	56	48	44	8	70	71	55	46	72	29	47	36	70	68	43	30	62	19	9	75	4	72	20	7	17	68	40	63	47	51	1	3	72	42	8	64	13	37	32	7	65	53	40	59	19	5	60	55	22	43	52	75	14	46	6	6	39	41	66	61	65	69	58	73	29	
40	23	39	74	29	43	36	57	57	65	73	60	24	51	56	65	2	53	54	45	31	56	58	47	45	37	34	8	68	69	35	30	65	48	3	70	64	36	49	44	75	20	4	22	71	59	61	44	9	38	12	36	67	42	5	34	1	14	16	46	62	50	72	52	17	55	10	4	63	66	25	6	7	26	11	
39	52	32	5	57	66	66	67	55	30	47	63	4	58	1	43	13	23	11	30	15	31	37	68	9	14	12	60	60	8	31	73	59	61	1	36	49	41	25	3	46	46	40	24	26	15	42	16	36	50	40	48	4	75	38	10	63	27	44	23	29	73	18	8	56	68	18	6	32	17	56	53	61	19	73	
61	30	37	72	40	62	34	10	40	8	22	24	46	20	66	66	47	38	6	28	68	49	20	69	55	35	24	29	70	16	25	53	43	36	48	58	20	56	42	34	63	64	55	31	56	44	69	2	57	73	4	45	50	22	13	73	32	34	26	23	47	27	73	65	55	51	52	54	74	9	5	56	59	58	60	
24	75	51	75	53	23	1	20	41	20	8	36	48	39	57	68	61	54	41	49	31	58	67	55	53	50	59	8	18	14	65	16	12	16	13	39	15	63	56	52	58	38	62	28	2	19	71	58	70	34	5	75	66	46	60	42	21	32	46	33	43	11	25	29	26	10	65	35	71	22	60	63	64	45	69	
53	61	23	11	53	31	64	50	19	32	2	57	48	33	3	55	48	11	56	75	34	60	62	40	30	5	23	58	59	65	8	11	25	28	71	1	35	66	24	50	67	23	7	11	29	7	63	74	15	15	72	21	73	55	68	2	36	3	69	68	42	60	4	64	70	46	38	18	26	37	6	64	39	47	72	
60	28	34	33	17	47	26	35	19	55	67	70	64	45	47	54	61	6	53	48	66	73	60	58	73	19	23	59	28	68	30	62	17	39	17	31	8	17	40	1	49	7	68	36	26	15	9	9	18	37	54	61	32	14	39	27	7	63	65	38	26	13	16	20	49	41	23	42	21	37	29	71	41	72	22	
64	9	3	71	1	37	24	57	43	35	70	44	17	28	27	46	29	38	60	43	61	64	40	15	8	74	18	70	16	64	66	1	72	64	47	46	75	45	2	40	54	69	59	68	73	8	38	22	20	71	39	4	57	1	6	41	49	60	10	61	48	69	42	16	58	57	62	30	24	63	45	5	26	26	50	
20	31	54	16	26	47	29	4	4	5	69	40	50	28	46	11	72	37	45	12	67	1	44	72	23	25	39	73	27	62	38	19	68	15	9	71	36	35	68	41	13	36	52	61	62	21	46	33	31	65	18	73	63	60	67	64	59	6	55	7	47	70	23	30	57	8	20	17	42	74	28	49	21	2	10	
57	70	29	12	75	16	28	47	54	62	13	36	43	15	14	23	53	56	20	58	12	24	52	1	60	13	25	8	31	75	67	10	44	18	72	19	32	22	41	60	59	51	18	26	40	6	45	68	61	38	27	46	59	74	48	18	63	43	30	15	49	64	2	59	5	45	3	11	64	38	68	21	65	8	41	
2	64	59	67	22	19	66	65	52	39	31	68	23	71	64	35	11	51	8	45	30	51	20	38	14	32	5	33	16	63	48	68	49	29	57	68	24	46	55	72	59	60	37	4	30	25	13	16	50	21	58	1	44	74	36	56	28	40	62	18	74	33	9	45	41	42	35	61	69	64	26	41	27	61	43	
27	59	53	40	30	46	20	28	12	69	61	42	71	73	26	11	70	33	17	13	72	54	22	22	36	60	45	74	5	5	16	7	61	67	44	14	35	39	38	22	8	73	63	75	68	61	10	41	17	23	47	6	50	48	25	60	29	44	34	6	50	49	10	31	13	52	18	46	64	55	43	1	49	32	65	
16	8	71	27	74	67	49	2	17	15	1	74	38	20	30	41	41	75	48	68	10	74	9	31	37	36	46	28	7	45	15	72	29	60	22	24	33	45	3	42	57	52	37	69	68	65	33	32	39	55	74	23	34	56	28	63	14	73	13	70	39	4	43	64	40	38	66	62	5	60	35	59	44	58	50	
1	22	57	30	35	12	3	56	14	33	58	74	22	29	61	66	64	38	31	27	72	65	12	32	44	46	53	25	2	10	50	1	7	6	5	39	67	59	69	4	12	49	54	31	75	13	20	38	25	24	40	71	64	26	28	30	70	52	30	72	60	54	45	40	34	47	2	36	2	48	2	11	69	37	17	
43	15	34	55	37	32	17	7	18	40	29	46	33	55	50	75	14	26	41	51	57	61	27	55	62	47	54	68	38	57	9	3	69	15	34	6	45	47	10	37	64	14	5	16	43	52	12	54	53	27	28	32	11	29	19	67	73	38	35	33	20	21	10	60	29	44	63	48	65	49	8	44	36	62	58	
1	13	43	53	63	68	55	69	52	6	75	42	54	35	51	61	26	64	46	9	67	62	46	14	43	16	71	9	49	56	40	48	65	58	75	27	48	52	18	22	32	17	38	60	25	63	44	28	59	12	32	19	70	57	28	11	66	21	20	15	50	33	36	23	24	33	41	34	59	67	30	29	45	50	48	
44	28	14	67	52	75	73	66	67	47	68	51	12	63	43	24	35	72	57	46	58	65	59	70	48	36	19	34	54	35	5	20	61	68	62	12	69	56	53	31	3	42	5	13	4	45	10	15	16	42	36	71	29	15	64	49	25	51	60	2	9	60	71	44	50	56	30	15	10	5	55	10	21	46	74	
23	65	4	13	3	20	41	48	23	31	29	71	53	54	50	29	37	9	23	5	56	52	8	69	59	10	12	67	28	55	61	25	19	40	11	21	57	49	64	2	53	68	46	6	43	18	32	3	1	30	60	58	62	63	23	38	44	33	3	73	61	39	69	66	74	1	47	45	24	34	7	75	74	51	70	
16	43	61	68	41	12	46	70	42	5	71	1	47	73	53	16	33	13	59	9	62	35	53	66	56	60	72	29	57	19	6	70	36	64	60	52	50	5	44	14	65	11	64	7	6	39	71	40	26	52	20	62	9	71	51	39	54	19	67	9	37	46	55	46	32	12	20	58	15	38	69	49	48	31	52	
28	45	45	38	45	71	55	29	3	48	1	39	1	17	4	7	27	47	34	70	53	43	64	32	32	24	74	5	45	30	52	69	46	71	31	14	65	58	40	49	6	16	55	4	33	57	60	31	8	18	23	54	56	9	61	66	8	59	63	50	67	15	18	10	8	21	14	47	2	35	11	12	41	64	62	
46	20	40	74	21	29	74	48	60	55	30	45	60	61	30	32	40	19	24	17	25	42	28	48	41	30	55	42	47	18	22	14	35	37	62	33	62	33	52	21	11	4	63	70	39	67	75	53	9	26	67	31	38	17	54	1	23	28	27	64	20	16	56	34	49	37	36	7	44	7	50	52	63	65	51	
21	51	69	73	57	64	60	62	24	52	36	74	49	38	15	33	34	1	8	59	21	19	14	2	60	70	1	12	53	60	29	71	34	72	42	65	58	3	27	57	27	61	56	71	74	41	3	30	40	8	63	35	1	50	35	37	42	39	45	17	16	48	62	25	42	4	63	75	2	13	53	7	46	6	48	
18	21	48	42	58	31	2	16	6	49	25	41	13	55	6	4	45	51	63	66	17	41	29	64	19	38	40	17	60	20	62	74	39	9	15	70	14	15	61	18	68	7	57	50	60	69	26	4	10	11	68	73	27	71	59	40	31	72	54	12	14	22	8	26	75	23	24	10	28	1	32	45	5	54	67	
39	11	15	41	16	1	8	63	24	2	44	61	6	16	38	68	4	27	50	27	23	45	42	31	52	17	30	71	72	6	60	10	14	72	25	5	70	31	65	18	7	9	74	61	3	11	28	75	13	75	10	10	43	40	15	69	32	46	63	26	24	22	12	19	17	33	14	64	60	53	74	47	59	48	20	
55	33	25	29	20	22	27	27	39	42	40	8	71	5	45	72	2	65	3	11	55	34	74	41	68	50	13	7	8	57	4	38	63	26	64	5	23	14	29	36	53	43	18	30	24	60	68	31	23	46	9	2	1	4	15	44	51	22	47	56	75	28	16	37	35	58	16	21	66	50	54	19	61	69	15	
4	28	58	75	26	24	5	25	74	6	34	39	55	53	60	9	28	59	75	38	6	52	51	25	17	68	53	10	50	22	21	51	47	52	49	72	73	28	70	70	31	2	8	59	30	66	65	31	48	39	66	29	13	40	56	4	33	26	10	54	21	7	11	66	61	27	35	50	57	3	42	5	12	47	63	
28	12	26	56	34	62	22	59	73	60	8	52	63	30	59	39	49	61	40	14	15	66	23	62	39	27	3	19	24	24	54	28	11	2	55	42	62	74	29	35	32	31	7	17	32	40	33	57	24	45	43	36	9	64	72	25	9	49	38	6	70	15	5	4	14	65	19	50	31	41	58	67	41	44	53	
48	2	4	25	23	26	43	33	29	29	4	49	12	50	62	67	20	73	69	72	63	49	15	11	54	27	68	36	43	31	10	13	28	64	12	26	61	29	34	13	35	12	39	42	59	22	8	53	71	75	25	51	24	13	37	74	37	30	9	54	32	1	41	31	55	28	40	15	56	61	27	9	70	35	38	
29	52	30	56	42	4	3	68	24	13	24	72	25	24	5	53	49	70	17	54	24	44	7	36	70	66	36	1	35	68	23	38	45	31	17	57	34	69	46	55	58	47	48	8	65	23	56	14	15	49	67	13	61	73	47	59	37	57	52	51	47	60	4	71	2	74	20	26	62	40	74	18	6	21	19	
68	39	47	3	29	15	65	16	75	34	37	49	66	16	1	31	38	48	10	1	45	2	18	68	40	55	42	53	35	35	46	4	48	17	56	51	5	19	65	6	50	24	24	41	38	23	43	73	44	50	49	63	50	67	57	62	18	69	15	27	26	58	28	49	71	4	22	50	20	9	33	45	32	46	7	
43	42	22	15	60	70	60	45	19	23	72	3	14	64	16	39	65	48	43	35	18	18	32	67	35	20	13	54	21	33	56	60	50	53	49	34	45	36	73	61	28	67	41	16	31	28	29	17	73	66	26	13	6	32	1	16	46	68	71	62	18	24	22	69	73	75	69	40	74	2	4	25	31	38	37	
58	37	41	49	32	29	50	43	10	4	18	75	46	56	64	8	48	62	27	12	59	17	3	70	13	42	44	11	70	54	23	29	13	63	74	43	12	46	60	71	24	53	68	45	34	33	50	1	19	51	10	47	65	15	15	55	26	57	61	18	14	6	46	21	48	16	67	28	36	19	22	57	52	12	25	
73	41	48	48	30	74	55	75	38	40	11	13	65	42	48	56	50	29	21	67	67	37	26	17	67	22	36	23	62	22	24	35	40	44	5	64	43	47	60	5	72	45	10	34	9	32	14	55	58	30	25	48	39	20	46	4	14	49	2	1	68	21	30	4	63	10	69	1	51	27	3	52	71	57	6	
50	14	55	4	67	59	21	14	20	16	28	72	27	74	71	22	42	66	27	43	29	34	10	26	50	30	24	8	73	53	49	43	62	2	45	29	60	40	17	51	56	42	23	54	16	68	50	34	56	1	51	64	7	55	8	54	61	3	36	53	57	63	70	15	59	18	18	19	28	32	64	9	49	11	54	
62	74	3	17	29	2	62	11	56	16	66	10	50	67	20	2	18	54	70	7	36	57	22	27	7	52	13	61	23	71	12	59	44	13	73	75	10	33	54	40	24	44	47	71	8	42	72	23	21	38	29	28	18	49	52	22	73	41	4	19	32	65	74	50	1	45	43	60	53	71	24	73	35	43	68	
17	7	35	14	24	71	15	48	63	36	74	59	31	35	37	25	41	28	71	13	22	38	30	4	65	23	75	60	32	40	26	23	27	35	39	19	6	47	66	65	5	38	29	11	70	58	31	42	12	33	21	2	45	51	3	34	68	75	64	75	18	59	20	33	16	52	49	19	73	19	60	2	50	9	61	
17	60	14	26	39	13	44	38	24	14	15	46	57	65	4	34	1	60	49	8	50	74	55	43	46	42	27	21	64	2	3	5	66	16	4	73	25	48	33	47	36	23	66	12	9	51	40	7	3	62	13	52	35	42	17	4	58	18	22	22	19	29	75	53	11	6	19	9	39	54	29	70	46	71	54	
54	35	16	57	35	52	44	60	9	60	50	62	17	66	6	35	51	3	31	69	11	26	10	18	63	34	44	31	2	36	7	52	48	72	10	54	27	27	37	7	12	8	67	24	44	47	57	70	24	62	38	32	10	43	23	53	50	42	75	49	51	59	1	70	28	59	46	55	13	5	39	67	68	70	71	
5	39	24	45	38	6	4	43	65	17	64	35	67	4	9	13	29	40	66	21	66	22	68	14	26	44	41	68	8	10	33	11	24	54	26	59	32	25	24	19	16	62	51	3	40	36	69	67	72	27	10	60	46	49	49	45	71	63	37	70	73	42	51	18	16	1	49	23	74	70	16	14	55	43	75	
69	73	51	58	68	75	42	27	42	66	50	64	55	36	19	47	5	59	22	19	49	70	66	46	66	39	59	75	65	23	62	55	71	12	14	60	63	51	62	3	40	33	62	72	45	56	38	48	14	35	41	60	25	6	5	2	13	61	40	74	58	26	29	54	10	37	32	69	67	67	52	24	75	34	67	
40	10	28	59	20	35	20	55	36	73	57	22	9	18	59	58	73	60	8	47	42	42	53	12	27	17	56	26	14	60	15	28	51	17	16	38	27	4	15	62	75	46	61	58	41	14	37	11	68	42	30	17	59	2	20	8	69	68	19	63	31	73	13	68	21	15	29	24	70	23	46	65	40	24	32	
51	12	60	57	54	73	9	61	54	63	75	65	51	43	42	31	67	39	13	34	24	25	59	35	67	53	3	32	9	1	55	56	10	30	13	62	26	19	45	7	2	18	36	27	35	70	55	29	12	68	55	11	64	13	44	53	38	19	7	47	69	37	74	3	60	14	36	66	2	57	40	75	72	49	4	
6	24	53	28	32	17	54	16	58	41	55	8	75	48	64	18	39	19	67	14	60	72	25	13	49	2	47	45	46	17	44	48	15	71	50	19	66	1	33	20	39	63	74	14	35	61	30	51	56	69	37	7	63	62	18	12	56	43	53	1	33	70	23	41	42	70	57	3	52	64	17	68	49	74	67	
56	49	70	24	2	61	56	8	23	12	74	30	65	37	58	41	40	50	61	3	64	28	34	64	69	21	56	47	44	46	36	22	67	6	20	66	64	75	48	10	9	20	14	48	38	68	68	67	17	46	45	3	51	52	42	39	72	20	11	13	61	19	32	55	74	53	15	60	25	37	57	16	54	59	27	
58	25	12	47	37	33	67	15	4	40	54	17	32	71	75	20	54	68	51	3	65	73	69	49	18	26	66	21	55	20	45	35	41	34	57	53	71	44	64	43	6	40	58	19	33	62	30	61	41	2	38	5	72	27	48	70	28	13	7	5	30	27	21	43	59	68	23	46	35	6	54	38	17	36	48	
25	56	52	7	71	51	19	73	22	21	20	8	58	31	65	25	32	14	36	74	67	4	64	6	36	41	57	72	56	61	19	2	39	68	59	33	18	75	28	14	70	45	24	38	48	63	39	54	75	53	50	36	49	34	16	7	55	70	66	29	64	45	27	67	37	60	22	33	58	26	44	27	43	34	1	
13	15	74	64	59	44	11	17	67	20	30	73	67	75	23	19	26	67	18	15	1	3	12	3	33	32	43	57	4	48	27	60	70	16	24	41	34	8	32	25	26	36	69	66	32	71	57	56	31	49	46	9	47	53	5	54	10	22	34	55	64	30	13	28	17	34	42	26	14	67	37	35	2	16	5	
31	57	32	61	9	4	30	11	25	3	5	2	60	7	10	14	46	34	24	71	26	30	4	50	42	45	70	52	45	59	51	50	37	62	33	20	68	35	6	6	15	69	64	70	53	41	58	18	49	13	59	72	32	38	43	71	8	12	23	46	1	70	73	5	27	26	75	16	39	11	62	48	69	41	15	
41	4	72	34	28	3	67	22	3	26	40	50	27	49	68	48	17	37	42	20	61	46	17	71	74	69	27	43	61	43	57	75	21	48	8	46	19	73	66	9	20	29	42	23	51	35	44	66	67	7	62	27	52	51	70	24	42	25	58	5	59	12	53	1	36	63	21	31	27	10	38	22	11	61	44	
59	68	7	47	61	63	6	58	8	54	48	23	18	62	56	69	18	42	41	73	74	71	11	1	72	68	20	16	1	60	31	35	52	14	56	2	72	64	57	56	37	27	53	29	63	30	3	3	46	34	70	19	4	55	17	75	43	34	12	41	63	44	73	32	27	66	33	22	17	8	51	45	9	24	47	
69	27	40	46	70	49	13	11	50	62	26	46	28	33	33	41	19	52	14	23	72	39	50	72	46	40	40	64	16	38	33	8	62	51	29	32	20	38	43	43	74	38	65	22	47	19	41	44	41	25	58	37	61	7	4	7	15	40	68	26	53	1	10	36	54	33	45	39	48	56	56	42	66	42	55	
33	58	73	45	25	72	2	31	55	7	31	66	16	46	28	40	20	30	22	32	48	52	70	59	20	49	37	57	11	1	68	41	34	40	61	29	34	60	57	12	62	65	45	53	36	74	67	23	69	14	52	15	42	19	67	57	38	35	9	71	2	51	62	38	13	50	34	44	26	18	47	62	75	54	14	
75	17	55	21	7	63	47	18	1	64	59	26	74	56	11	20	54	58	4	59	69	23	15	16	22	2	48	62	71	12	47	68	24	25	63	5	72	32	5	59	73	49	9	41	6	14	58	60	69	36	13	36	33	25	45	52	2	65	15	69	44	54	37	40	1	3	50	67	29	11	19	8	34	23	35	
36	11	64	13	55	5	1	13	29	75	32	55	2	14	62	42	29	15	53	4	14	50	31	49	53	18	65	20	48	62	58	6	71	19	69	47	10	67	34	16	41	66	42	37	51	26	54	2	22	29	66	3	53	72	49	28	11	13	24	57	7	46	37	43	60	28	12	40	71	21	50	33	7	17	73	
32	16	20	31	27	46	75	27	26	66	51	25	51	40	44	6	36	10	47	50	41	42	60	3	33	4	28	63	59	17	29	15	5	46	18	29	74	12	30	62	52	55	11	2	19	24	58	35	9	22	71	33	37	39	7	67	34	29	29	65	40	56	54	42	75	43	45	68	29	58	48	3	8	30	57	
17	29	35	18	12	30	7	34	64	37	31	31	39	32	56	1	46	11	24	62	60	41	6	46	67	52	69	44	33	73	28	44	2	30	58	10	57	38	17	21	46	48	46	59	52	25	57	20	14	54	4	68	17	59	22	9	10	56	25	38	51	43	56	61	72	13	53	27	46	49	45	15	74	23	3	
45	11	27	37	18	53	38	59	68	71	46	48	3	24	72	38	52	12	19	74	70	25	33	7	73	54	47	56	44	58	25	61	64	47	20	63	21	55	14	65	25	58	13	26	57	75	61	5	63	4	59	43	75	66	46	6	35	67	21	8	45	62	60	8	69	1	44	59	30	28	44	74	7	29	53	
37	5	36	17	43	11	67	6	8	50	27	47	3	19	65	52	36	7	9	18	71	59	54	49	64	3	67	16	63	70	69	70	73	24	21	33	13	74	15	14	20	22	60	25	28	23	46	38	23	53	55	47	12	30	74	72	7	62	14	40	56	50	33	26	49	17	26	57	64	39	68	6	49	25	2	
52	22	44	19	24	7	63	71	5	67	37	53	51	18	36	10	43	8	17	37	54	30	59	9	16	18	50	22	42	49	17	18	68	38	25	68	29	65	34	11	29	70	57	55	61	72	59	3	60	56	35	26	2	16	12	67	20	56	73	48	27	75	61	74	14	62	58	15	23	67	21	57	1	64	13	
18	18	33	18	64	6	51	63	7	64	3	47	52	47	30	17	48	4	75	39	12	35	21	23	54	61	16	2	41	41	74	56	54	30	1	39	37	22	26	13	60	67	66	30	42	60	48	58	62	19	20	49	51	22	68	29	5	70	27	14	73	8	44	50	30	36	63	59	32	15	44	20	74	10	19	
10	57	62	65	44	8	59	12	26	70	53	28	64	11	52	50	6	49	15	30	51	27	15	19	57	74	58	44	56	47	60	63	1	42	23	16	18	2	1	24	45	51	43	9	35	17	56	21	41	68	48	66	18	61	71	45	64	18	29	21	38	68	50	35	9	54	55	1	22	46	20	61	73	57	72	
7	50	23	20	64	65	57	52	59	34	45	22	61	59	31	55	71	72	5	27	4	23	72	2	39	28	68	3	10	48	41	13	22	38	6	5	30	62	58	3	69	73	74	51	37	8	11	23	74	9	48	55	3	21	28	40	12	23	17	24	63	28	15	13	64	7	60	70	41	36	39	32	14	42	56	
34	37	56	31	33	37	53	6	37	51	9	54	59	23	38	70	9	63	50	64	48	32	43	10	69	57	49	74	58	4	71	65	38	8	16	44	18	50	24	29	12	30	2	64	55	37	35	62	74	60	17	44	14	57	52	55	16	71	72	59	3	5	21	39	6	11	50	73	61	72	31	38	24	1	24	
70	19	63	32	10	36	17	30	21	71	52	73	56	45	24	12	44	22	33	53	2	15	18	73	45	64	71	4	9	72	22	54	55	51	65	61	1	68	11	8	38	37	51	18	5	3	22	25	6	26	66	67	40	58	39	7	39	47	50	28	75	69	17	57	20	49	13	3	16	29	59	51	55	35	41	
34	1	34	50	64	60	33	31	70	61	44	55	21	2	18	40	56	61	16	21	73	36	35	55	51	26	38	6	66	36	34	12	33	41	36	71	22	43	24	67	25	71	15	20	37	4	47	58	63	48	2	39	3	7	69	25	17	75	20	42	40	27	24	41	68	58	37	65	23	44	26	46	10	34	45	
9	33	75	64	69	39	40	14	16	45	6	16	29	45	12	62	1	17	8	19	52	47	48	20	61	56	36	13	49	44	43	55	53	15	46	49	51	4	22	42	23	67	32	24	50	39	15	36	48	67	54	74	28	68	9	65	22	24	57	69	66	10	23	33	73	59	49	63	18	45	64	15	37	25	42	
66	32	19	1	52	69	18	49	62	9	55	56	5	72	13	71	30	71	73	37	75	30	16	11	24	51	52	35	67	38	70	50	42	65	43	17	44	37	47	28	21	74	49	33	46	2	14	4	29	57	25	8	10	8	55	31	39	2	40	20	14	34	38	54	15	55	48	32	12	7	61	36	73	53	46	
34	62	34	2	65	14	73	36	73	10	12	1	15	62	39	3	73	40	37	52	28	67	16	57	75	72	36	27	67	41	45	1	23	2	7	62	16	67	19	60	45	5	70	31	49	17	31	35	55	41	61	5	30	54	37	13	43	71	3	34	8	45	22	6	21	9	68	20	42	59	65	17	38	46	40	
71	37	42	28	14	56	10	69	11	55	33	67	72	1	59	27	3	5	9	57	22	7	45	28	23	6	73	6	34	37	47	26	70	55	29	69	33	13	26	15	43	28	75	35	23	29	49	8	30	44	64	38	24	12	53	46	74	48	51	3	54	61	26	22	39	52	65	68	40	75	62	1	31	48	36	
26	53	68	6	3	34	48	32	31	22	52	4	13	69	41	13	57	24	23	33	37	40	7	5	1	57	60	9	57	3	7	17	56	73	75	30	7	18	35	32	39	10	26	43	46	46	11	63	39	74	16	49	36	20	50	11	52	4	8	44	57	14	47	8	62	2	11	71	72	42	67	13	18	70	22	
61	34	7	44	45	3	35	16	40	51	39	45	26	41	27	57	72	16	56	2	70	29	13	29	70	48	18	69	43	8	72	74	17	70	51	31	3	71	44	23	21	6	27	20	21	51	50	15	64	2	14	56	5	1	57	73	19	74	41	58	55	29	52	68	22	64	25	67	37	37	75	30	18	20	49	
35	67	17	24	31	9	12	64	70	11	38	43	23	34	7	59	8	32	1	47	55	63	39	42	19	73	10	46	64	26	75	21	68	66	19	74	48	5	50	27	14	7	71	15	13	5	36	69	25	40	15	41	17	65	58	10	24	35	33	10	61	23	6	26	53	20	18	29	2	45	37	62	45	67	65	
38	48	21	8	34	27	11	72	44	37	19	25	62	52	30	45	10	25	22	36	1	20	25	74	28	64	33	1	12	74	42	37	57	35	10	3	59	23	44	75	53	1	74	32	11	26	34	18	51	46	31	47	68	25	24	58	11	50	39	69	23	66	27	70	24	40	54	2	41	14	46	55	47	27	64	
48	54	10	41	36	30	45	42	14	68	60	58	47	59	69	38	4	57	39	6	3	48	41	11	2	7	39	50	51	64	11	66	36	74	26	31	28	21	63	17	18	12	72	27	62	43	62	65	73	5	32	30	53	31	35	18	40	72	46	52	71	51	49	16	44	21	27	42	47	66	56	19	67	4	8	
30	26	5	69	13	10	71	36	27	24	69	37	68	44	2	30	21	31	45	16	46	40	36	22	54	67	35	70	35	11	12	39	32	65	28	12	40	6	22	59	21	72	70	52	54	46	55	43	70	3	49	18	36	8	22	14	41	38	56	48	17	73	62	38	29	48	34	74	40	47	49	40	6	75	9	
