22	59	6	14	35	51	39	9	59	12	17	15	64	5	37	7	69	35	53	18	26	25	64	16	44	57	54	20	50	28	36	3	4	62	40	14	13	1	20	45	10	12	58	48	66	16	52	35	27	27	55	26	29	36	41	68	67	67	11	40	19	20	21	71	4	56	59	65	52	60	32	36	63	63	8	
51	2	55	8	2	56	32	25	5	65	38	47	32	28	54	46	19	71	60	64	49	37	45	36	63	21	42	74	57	27	2	7	26	32	12	3	62	18	24	64	58	39	33	12	40	61	59	34	66	14	20	4	30	41	35	11	33	75	9	13	29	67	17	24	68	6	1	50	22	22	15	10	43	44	69	
69	3	14	24	32	26	40	31	48	52	41	33	8	37	14	18	35	47	9	34	33	10	32	4	4	28	66	52	59	31	38	50	8	23	48	39	46	10	67	70	60	29	1	42	40	65	57	50	36	40	6	41	49	12	20	26	43	8	53	70	13	9	22	19	7	65	30	50	73	71	18	44	21	69	72	
35	56	27	7	64	64	62	27	11	71	21	11	9	26	61	75	13	44	17	6	48	57	33	73	29	25	13	36	20	4	28	52	34	30	37	20	67	19	22	53	64	40	38	46	41	21	23	51	40	12	31	10	66	61	5	18	8	68	49	32	46	54	52	3	54	14	72	43	75	16	70	38	39	42	6	
46	26	24	71	63	33	25	72	73	8	50	12	14	17	35	13	61	8	62	61	59	44	55	1	19	46	69	54	74	74	37	42	22	56	35	9	63	57	53	58	40	25	45	51	40	2	38	23	60	75	58	39	18	15	14	34	55	64	63	28	65	20	67	73	52	2	3	35	36	30	67	70	52	10	21	
66	60	56	11	40	30	43	53	45	53	64	54	7	21	39	33	71	57	74	44	5	50	20	37	6	47	3	50	22	62	68	10	44	24	72	58	27	13	33	69	40	73	22	49	14	58	55	8	13	25	48	15	50	46	26	30	12	3	2	31	62	51	16	9	65	61	60	17	71	18	59	34	19	1	53	
72	34	4	54	21	3	2	34	50	42	34	55	51	35	54	57	19	73	70	22	59	30	4	46	23	69	2	31	52	1	58	46	9	36	23	27	14	74	59	38	39	67	15	11	24	43	65	17	37	34	13	70	61	67	40	60	62	16	64	9	18	22	53	71	56	49	25	66	45	53	5	57	44	16	68	
40	56	30	55	15	39	42	60	74	31	22	32	63	33	19	69	21	15	23	66	44	67	61	33	12	37	11	43	53	24	8	16	54	36	45	43	49	9	25	22	38	20	52	75	28	45	68	23	57	10	11	1	51	70	7	37	6	15	3	56	36	13	46	14	18	65	53	41	72	2	61	17	70	35	26	
20	54	47	40	10	54	48	7	5	17	12	39	20	24	16	51	35	22	71	44	14	59	71	53	30	46	36	13	38	45	68	55	73	41	69	5	66	16	61	68	31	47	8	25	69	21	73	26	16	44	49	5	27	15	56	29	58	65	39	18	9	29	50	4	41	42	60	30	28	18	72	57	64	1	62	
31	71	51	31	61	69	72	40	68	9	17	19	41	56	32	33	62	59	2	42	74	14	21	26	17	36	21	70	73	71	48	26	43	74	54	2	44	25	39	33	9	34	49	47	10	4	3	46	38	54	8	35	43	5	34	57	13	29	27	8	75	50	31	45	53	59	15	63	6	52	16	12	55	64	37	
39	41	11	9	75	62	64	7	4	64	40	58	74	64	59	56	38	30	61	73	49	42	61	32	23	33	46	9	63	8	43	24	46	48	5	20	10	66	24	12	34	37	44	3	75	25	57	35	52	45	7	23	57	65	53	2	73	72	60	67	2	26	68	45	69	70	39	1	23	47	61	50	72	27	28	
46	49	7	56	23	21	60	20	52	25	46	28	20	41	11	52	40	31	30	60	73	62	74	48	59	33	32	9	4	55	34	25	3	15	3	75	10	61	17	60	63	60	64	1	2	47	27	38	75	33	72	48	16	67	70	49	5	75	57	1	35	63	24	29	75	8	26	59	37	40	18	16	6	3	71	
73	47	16	9	22	45	55	44	34	21	36	5	18	33	38	70	36	19	66	62	68	64	62	50	73	24	65	11	72	42	75	67	64	69	74	8	33	26	26	71	45	41	44	60	43	52	28	1	2	17	60	37	55	48	60	51	46	25	35	39	3	40	2	53	23	48	32	29	4	49	6	54	7	9	73	
30	59	25	28	27	15	62	61	44	5	43	16	21	42	48	32	29	55	31	53	50	53	59	52	24	14	41	37	53	47	33	6	35	31	8	52	20	68	12	62	49	36	74	66	68	22	20	70	51	25	45	75	54	4	57	74	69	13	33	46	34	63	56	37	71	58	63	10	18	72	68	39	75	60	38	
65	37	21	58	10	20	3	7	70	55	54	66	44	41	22	9	73	59	28	32	49	53	17	34	68	64	24	7	61	40	8	49	74	4	6	10	21	59	62	13	12	39	56	53	5	49	60	49	30	63	3	57	37	71	61	8	56	67	14	39	23	14	69	18	15	42	75	11	74	1	2	8	72	49	35	
70	20	69	18	24	53	19	51	12	63	35	14	41	22	20	54	36	9	39	28	75	55	23	6	51	56	2	33	47	25	66	16	21	57	31	17	11	24	65	18	13	74	30	26	67	27	1	3	7	14	29	3	68	22	58	32	4	34	47	37	56	15	33	49	43	62	63	52	60	28	71	72	38	73	13	
64	67	63	61	72	74	61	73	62	5	52	53	54	9	75	70	39	9	3	11	27	38	48	73	20	73	37	60	72	29	47	58	18	32	18	12	28	2	58	65	56	9	40	31	15	14	1	30	21	1	41	45	35	59	17	52	33	52	36	26	55	4	66	69	11	5	57	13	49	42	75	43	42	16	70	
31	27	30	57	21	28	68	40	37	29	55	64	56	6	73	58	57	51	36	26	59	8	3	70	54	13	44	3	30	33	33	34	34	60	66	52	62	35	69	74	57	45	37	38	47	32	14	3	5	23	26	40	29	31	8	59	14	39	35	41	57	65	71	13	24	36	42	61	67	28	62	46	48	16	4	
15	22	66	68	1	12	16	37	15	18	19	69	28	43	3	42	23	65	13	9	64	46	45	47	35	71	26	4	39	16	57	29	36	22	20	33	8	9	45	20	24	38	67	49	6	64	70	74	29	2	5	15	44	48	59	7	21	60	55	31	49	11	57	58	30	50	13	40	57	32	30	14	68	72	26	
45	32	14	42	58	64	44	47	8	66	5	7	58	61	36	12	9	44	43	64	51	16	52	58	48	6	11	24	48	53	47	15	7	37	54	40	74	73	8	4	38	10	60	19	45	18	28	54	39	68	37	59	62	11	39	27	66	26	48	38	75	70	49	56	5	2	20	1	75	23	55	32	13	41	50	
50	30	52	24	65	18	35	21	50	20	35	75	10	56	23	18	31	66	64	61	45	40	1	44	34	73	22	63	3	32	11	28	59	38	26	22	51	58	41	24	53	72	72	36	29	68	54	32	62	14	15	24	55	65	42	7	39	37	46	16	67	29	43	25	70	63	47	12	21	69	8	48	53	2	5	
55	45	53	10	1	65	74	74	38	39	42	18	74	50	37	11	16	63	49	39	24	11	57	33	6	40	38	51	66	38	54	43	57	6	27	56	68	1	52	4	37	64	72	33	44	31	41	28	68	67	46	17	58	20	47	30	55	5	56	48	17	32	61	71	12	13	48	59	8	74	60	42	62	27	73	
71	32	65	21	25	51	58	34	75	75	53	28	30	57	6	70	47	12	30	19	21	39	40	50	22	36	5	60	23	31	8	64	60	70	59	2	21	41	11	18	14	61	20	24	16	75	63	61	9	15	1	5	50	38	29	68	49	31	28	42	62	9	32	17	2	10	13	20	26	73	27	33	66	36	43	
70	28	13	30	11	25	5	65	50	19	16	17	64	44	18	6	75	24	32	12	23	14	73	20	14	70	27	22	25	54	26	17	55	34	22	63	35	24	29	57	39	21	71	2	58	15	4	33	10	9	40	7	20	36	22	31	37	46	26	43	74	38	17	39	41	36	66	62	35	45	42	71	47	12	48	
62	73	49	17	5	55	31	61	51	41	5	56	42	25	54	43	73	52	57	24	6	68	12	65	24	1	6	71	28	16	40	66	63	11	4	42	45	32	25	67	48	5	18	12	27	46	52	75	20	8	21	23	72	7	64	71	9	66	69	31	58	25	19	18	10	74	57	53	2	4	13	47	6	29	34	
8	70	60	5	64	66	23	10	36	27	69	29	29	34	14	34	64	36	26	4	21	71	58	43	72	59	53	17	40	54	49	45	47	7	47	11	69	44	18	28	45	62	31	50	16	48	61	54	54	5	56	73	74	12	15	46	51	1	63	9	41	6	52	65	10	75	2	54	13	67	56	55	42	9	30	
32	49	5	60	2	59	37	70	32	23	58	73	65	44	31	71	63	11	18	19	72	63	62	46	74	21	1	51	64	9	51	66	56	30	48	30	12	59	26	18	4	55	65	44	22	70	36	57	3	28	48	49	13	33	68	9	52	67	34	11	6	7	51	27	14	74	53	75	32	50	17	34	29	8	75	
23	43	10	52	44	35	23	66	24	30	56	29	55	45	37	40	16	41	14	16	49	63	66	42	16	15	28	47	16	2	21	37	41	5	11	7	15	8	47	36	12	26	39	65	45	72	27	48	12	15	50	35	75	14	51	13	26	3	34	49	74	31	54	38	32	46	19	21	53	64	53	29	64	67	17	
31	36	16	41	45	29	12	54	2	23	28	65	46	26	21	60	24	48	9	35	55	43	51	74	58	14	25	8	75	65	72	6	23	10	44	43	15	56	19	66	52	44	53	72	49	69	62	65	16	61	3	47	2	50	17	63	59	17	39	57	4	33	36	1	17	7	18	30	31	11	20	5	67	40	50	
74	32	26	36	22	61	32	64	37	1	55	68	34	69	29	65	46	36	24	44	52	75	36	2	28	45	64	10	72	30	54	70	33	55	24	31	15	53	16	49	28	47	39	62	36	42	47	5	75	48	23	47	43	35	22	67	1	63	48	71	9	25	37	16	3	56	44	14	8	38	37	40	75	50	6	
34	14	13	13	66	55	10	32	19	43	29	60	39	11	31	8	69	33	40	15	6	18	49	17	75	3	30	31	54	5	20	8	64	8	70	48	61	3	55	53	21	6	35	56	65	41	37	58	44	75	62	50	67	8	63	65	16	63	71	58	38	64	42	74	72	12	44	28	68	73	4	2	52	13	31	
39	29	67	17	69	40	53	38	6	58	74	45	41	59	41	21	20	1	35	15	70	42	34	70	26	6	71	3	55	5	31	68	30	72	59	22	33	36	56	37	15	52	4	53	11	16	48	4	73	57	68	32	22	2	24	23	7	18	75	33	5	28	75	8	21	60	9	29	14	27	40	13	75	43	52	
60	31	74	62	19	54	29	49	50	28	70	46	32	61	43	36	55	68	34	30	63	13	22	14	75	48	51	75	19	67	49	2	72	23	38	15	1	63	37	46	16	6	17	18	65	56	49	20	21	58	47	7	45	64	70	42	8	44	39	25	10	62	26	4	8	58	69	3	21	26	23	31	33	39	52	
69	63	67	64	59	24	6	63	65	68	55	30	73	74	65	72	5	50	18	7	31	51	71	32	69	72	29	74	1	61	17	67	25	58	28	5	4	33	42	75	73	19	18	52	70	58	40	2	8	56	50	36	6	21	43	49	15	68	45	13	32	60	55	26	39	57	28	44	9	46	10	11	38	3	48	
27	31	62	70	35	17	43	45	20	38	60	66	50	27	33	37	53	66	65	53	7	43	4	49	51	22	24	28	57	21	50	8	49	35	51	59	49	69	2	44	29	63	32	75	9	40	11	36	5	73	12	13	39	65	25	61	9	47	15	64	40	66	44	67	68	18	43	40	10	43	14	9	3	19	16	
9	33	14	19	29	9	28	33	21	15	55	6	21	75	14	59	36	49	4	23	38	69	39	52	52	56	34	57	32	41	61	40	65	49	30	68	36	55	23	51	67	52	37	63	49	44	21	60	64	21	58	23	70	72	49	43	24	3	17	52	42	52	73	5	25	16	47	31	68	74	56	35	19	11	72	
42	47	15	24	33	11	54	29	73	44	75	10	66	1	24	37	17	74	22	70	72	35	40	3	3	7	55	35	2	61	30	40	8	18	38	14	3	16	20	50	30	23	57	67	68	56	5	55	53	26	24	25	32	38	4	9	42	51	41	40	12	45	54	21	36	14	6	37	27	20	19	28	31	65	39	
75	42	17	26	68	13	47	65	22	8	61	25	24	11	63	62	20	6	14	14	40	25	15	5	27	8	57	48	15	20	62	65	36	1	9	3	16	54	65	29	36	25	28	57	34	66	18	31	69	29	37	31	52	30	4	72	10	58	20	21	1	12	3	11	55	64	12	45	38	4	43	48	74	68	32	
7	56	19	32	47	46	43	52	72	45	30	43	47	62	60	41	37	62	42	46	39	26	55	54	37	51	19	59	24	10	9	31	40	25	58	61	45	75	13	39	44	48	57	64	23	39	29	58	1	49	27	38	39	55	65	50	28	6	33	27	66	15	57	27	63	9	11	57	12	19	73	21	32	53	56	
52	11	2	9	8	15	9	19	51	61	5	24	67	60	53	13	48	69	41	49	1	46	56	32	31	48	33	22	5	48	3	29	37	51	35	39	63	19	32	39	2	12	36	40	46	10	27	15	49	64	61	26	34	15	54	33	38	53	58	44	25	27	40	55	74	59	68	42	66	75	47	42	65	4	5	
26	63	29	16	11	67	74	33	1	63	62	28	23	13	54	35	10	54	72	38	27	45	27	61	32	74	31	49	55	34	28	56	17	31	68	4	21	42	33	19	28	68	43	24	3	70	58	11	47	51	52	71	17	53	54	24	21	59	47	50	13	73	30	4	37	18	5	43	39	11	57	60	53	75	7	
53	44	34	38	12	7	8	57	74	32	10	72	45	66	42	17	53	35	19	32	36	34	11	75	64	71	39	21	46	3	74	22	42	31	57	28	12	37	9	60	38	14	54	6	3	71	72	40	3	13	59	34	23	47	16	62	41	15	56	5	20	51	25	61	55	55	3	48	66	63	23	27	70	51	7	
47	42	1	52	20	64	33	51	59	51	33	41	10	46	70	13	32	43	11	8	2	48	58	38	29	16	34	30	9	7	34	35	24	12	10	40	50	12	66	29	42	21	55	45	39	37	56	67	58	40	48	52	3	5	60	7	19	16	44	2	21	49	6	42	27	63	4	72	54	53	75	5	68	42	57	
75	4	1	65	31	41	11	3	16	14	37	20	12	51	29	10	46	70	61	63	18	43	42	64	13	9	61	14	43	26	59	39	2	57	7	32	71	67	7	8	74	22	3	55	66	29	35	11	23	19	73	12	60	34	73	45	13	33	56	53	56	13	72	36	44	66	36	38	29	17	19	6	33	21	58	
1	46	12	7	39	5	51	48	39	59	20	6	69	50	62	22	6	46	10	35	13	52	46	23	1	60	16	2	67	32	53	40	57	40	21	12	41	69	34	2	27	51	61	18	25	15	42	29	59	43	36	54	66	8	66	64	44	70	65	5	11	14	42	37	26	60	49	65	30	3	45	56	58	21	47	
49	10	3	73	66	19	9	11	9	62	52	48	23	31	7	3	18	20	44	50	41	2	24	5	5	71	21	55	44	17	22	69	23	74	63	64	15	46	72	1	32	51	42	53	52	45	28	65	40	45	38	53	47	53	61	23	54	50	4	66	63	71	58	61	57	23	56	33	61	25	28	14	59	68	60	
12	62	42	74	3	9	34	49	53	61	4	49	11	51	44	73	13	14	23	71	55	15	17	63	50	10	64	37	48	29	52	55	66	15	29	62	22	37	33	45	20	10	16	1	59	55	45	46	43	41	39	72	56	32	56	25	38	54	59	6	46	32	35	40	44	38	70	39	51	2	7	58	10	17	42	
42	69	9	10	13	47	47	58	74	53	35	21	12	52	54	67	74	60	1	29	3	14	75	39	60	2	42	26	6	56	66	46	27	49	29	34	70	4	63	72	24	24	62	33	47	38	74	42	72	50	45	5	61	43	10	20	14	55	48	68	4	16	12	25	35	39	31	25	11	19	13	36	15	49	40	
54	9	14	20	55	61	61	26	23	2	33	38	13	58	56	3	57	39	12	56	69	27	61	67	36	51	59	64	36	35	29	12	10	37	14	62	72	40	10	15	17	18	28	28	71	58	6	32	22	63	60	62	11	19	51	44	67	30	5	25	31	28	34	41	42	21	70	46	28	7	24	40	73	37	45	
40	6	38	65	4	1	23	62	9	40	10	26	28	12	27	28	37	29	37	46	66	25	41	75	33	17	73	64	7	21	5	47	11	39	9	74	13	30	57	19	65	63	19	68	73	49	70	9	69	31	53	58	28	13	32	52	2	26	16	8	22	18	26	20	28	34	21	38	42	46	35	75	31	48	65	
3	64	34	63	55	37	13	11	66	23	18	13	75	40	3	4	41	67	27	53	71	33	43	7	66	11	36	65	16	57	28	72	43	42	53	72	73	63	58	56	61	1	43	59	12	50	39	44	14	37	74	1	46	36	6	33	45	19	71	35	70	73	28	12	34	53	62	26	15	48	56	8	10	73	36	
18	16	40	37	26	74	30	22	25	46	1	27	59	13	20	16	58	65	21	45	72	66	2	72	4	38	35	51	29	22	56	14	39	70	49	36	47	60	28	59	19	26	6	72	13	73	63	68	60	3	34	31	42	44	2	33	45	32	50	41	24	75	62	43	5	41	62	51	73	65	48	63	12	23	53	
22	13	19	66	47	70	72	55	11	4	52	31	23	53	47	61	73	45	36	5	35	33	44	66	7	26	55	67	12	71	21	32	57	43	70	29	7	65	1	16	66	28	21	14	3	62	49	50	33	5	51	37	36	14	2	37	40	54	6	52	23	22	53	10	32	24	27	36	17	1	25	73	26	46	59	
4	74	28	50	6	8	24	36	40	12	13	52	47	64	50	68	11	46	20	61	9	41	61	10	45	60	7	17	60	20	55	61	19	53	15	16	58	31	26	73	43	36	48	61	75	71	30	59	14	54	42	12	57	26	67	1	60	2	68	51	14	40	5	5	17	62	71	49	23	21	42	32	34	62	65	
26	55	14	12	44	32	24	56	63	24	17	40	6	63	30	22	52	43	75	54	33	58	47	2	49	41	43	53	68	36	38	71	55	27	48	21	33	70	46	71	18	65	34	72	48	59	15	20	25	11	49	60	64	18	31	12	35	69	61	20	68	74	1	50	22	37	41	39	75	10	26	65	45	52	66	
67	32	46	60	30	54	36	57	71	23	9	6	52	2	64	47	65	61	30	10	56	36	50	8	33	32	28	72	51	2	60	39	12	20	73	34	53	26	14	42	23	19	22	49	69	8	74	37	42	21	43	72	31	62	3	39	68	4	33	45	57	59	54	63	54	49	7	25	55	56	41	49	49	66	17	
41	48	18	69	60	4	7	59	10	47	31	50	9	30	53	49	59	36	5	41	11	24	9	10	53	62	52	16	33	12	13	51	49	66	14	35	54	20	6	51	45	15	71	43	37	57	61	19	56	36	44	64	58	40	48	14	1	18	70	31	26	52	75	47	46	67	74	8	58	55	32	22	61	28	27	
72	50	9	67	25	43	72	63	75	34	33	57	33	25	46	38	25	21	12	68	35	73	41	18	51	72	46	39	29	48	60	23	15	44	62	37	61	64	74	59	65	30	11	71	51	54	31	49	49	20	38	8	65	53	27	16	45	40	52	55	60	10	47	75	51	32	8	19	8	5	53	47	9	51	41	
33	4	48	4	51	61	17	32	26	67	27	39	15	65	63	34	23	53	6	20	8	28	5	9	11	54	45	55	58	18	19	65	75	62	71	45	23	5	3	45	46	22	59	31	60	44	64	6	68	37	2	60	63	49	62	47	25	7	25	61	74	21	43	70	66	32	35	73	16	8	22	31	5	74	36	
43	17	71	42	7	31	14	39	67	59	23	36	56	3	58	34	1	73	8	65	48	6	74	21	14	61	35	19	59	11	52	20	72	22	37	49	52	27	9	40	59	5	72	37	5	30	68	4	2	66	40	24	68	16	19	56	68	53	51	26	33	75	29	26	28	35	49	47	54	57	57	38	60	32	74	
59	55	36	35	31	75	72	67	66	10	69	22	53	19	68	74	26	72	16	25	60	44	6	25	21	49	4	29	8	7	71	62	61	33	23	65	27	3	40	67	50	8	63	20	1	58	17	7	18	30	24	51	48	15	73	42	42	51	12	47	37	39	2	15	65	9	54	66	57	70	64	27	5	39	46	
47	66	35	44	57	38	41	29	7	33	2	46	68	27	13	5	56	49	15	44	16	72	19	11	27	12	30	52	54	43	71	75	31	28	41	67	64	55	21	46	8	69	13	54	13	23	48	71	46	29	10	56	73	37	55	22	17	9	46	62	47	39	36	52	45	51	37	4	28	26	45	42	11	58	75	
2	52	22	40	28	22	49	74	67	48	28	62	55	8	30	15	52	56	47	13	59	20	15	60	25	14	38	52	26	58	27	70	7	23	32	2	24	5	51	9	24	3	68	53	61	73	66	33	41	12	11	6	6	75	54	35	11	57	54	7	16	17	75	72	74	19	67	18	59	29	30	4	69	70	55	
47	61	19	59	73	34	62	68	13	36	44	35	48	74	65	48	7	35	25	47	32	26	37	45	5	50	49	58	15	29	39	60	12	29	41	18	53	71	72	43	30	16	41	70	64	24	19	69	55	22	14	8	17	47	28	68	72	66	49	10	69	62	40	57	9	72	63	35	74	31	67	68	23	31	42	
10	50	54	49	4	42	63	61	55	6	10	44	73	67	12	64	43	75	17	21	49	65	53	6	37	58	48	19	11	13	30	9	28	4	52	26	18	11	15	66	22	68	41	62	45	16	46	56	58	32	49	29	69	1	14	71	56	61	66	59	72	16	38	52	73	3	1	16	71	62	74	7	27	5	43	
68	18	4	22	71	9	45	75	51	49	7	44	72	59	34	48	11	58	59	60	37	43	35	51	13	4	39	69	18	39	41	56	32	13	73	23	71	14	27	47	52	2	63	57	57	17	67	42	42	25	9	67	53	11	33	52	3	46	20	69	61	29	48	64	17	25	10	15	40	3	31	57	54	67	1	
10	5	68	50	36	14	49	2	29	57	8	3	35	32	72	25	12	24	73	47	15	70	30	74	18	31	40	50	62	67	63	74	69	13	39	6	26	61	4	26	33	9	7	27	38	72	51	21	71	24	64	11	4	17	75	10	20	56	43	1	45	13	65	42	47	2	16	20	41	22	43	37	19	49	54	
28	14	23	43	59	44	4	40	17	68	24	10	16	71	27	63	38	15	23	72	11	22	7	29	34	75	45	61	64	64	35	13	50	45	30	38	44	34	70	2	73	61	46	5	55	51	62	18	53	27	61	62	6	42	63	12	35	8	69	74	43	3	8	30	32	20	21	54	17	66	9	19	49	45	14	
25	65	50	37	37	32	73	1	10	16	58	23	46	47	66	18	8	40	29	27	46	10	38	19	39	23	56	34	69	42	24	67	5	47	13	41	55	73	10	60	9	70	53	30	27	20	44	7	28	42	22	72	59	33	71	47	31	10	62	73	43	2	63	32	21	45	48	74	52	46	33	20	11	57	49	
12	68	42	23	34	58	12	69	30	50	57	51	71	59	28	44	59	2	28	67	72	47	21	66	2	42	17	71	49	52	68	63	38	46	48	43	12	62	18	20	22	75	65	67	26	65	33	61	64	35	41	70	1	60	36	53	27	14	22	54	58	19	3	73	42	48	24	28	29	37	41	64	58	6	14	
57	72	44	38	38	53	15	60	28	36	59	2	33	68	73	14	23	8	7	15	25	49	13	49	55	27	12	23	59	65	32	38	51	48	75	53	3	50	35	26	11	13	5	16	54	74	66	73	4	43	17	1	71	73	48	37	22	34	30	55	39	58	18	46	6	12	29	56	59	33	21	41	1	56	61	
69	51	19	72	41	60	50	27	46	54	49	5	43	7	40	19	2	64	32	48	44	21	63	22	51	5	74	14	10	52	42	1	3	59	63	13	16	12	30	59	55	56	38	73	34	53	16	32	11	34	57	61	34	18	44	15	4	20	71	17	44	35	9	44	67	47	47	6	62	52	38	10	8	24	3	
36	40	20	65	42	6	37	46	14	47	11	34	25	3	67	33	45	22	48	69	65	61	10	66	41	59	47	47	44	74	47	73	49	50	43	32	37	69	75	52	16	60	51	15	62	29	53	12	26	60	66	12	2	72	72	4	30	21	29	70	1	70	59	13	3	17	38	38	63	35	61	68	68	7	38	
51	35	6	53	29	63	18	38	15	11	12	59	14	70	6	1	35	62	33	40	50	23	52	68	56	65	45	5	51	22	44	1	29	17	28	51	57	43	63	61	26	72	47	37	36	19	13	66	64	38	6	41	20	58	21	46	48	40	67	64	64	69	62	6	75	12	34	27	28	24	3	52	71	14	2	
19	38	57	15	67	68	11	28	58	40	25	37	60	36	45	39	22	26	75	74	4	1	8	69	12	18	50	40	13	59	21	17	62	71	2	54	34	63	48	14	21	66	23	61	21	56	9	16	65	70	75	27	43	56	15	41	47	73	63	24	30	64	11	51	48	29	33	56	43	44	67	3	7	12	29	
