15	73	31	35	3	15	9	65	11	32	50	73	17	38	73	24	17	49	16	49	48	58	72	60	65	56	59	32	13	23	1	56	2	68	7	2	57	66	64	65	20	37	37	36	49	10	56	41	56	46	64	4	3	61	60	67	36	18	19	23	21	69	54	14	36	62	65	22	46	29	2	42	40	14	51	
11	21	28	26	51	48	12	51	49	68	10	35	3	26	29	1	39	20	52	27	31	9	15	43	30	18	20	69	55	31	40	63	26	42	12	74	12	73	24	34	40	32	44	41	33	70	16	67	64	65	71	17	72	58	36	23	75	51	66	50	56	27	13	4	2	5	53	54	6	7	60	31	37	38	46	
55	69	59	22	32	46	65	47	17	45	55	14	40	28	2	12	7	3	21	60	44	17	35	70	60	8	53	13	31	54	34	61	48	15	57	75	36	44	19	27	11	71	15	25	74	66	34	56	67	29	37	10	20	46	4	2	51	30	65	58	4	23	16	23	18	70	72	43	13	64	44	73	35	62	20	
31	45	28	8	11	32	19	18	49	63	20	26	36	21	65	14	23	60	28	20	67	72	13	10	61	51	28	33	8	7	50	13	52	52	70	58	6	12	51	30	72	66	34	7	62	69	71	6	53	72	75	17	44	64	24	27	36	29	55	41	35	4	29	56	54	22	13	37	38	61	39	1	42	43	57	
9	33	50	65	6	21	62	73	63	47	19	62	57	43	40	72	49	18	23	26	46	42	36	55	46	71	15	45	20	55	2	27	62	25	13	66	44	49	61	28	70	54	13	51	72	29	21	22	42	41	43	64	57	56	40	30	48	52	45	53	6	58	67	66	68	51	31	32	74	69	34	67	24	21	16	
65	45	33	7	62	49	25	24	28	53	61	29	74	12	70	37	68	13	75	33	1	48	38	7	22	26	15	11	19	34	75	59	54	8	40	14	54	39	35	56	66	18	9	63	5	51	2	71	69	72	27	36	21	60	41	38	64	30	23	53	67	73	34	15	3	4	25	31	33	42	61	30	50	6	59	
29	39	55	21	74	26	20	33	43	2	47	55	37	74	53	11	34	48	43	45	25	14	67	54	21	23	36	17	47	1	73	50	14	28	68	10	51	62	17	69	61	62	24	71	58	73	5	15	20	49	34	42	56	23	70	52	20	4	72	44	2	63	66	65	63	57	59	14	18	64	64	2	60	1	75	
6	48	49	18	65	68	49	7	23	46	72	73	40	74	60	56	50	20	45	38	6	1	10	17	16	48	70	67	21	46	37	22	19	8	14	56	75	37	59	19	57	55	13	19	27	47	50	2	66	17	11	68	69	71	59	58	41	51	47	34	20	58	30	10	63	18	64	36	52	44	31	32	72	24	25	
21	62	48	70	49	39	3	16	28	71	72	8	11	45	29	42	39	9	46	46	47	61	31	5	35	50	32	40	44	51	38	39	30	63	31	53	22	33	66	25	2	37	36	64	5	34	26	18	39	69	65	7	29	66	10	38	37	15	52	55	36	12	17	41	56	54	16	67	51	57	14	27	19	18	13	
70	48	11	10	9	54	45	65	5	33	49	40	44	61	14	22	19	1	13	57	22	32	47	11	6	25	22	7	38	14	16	30	59	24	15	42	53	56	30	55	63	2	70	31	36	58	26	60	34	36	12	53	65	62	64	46	52	58	50	65	69	40	71	28	38	8	67	13	37	19	43	22	72	35	26	
28	67	26	55	75	59	61	50	23	13	10	43	39	42	15	26	11	29	18	36	64	73	25	52	31	19	17	27	62	30	27	12	67	51	64	65	8	24	37	29	14	21	69	48	60	58	49	68	9	40	26	47	35	26	22	41	19	16	42	3	38	70	65	2	44	28	63	45	53	74	48	46	17	54	57	
74	71	28	42	2	42	43	46	75	42	44	15	58	51	54	36	61	43	24	60	57	48	45	24	72	41	69	7	32	7	62	29	1	63	47	51	28	9	71	3	49	35	14	6	9	48	39	44	60	36	26	39	59	50	37	53	63	5	34	15	10	18	19	58	55	64	31	7	44	25	56	67	65	67	52	
40	9	61	6	66	19	6	4	75	48	38	28	8	40	59	21	23	51	36	55	29	71	8	31	37	6	10	26	37	52	70	74	34	53	54	22	47	34	23	21	58	35	46	62	49	5	5	50	53	16	24	56	9	7	10	43	9	69	43	45	19	13	17	57	40	60	65	9	2	45	11	33	54	25	17	
26	27	72	69	54	10	67	33	16	69	17	33	75	60	73	18	1	7	32	26	21	51	48	4	27	15	6	57	43	28	49	66	29	43	35	5	50	25	12	40	67	30	70	42	8	65	58	59	46	63	59	44	36	29	45	61	19	46	20	62	52	64	24	74	9	33	55	34	31	68	66	22	13	58	71	
69	22	16	27	43	1	9	8	12	14	47	46	5	68	61	38	38	23	59	35	26	15	63	52	44	48	18	38	34	73	20	26	70	33	27	13	8	10	16	17	21	37	60	74	27	24	34	40	41	67	49	41	4	36	67	25	4	7	57	36	55	52	36	29	59	65	33	66	68	47	58	62	57	39	37	
7	33	66	21	48	55	68	11	34	23	52	30	1	57	61	13	12	35	44	32	69	4	62	56	46	7	14	8	61	46	39	42	53	4	60	23	33	26	31	41	23	6	68	22	37	29	9	22	63	26	51	29	27	12	15	47	16	67	51	54	36	64	70	63	43	28	10	72	58	37	38	48	17	3	67	
28	29	49	47	65	72	72	17	73	6	73	42	71	62	67	45	72	30	12	58	69	36	64	63	9	75	73	55	67	74	21	69	2	44	16	68	38	10	56	33	1	50	49	59	11	15	3	7	42	13	61	33	46	24	71	31	73	43	60	62	18	54	57	19	20	44	66	56	51	32	63	39	3	14	2	
12	24	51	67	64	60	27	71	5	49	41	8	43	7	41	5	20	17	33	33	34	74	10	65	47	15	28	61	16	36	33	2	35	5	66	20	39	15	66	18	60	29	24	3	10	62	4	28	54	11	35	63	7	19	25	29	32	49	68	22	59	19	21	15	23	69	10	38	73	73	50	37	1	48	8	
61	32	10	63	59	18	20	43	1	14	65	27	20	13	12	39	69	5	34	62	75	17	66	32	14	37	5	19	13	50	23	71	57	7	56	38	75	51	3	72	64	42	73	55	52	58	21	24	60	47	2	58	67	40	12	48	53	22	62	68	38	60	55	25	64	11	30	61	70	8	32	26	47	28	70	
73	6	61	68	63	30	44	20	66	5	29	35	54	17	72	15	29	55	67	21	17	52	48	53	8	52	7	23	74	8	69	69	64	50	36	26	56	1	43	43	3	46	52	32	60	25	44	65	51	11	9	66	37	51	42	41	4	22	38	73	11	28	41	70	57	74	13	33	72	31	47	50	75	22	58	
32	18	74	17	67	59	21	55	18	50	70	56	46	66	17	19	71	19	57	55	68	54	42	72	25	47	40	49	41	35	27	48	51	1	38	17	58	56	69	73	2	39	52	45	26	43	61	68	59	20	22	53	46	63	44	60	6	62	24	23	66	29	65	39	16	30	53	75	64	21	2	34	33	15	75	
57	54	35	24	34	50	44	58	70	4	73	38	8	52	55	26	18	67	66	31	6	66	59	51	21	2	38	53	10	51	25	41	4	60	62	36	7	28	67	74	30	62	11	35	14	60	37	29	27	23	57	8	63	38	56	7	15	67	61	74	40	2	39	42	33	21	68	37	47	43	11	64	2	19	65	
13	54	69	16	55	15	71	59	52	8	13	57	72	2	33	68	17	9	27	33	40	23	7	51	45	22	37	17	24	31	51	9	58	42	25	35	31	18	70	6	73	3	59	44	54	67	35	74	50	36	1	12	56	4	38	26	75	48	13	75	5	61	2	60	3	21	11	39	11	56	41	6	32	68	47	
8	57	56	50	29	15	48	16	68	26	28	65	24	73	75	17	48	36	16	25	36	11	64	64	19	17	74	22	46	63	44	28	20	23	75	27	34	45	12	2	46	38	41	67	33	39	59	55	48	51	54	58	58	40	47	73	60	21	69	75	3	35	31	71	32	22	14	63	42	24	40	10	43	4	51	
65	15	8	42	37	53	19	19	8	34	37	55	62	51	47	59	27	56	6	20	10	3	30	48	19	28	9	3	63	61	51	25	50	56	42	9	11	35	26	65	67	35	43	50	12	64	8	32	44	12	52	51	66	54	21	5	3	13	5	38	38	31	61	68	60	29	69	70	36	71	29	23	25	72	45	
10	55	51	37	20	37	59	44	24	34	39	2	12	15	4	47	28	31	7	12	65	6	3	52	38	45	55	34	44	48	52	48	5	26	61	70	36	41	36	56	50	49	55	35	61	33	57	11	38	62	20	25	42	73	51	1	17	32	8	40	53	58	58	48	64	39	43	16	54	51	69	2	22	24	56	
57	31	14	65	68	51	59	66	13	35	40	64	22	43	69	54	15	49	37	39	29	70	75	19	23	26	62	24	25	60	54	1	14	43	40	55	67	73	44	4	27	57	42	46	28	31	6	11	56	32	47	57	2	20	50	20	45	35	41	39	17	71	38	30	32	74	57	21	70	26	72	3	58	9	16	
51	37	13	59	66	41	4	22	15	22	71	32	39	5	46	1	21	38	12	23	42	9	1	37	53	72	30	23	49	36	36	24	55	24	58	13	40	57	9	52	53	56	58	14	54	26	64	70	59	74	65	27	57	65	58	10	57	63	29	6	72	39	1	20	45	31	33	60	11	36	25	59	12	5	48	
40	7	11	32	39	59	22	37	38	55	69	21	13	53	24	65	25	38	63	41	72	16	68	45	74	3	44	35	63	26	55	28	27	64	31	67	45	29	23	57	4	14	1	10	42	22	73	64	58	43	30	33	34	69	48	36	46	15	54	32	15	29	40	37	66	60	75	10	8	2	65	59	61	47	49	
24	36	15	62	68	47	63	19	69	32	42	65	2	30	39	6	40	43	35	51	7	69	49	15	50	41	54	29	75	16	45	73	26	56	57	17	25	20	10	67	49	48	54	23	75	68	27	19	8	36	64	13	27	33	25	55	49	53	53	46	44	21	22	66	73	52	5	74	67	65	57	15	11	15	38	
60	56	37	72	69	70	57	49	71	65	71	20	13	23	71	33	63	13	50	51	61	22	30	58	11	68	15	1	75	4	34	62	58	73	28	19	37	8	65	7	47	35	25	57	55	17	12	17	5	38	42	63	64	48	18	40	39	31	43	11	9	46	43	44	13	68	74	47	59	20	29	21	52	51	50	
6	41	37	20	43	71	59	28	47	28	43	61	42	46	22	48	51	65	13	13	53	3	44	22	29	60	25	21	35	72	74	37	36	28	32	1	73	12	4	18	15	23	2	52	63	20	24	14	60	8	75	38	61	45	31	11	74	54	29	7	24	75	18	57	5	49	32	68	55	9	8	50	26	59	19	
63	53	17	73	35	19	70	44	2	9	50	62	5	25	13	9	24	60	26	55	33	44	11	27	74	67	6	41	16	39	32	1	15	45	49	24	59	19	68	36	25	40	19	4	37	6	63	37	65	61	14	20	28	70	23	24	66	72	42	74	34	68	48	46	33	71	1	66	12	32	30	34	47	39	18	
56	42	72	13	5	57	23	21	6	15	12	4	73	6	41	44	37	8	68	59	36	60	24	1	69	53	22	2	26	34	14	75	74	6	63	54	36	7	71	39	18	57	17	64	61	31	10	72	34	3	51	45	54	9	43	28	48	40	22	47	70	32	14	48	19	71	20	46	16	66	62	11	42	27	29	
2	3	34	71	35	28	44	54	57	16	19	5	38	55	73	4	25	6	65	65	13	58	58	32	31	43	13	72	60	62	23	64	61	31	52	70	63	18	46	13	8	41	66	47	69	59	19	16	37	6	7	47	39	36	67	67	1	64	40	58	48	58	42	8	11	14	75	44	6	21	29	68	35	15	30	
26	49	45	40	8	49	18	30	10	51	6	51	26	44	11	7	14	43	20	71	29	12	68	46	63	63	72	48	20	64	75	44	32	19	58	15	42	50	42	53	75	22	74	23	65	60	4	52	2	24	55	28	5	13	48	66	73	47	35	16	25	9	33	34	24	17	54	40	39	60	67	34	56	61	54	
18	18	36	67	19	52	10	20	30	71	66	16	66	6	24	55	29	11	10	37	4	75	2	41	31	35	26	62	14	60	15	31	75	46	69	15	71	54	33	23	48	20	13	12	24	12	42	27	15	25	36	70	19	34	32	24	43	33	63	53	22	73	56	12	17	24	3	64	57	38	8	74	26	73	9	
25	5	46	28	69	69	58	60	62	66	67	61	31	74	43	58	13	15	14	72	7	18	71	67	64	2	73	32	3	42	37	26	21	58	24	16	26	4	47	62	45	13	48	50	9	63	31	75	1	18	41	4	30	11	68	65	11	44	66	70	56	27	10	6	59	7	62	61	61	12	19	28	20	62	22	
2	25	5	46	73	20	9	52	20	17	19	54	4	56	44	62	12	45	46	9	2	50	68	33	10	74	48	35	66	9	11	43	30	12	11	28	13	69	75	1	8	16	53	60	47	70	22	33	14	64	39	15	14	6	38	21	55	61	31	19	68	38	59	71	49	44	71	28	35	68	27	18	63	57	74	
5	23	18	35	33	56	49	15	67	51	51	63	3	9	16	19	73	51	1	67	74	41	37	75	50	29	1	65	61	53	61	40	60	54	72	3	9	21	15	50	68	39	35	44	22	52	62	20	73	39	59	45	55	18	46	23	24	40	64	55	66	23	25	38	73	70	17	57	4	6	29	45	16	69	12	
35	9	47	51	4	56	8	46	29	1	62	27	18	24	11	49	16	10	64	46	4	25	34	57	3	34	11	50	48	44	32	5	50	55	29	30	31	12	52	35	12	33	36	2	55	21	47	42	28	9	10	6	13	22	39	14	50	19	51	20	60	59	73	9	36	2	37	38	15	57	53	70	23	5	69	
65	26	16	29	24	74	12	27	4	28	37	9	52	53	35	45	22	66	41	18	23	17	32	33	33	6	2	17	68	4	60	32	3	50	34	75	46	30	1	31	23	36	8	72	13	17	40	18	7	54	10	75	68	12	30	69	67	38	58	56	7	42	10	59	65	19	32	11	43	39	32	57	61	16	50	
44	28	64	37	10	40	46	5	8	29	10	72	17	14	56	50	18	68	54	50	55	2	4	66	5	30	70	59	65	58	31	32	9	69	67	18	9	34	68	15	36	75	60	53	11	12	20	3	54	48	27	11	17	28	49	20	33	38	1	20	19	6	26	2	73	14	70	4	21	55	71	53	57	49	7	
38	36	20	39	12	42	62	23	34	64	63	51	70	74	26	64	67	6	15	43	1	24	30	59	18	60	45	68	12	69	68	47	2	62	59	71	4	20	57	35	6	17	61	50	16	8	37	58	11	46	21	62	48	49	19	72	7	33	26	25	74	69	60	73	30	27	36	40	41	13	44	52	28	29	66	
15	4	21	67	70	42	64	26	9	8	45	41	12	69	66	25	42	57	59	40	8	74	73	13	31	58	51	43	6	47	28	18	49	23	59	13	62	44	36	68	48	52	7	61	16	71	60	54	23	50	15	30	35	67	39	56	34	64	65	14	33	72	29	56	10	10	2	65	27	1	31	75	47	36	51	
62	27	30	36	24	43	23	51	52	54	63	17	10	26	46	23	56	28	25	12	31	13	75	71	34	51	24	27	22	33	53	54	37	57	64	59	22	11	5	71	60	65	60	49	66	5	41	43	31	62	29	36	45	4	35	1	58	27	2	46	61	29	32	16	9	9	42	6	67	44	52	27	38	33	68	
19	12	30	38	40	66	39	73	14	41	75	61	15	23	62	57	53	64	53	42	70	37	5	72	26	46	22	28	51	29	17	44	39	21	53	2	65	15	49	71	52	23	30	41	20	13	72	73	73	55	9	43	60	10	16	59	29	34	6	4	60	74	43	1	22	70	7	51	9	23	24	35	45	50	3	
57	58	67	27	30	13	33	48	68	40	34	25	66	64	28	43	23	22	60	18	11	52	65	61	34	5	3	65	23	47	41	51	4	24	75	6	12	31	26	54	44	59	10	9	21	26	29	41	24	14	35	31	38	72	65	68	56	64	32	68	16	1	45	62	61	15	66	71	19	14	26	37	46	22	20	
64	23	44	4	42	26	35	47	58	6	36	23	55	73	50	22	5	12	37	65	71	49	30	40	43	18	61	3	61	59	18	24	6	37	26	42	60	35	67	40	39	20	62	68	15	11	12	1	20	46	34	66	69	69	7	33	53	41	8	17	20	24	35	21	38	45	46	16	72	22	30	8	17	70	71	
30	50	5	23	44	25	29	31	18	12	32	46	41	70	51	52	63	53	61	57	56	18	16	46	13	14	74	63	27	38	56	33	10	58	25	34	5	55	60	75	61	64	38	1	31	72	48	17	10	35	71	65	24	61	40	5	71	28	67	73	42	43	36	25	4	46	51	59	20	6	49	66	68	7	54	
72	43	75	11	50	5	56	36	25	17	68	31	10	71	14	3	8	31	2	33	28	45	57	6	38	59	27	15	25	9	42	19	44	40	4	17	48	34	51	42	53	24	47	32	7	55	10	12	61	10	16	11	26	70	65	62	28	14	73	50	13	15	46	32	52	44	49	68	60	17	32	29	59	74	52	
62	30	59	48	61	41	38	69	64	7	33	47	32	18	20	55	4	34	72	32	9	38	51	48	15	20	55	10	1	50	59	37	56	18	65	37	33	22	3	21	22	11	64	27	25	58	63	3	12	51	13	67	64	66	15	54	2	67	62	52	16	16	9	75	8	68	73	41	5	49	70	1	71	23	6	
58	52	57	56	61	31	40	28	72	20	17	44	70	8	73	27	19	14	26	61	17	65	28	62	48	1	8	46	30	2	20	10	51	74	38	11	3	75	13	70	69	34	12	38	30	7	55	23	14	59	2	5	43	5	33	60	9	24	25	29	26	19	15	62	21	23	4	68	22	6	36	71	8	42	1	
35	34	30	57	13	59	32	12	23	36	21	6	33	31	5	40	43	74	22	4	11	46	49	67	37	38	16	75	35	37	3	45	47	9	23	53	61	52	39	57	62	55	50	68	64	40	28	25	42	53	8	21	68	27	54	24	54	58	20	63	59	2	30	35	69	51	55	55	75	18	30	41	70	65	44	
50	4	52	50	14	73	28	9	55	52	56	75	6	12	71	66	68	61	18	70	51	42	53	1	17	60	29	48	33	67	70	54	68	18	1	57	62	27	63	42	52	19	13	58	30	4	21	21	38	36	20	16	52	31	61	74	13	12	15	15	62	6	64	44	24	62	8	65	69	59	22	13	2	5	66	
75	59	62	66	19	22	49	6	46	3	63	11	12	49	21	1	26	24	69	43	20	27	39	74	60	73	67	70	46	71	35	42	28	18	30	44	14	53	23	58	54	8	63	38	32	6	38	54	4	1	19	73	23	32	52	52	29	13	45	72	57	5	37	7	68	40	24	2	14	48	53	43	26	17	55	
32	70	11	9	71	59	1	44	53	31	74	26	56	75	68	51	30	43	58	34	34	5	31	35	58	4	60	20	73	72	46	36	64	32	10	35	15	60	54	62	13	40	16	43	17	57	65	44	18	44	50	49	14	2	59	3	49	39	62	48	10	33	45	72	61	37	6	46	23	55	42	24	69	15	40	
59	64	27	21	7	67	47	29	54	43	57	45	14	70	30	32	2	33	52	48	66	3	50	35	12	4	63	9	48	75	45	34	38	69	22	20	35	65	41	12	10	72	30	17	64	36	24	46	63	73	10	52	73	37	60	8	18	49	70	57	23	33	61	53	24	55	67	42	18	11	43	25	53	56	12	
40	2	10	3	62	6	61	13	1	18	70	58	4	16	46	35	7	54	17	57	5	47	23	8	39	7	25	56	36	70	43	46	69	52	45	53	29	6	40	32	72	33	59	73	44	4	31	48	55	21	25	29	71	2	34	24	57	56	74	10	49	11	53	38	26	72	9	50	61	28	75	47	41	30	24	
54	31	53	1	15	43	55	34	7	32	46	5	63	20	57	46	64	26	73	2	43	44	52	12	19	44	58	40	4	60	56	30	13	26	29	72	43	59	3	47	12	45	48	75	36	9	16	5	27	17	74	48	61	16	54	70	56	10	30	32	67	14	59	67	25	66	24	49	42	3	69	28	41	40	73	
52	44	11	49	65	23	22	10	45	37	60	36	64	44	42	20	11	25	75	63	6	38	61	29	54	60	21	58	1	65	26	53	21	11	21	62	9	17	72	47	51	27	5	11	46	19	30	53	40	2	38	50	35	28	71	73	59	13	39	54	47	39	34	40	48	21	12	49	56	40	18	69	66	75	67	
31	13	68	58	52	75	24	16	3	13	64	36	67	72	49	42	38	10	42	51	54	37	55	25	46	10	40	30	50	34	65	53	45	34	33	69	19	48	59	5	35	41	27	7	10	73	17	26	57	34	70	33	74	39	56	37	46	71	36	18	4	8	1	47	28	2	14	23	29	14	64	53	11	20	27	
20	60	42	37	41	73	6	53	63	19	24	74	39	1	33	58	70	32	29	15	59	21	26	51	36	9	38	55	5	25	5	23	58	22	32	31	68	12	45	53	28	61	27	65	34	57	18	21	10	7	33	39	67	57	66	70	27	24	48	29	46	27	35	26	37	31	40	12	40	62	51	66	30	63	43	
44	46	42	41	26	24	70	39	19	26	27	4	50	25	31	54	72	27	3	68	46	28	62	69	43	20	69	36	33	55	47	52	22	50	71	19	70	58	62	8	56	56	57	6	4	61	57	45	7	33	12	32	73	72	63	29	65	59	27	21	25	37	44	18	8	34	34	1	66	63	54	17	18	49	20	
71	12	54	14	69	58	26	19	20	70	73	10	59	47	32	53	43	42	68	64	49	73	69	44	40	52	19	51	45	25	48	36	39	67	50	4	45	46	19	60	15	68	65	5	9	74	23	57	33	60	6	75	62	75	18	63	20	35	37	43	72	49	2	65	15	18	16	35	1	61	64	7	55	66	41	
33	14	32	2	17	14	60	67	44	26	7	29	21	14	37	55	45	62	48	9	73	43	72	30	24	29	20	72	8	40	12	3	23	41	2	39	49	33	6	71	59	58	74	11	70	33	50	14	16	75	28	68	36	74	69	34	22	5	5	65	15	15	65	36	30	42	47	35	49	51	4	27	9	75	1	
71	35	24	59	21	27	2	6	31	42	1	66	57	50	63	28	38	52	9	73	56	26	17	12	71	39	13	74	39	10	69	11	15	16	3	33	9	43	14	37	7	57	19	61	29	56	57	64	30	41	36	8	70	25	17	38	60	6	27	5	12	20	8	40	62	46	32	67	34	19	45	15	74	18	50	
27	72	29	64	24	2	70	14	29	21	21	59	51	23	74	47	9	54	30	7	37	46	18	3	54	31	26	42	28	41	66	24	12	18	73	34	69	53	38	11	45	43	45	19	30	16	44	13	32	68	70	71	8	5	53	59	35	70	4	32	24	64	47	17	56	67	25	48	46	40	23	8	49	52	10	
72	47	37	60	72	74	51	38	21	54	4	38	61	48	36	67	52	27	72	44	53	62	62	14	28	21	12	6	63	49	4	35	16	17	67	63	18	42	20	14	71	73	49	29	40	60	69	64	68	63	31	32	50	11	26	45	6	37	23	57	73	3	51	64	34	41	44	24	4	46	10	54	34	53	72	
1	16	65	34	47	61	58	2	69	44	3	12	46	22	31	29	15	37	62	52	39	7	19	36	1	54	43	22	64	74	24	31	66	55	74	33	10	42	11	46	7	4	55	28	70	14	14	63	33	56	38	57	46	26	5	21	50	45	49	33	27	40	68	5	67	22	15	38	48	19	9	20	73	58	53	
62	63	33	25	70	4	52	40	26	72	18	42	45	61	58	51	54	63	11	56	46	31	66	7	67	59	64	12	29	43	30	65	8	59	9	73	60	60	11	10	32	27	23	44	68	75	33	38	47	26	69	60	41	57	55	20	15	36	4	42	44	34	26	49	63	13	44	27	62	35	3	59	39	23	28	
14	75	41	24	16	41	15	71	74	45	13	67	35	36	1	73	3	69	73	47	58	2	60	75	42	61	75	18	11	73	19	72	47	38	18	64	2	23	28	63	26	44	51	66	47	20	30	30	5	4	43	34	6	29	31	12	62	6	7	68	8	17	49	45	50	32	2	52	36	27	2	40	39	31	17	
8	17	21	30	18	29	66	25	70	67	53	4	47	56	6	12	31	18	49	73	41	8	54	68	13	11	52	46	37	56	37	39	40	55	43	29	55	29	58	42	16	26	43	34	57	44	45	9	36	67	60	73	67	32	61	54	74	75	3	35	26	48	44	63	63	10	19	35	13	39	59	38	62	21	33	
17	34	73	23	45	38	53	39	22	54	2	60	50	37	51	61	59	63	31	24	45	10	8	54	20	44	33	14	28	18	13	19	62	65	19	21	18	67	28	26	42	64	71	67	23	22	46	3	3	44	20	35	47	26	74	32	44	1	7	9	28	17	69	35	72	2	27	15	68	50	6	7	16	52	4	
34	74	19	31	1	52	30	68	27	25	63	69	7	63	3	36	47	62	38	5	60	20	26	49	62	55	35	64	58	73	54	13	66	48	16	40	72	16	29	60	41	67	56	8	46	22	14	4	4	12	73	35	32	15	53	71	21	2	26	73	75	57	6	37	39	50	70	9	60	10	27	36	59	11	50	
