62	35	22	68	39	33	46	41	31	75	71	57	14	63	51	24	41	52	11	57	19	64	55	74	67	54	16	52	56	66	73	47	53	39	30	66	69	74	32	22	48	75	58	59	60	4	57	23	52	42	55	45	29	32	43	70	60	34	44	37	20	39	6	47	61	10	13	43	65	40	40	36	14	72	62	
71	68	42	69	20	6	46	39	9	75	3	1	35	8	20	70	25	33	49	47	8	56	57	25	37	71	62	63	7	29	24	52	19	40	43	13	44	64	50	27	38	28	3	72	32	20	61	55	30	34	2	32	10	36	55	21	26	16	58	6	45	5	59	41	42	73	46	60	58	18	11	22	23	12	14	
49	4	45	3	28	51	1	58	36	30	12	54	29	25	35	32	65	37	61	75	53	33	43	38	66	39	43	59	52	27	43	2	28	10	75	55	59	73	10	17	2	19	46	28	20	5	34	58	40	70	55	64	25	72	22	13	7	39	47	41	63	11	31	65	71	29	18	51	6	2	42	53	21	10	8	
34	61	12	66	72	4	43	58	26	38	2	14	42	15	57	50	52	42	5	39	34	7	30	60	5	29	1	55	22	60	33	30	44	42	19	38	45	59	18	43	71	69	31	13	6	62	60	56	26	40	68	58	46	20	40	23	47	41	74	43	21	6	70	48	49	11	75	63	51	16	5	53	57	10	25	
60	70	8	37	18	43	4	50	60	21	64	4	44	2	52	7	72	56	75	33	1	60	29	37	27	17	39	63	71	46	10	30	15	67	41	9	10	42	55	68	60	20	68	3	18	45	6	12	73	55	47	70	38	45	31	62	59	42	24	32	62	13	56	53	50	19	57	57	35	11	23	25	28	65	68	
42	7	72	28	1	26	67	45	61	34	48	23	67	64	44	18	49	27	48	2	75	65	54	31	73	62	29	13	12	16	55	28	74	49	32	71	50	20	15	33	30	61	53	70	24	72	11	47	73	56	44	3	20	21	1	17	57	35	2	43	19	58	68	12	4	21	59	51	16	69	58	37	29	14	22	
28	4	71	72	75	27	39	44	21	33	42	33	12	43	10	52	35	39	20	44	16	15	75	41	5	43	22	21	70	28	7	73	7	1	66	56	24	4	22	45	35	40	50	21	57	34	71	13	74	65	54	60	2	51	23	5	17	41	3	61	44	6	32	25	55	26	3	53	29	22	69	31	36	41	49	
14	49	19	24	41	6	53	23	58	3	21	37	69	36	34	29	2	13	59	1	41	4	5	15	72	73	6	7	30	22	25	18	67	42	40	7	26	67	8	54	44	23	16	38	56	22	62	33	32	20	31	70	70	9	59	43	2	45	40	35	60	39	45	27	55	61	47	75	25	10	51	66	28	46	24	
59	58	61	66	12	3	71	56	70	75	14	33	74	51	47	3	9	8	22	31	62	3	34	35	25	40	8	65	42	21	12	75	1	47	63	64	47	36	17	16	31	29	46	5	54	67	5	60	72	24	13	55	4	22	15	2	66	73	68	23	65	48	7	64	18	58	49	38	69	40	28	20	6	50	10	
42	37	1	2	32	74	12	61	49	31	48	46	64	17	7	62	4	53	57	42	44	14	65	57	3	27	59	72	67	30	68	8	64	43	7	70	16	69	31	63	75	54	33	61	71	11	45	45	38	1	66	5	12	50	36	64	73	17	60	62	47	48	9	10	6	51	52	3	40	13	62	39	55	66	15	
21	75	15	64	35	13	48	14	75	71	24	61	66	16	42	27	34	64	68	39	52	39	14	53	53	69	14	67	46	2	57	41	51	70	28	9	58	49	72	54	43	19	17	7	32	54	8	63	17	74	2	73	12	65	18	40	55	29	26	1	5	9	39	56	49	44	60	6	64	31	36	5	47	59	10	
53	74	67	16	14	63	15	54	50	54	46	12	31	72	12	6	52	17	42	28	38	56	62	43	44	15	49	45	37	18	29	12	66	18	2	3	56	14	33	30	65	75	14	71	47	23	74	20	11	19	22	23	68	6	39	33	70	10	52	6	25	3	21	65	24	67	69	71	4	70	73	48	66	61	13	
11	6	9	5	67	73	24	12	64	4	48	71	72	55	45	52	54	22	42	41	14	32	5	8	33	74	55	50	38	39	61	46	42	44	49	31	40	47	18	3	49	63	75	20	40	15	69	16	11	35	54	23	63	34	27	1	28	57	42	48	18	2	10	36	51	37	40	58	7	56	58	26	43	28	52	
54	40	10	67	48	41	20	67	3	28	69	70	54	26	11	68	40	63	74	48	29	5	12	9	56	39	64	54	53	14	18	29	30	2	70	50	17	13	16	17	39	59	61	66	7	46	57	43	31	30	71	34	15	50	19	63	21	55	42	62	43	32	66	72	7	58	22	21	45	31	24	6	12	47	46	
68	68	2	33	73	7	73	30	14	46	21	51	55	74	64	16	17	70	4	59	74	60	73	18	27	3	5	8	65	26	28	56	16	27	62	11	31	58	15	42	26	34	67	55	9	54	71	20	47	72	1	42	32	75	34	53	49	13	35	36	37	60	15	49	63	73	61	19	54	48	31	57	10	21	38	
59	50	20	1	17	64	75	33	15	46	65	43	17	3	52	51	10	34	38	56	18	33	13	6	60	56	12	35	33	7	62	14	54	5	13	67	43	63	22	57	8	61	73	21	35	47	46	42	55	7	72	48	14	11	28	72	37	36	29	68	17	66	58	69	70	45	33	16	27	29	71	8	19	35	30	
22	56	47	62	10	28	56	55	40	37	55	34	73	13	38	39	27	25	17	68	67	35	23	75	59	49	37	66	36	47	69	56	26	12	18	33	41	47	61	75	7	38	8	53	29	19	66	30	19	57	16	60	14	13	58	48	59	70	12	71	42	52	48	43	61	46	44	73	9	32	72	64	62	54	16	
61	46	4	9	62	36	22	44	24	9	1	69	43	67	55	35	4	29	5	15	65	18	57	63	23	6	30	10	43	56	23	26	24	3	33	8	35	31	50	58	13	25	25	54	66	54	12	67	59	64	4	47	5	60	4	27	39	8	11	4	68	29	14	8	7	11	70	17	15	19	67	28	37	71	75	
25	43	59	14	75	45	67	19	46	26	20	44	61	26	50	39	11	53	18	67	55	26	56	66	38	67	32	37	27	73	12	48	16	67	36	12	34	3	28	54	29	22	21	60	45	49	74	31	19	13	75	48	35	48	17	47	15	23	6	39	67	24	62	4	5	71	65	11	52	15	63	70	11	57	29	
54	23	24	57	19	34	50	39	43	73	27	13	10	44	68	22	33	58	57	11	34	51	73	45	21	63	4	66	72	58	70	23	56	16	55	47	24	5	60	64	74	9	74	61	28	42	3	34	25	57	46	52	7	14	69	3	75	71	43	49	29	34	65	58	48	40	4	1	20	62	55	15	53	28	54	
70	67	48	3	11	4	44	37	61	54	28	61	27	73	26	67	1	57	29	33	4	68	35	46	8	71	75	74	38	31	42	7	15	64	8	2	43	48	34	26	3	36	62	2	10	61	66	59	17	5	14	18	36	23	39	19	16	36	12	52	59	30	56	49	67	38	50	9	60	54	32	59	65	69	39	
47	50	3	29	65	68	40	57	27	60	18	41	51	52	27	25	10	30	55	58	20	16	1	26	73	53	33	31	17	22	64	60	48	62	67	11	32	28	65	56	59	58	15	34	9	21	31	19	44	61	70	61	54	68	63	23	22	24	29	10	13	15	69	34	66	29	42	2	51	6	35	11	38	17	23	
44	30	22	58	71	5	50	31	30	17	15	50	11	5	1	19	67	65	60	23	15	12	39	66	40	20	68	21	55	8	34	22	35	30	3	28	9	26	57	36	17	46	61	27	48	36	18	15	24	75	35	13	61	49	54	25	66	47	38	43	51	53	62	59	74	41	60	7	62	39	16	53	63	2	1	
7	32	16	19	30	66	28	18	51	74	69	67	39	35	3	5	58	46	41	38	21	54	21	1	14	34	12	64	16	9	62	72	14	53	13	42	41	15	57	12	17	26	52	25	34	29	4	22	49	43	27	66	71	45	62	7	56	48	69	44	53	31	40	64	8	25	6	20	37	36	29	23	35	55	47	
67	6	49	56	30	65	5	18	57	25	54	62	1	24	30	42	51	57	58	14	37	1	17	54	35	27	60	33	61	35	2	26	18	22	4	43	63	6	36	17	28	63	3	3	64	5	19	34	60	71	45	20	45	38	47	55	38	27	10	20	39	60	44	29	59	21	44	40	24	7	66	32	41	29	9	
21	33	21	52	66	65	72	59	33	32	28	10	65	53	69	59	64	28	1	13	6	19	58	44	17	30	71	41	64	74	43	9	28	38	33	68	25	26	49	55	30	56	39	73	4	7	50	65	34	25	3	13	18	51	57	33	2	23	48	40	22	67	44	23	25	54	12	25	61	36	60	4	11	16	70	
12	72	20	73	27	19	47	14	35	20	66	65	71	61	12	33	54	75	51	73	22	1	8	21	49	18	73	28	25	11	72	34	57	14	5	58	7	50	69	39	45	32	3	36	15	13	43	67	10	68	39	6	70	24	26	37	38	30	62	58	9	56	74	59	44	44	17	48	16	23	62	40	38	63	42	
27	72	7	68	4	49	30	60	37	48	7	52	59	1	33	40	3	63	6	36	6	45	50	28	35	56	13	41	68	49	8	69	43	62	61	22	34	65	4	70	34	60	41	15	58	46	29	35	8	9	73	63	49	18	14	58	51	75	22	38	46	2	39	12	62	64	8	21	49	17	67	71	44	73	72	
75	19	73	32	24	2	74	10	26	14	4	58	59	70	54	71	16	55	75	25	39	60	7	28	34	65	10	12	30	59	56	27	74	29	33	72	28	29	62	28	18	51	61	1	21	37	45	36	13	42	33	24	26	37	49	30	24	38	40	28	15	3	52	10	22	7	63	23	11	35	49	41	8	42	74	
3	66	41	34	53	5	42	74	4	75	23	31	75	54	44	26	42	36	50	26	56	30	4	2	38	37	24	60	19	52	33	20	17	71	29	45	50	67	21	51	41	38	57	36	68	22	35	30	58	6	53	32	33	55	6	46	65	26	27	7	52	40	23	70	28	25	11	1	72	26	39	5	62	4	43	
27	24	47	55	53	50	7	60	56	59	63	23	25	12	27	27	61	57	26	29	7	46	36	57	11	36	58	13	20	58	30	44	56	72	73	31	19	3	13	72	37	51	18	62	37	40	59	74	19	8	23	75	26	31	32	34	64	14	44	60	67	45	2	22	37	1	27	54	49	15	48	60	66	41	16	
23	2	74	16	70	75	12	46	23	18	73	55	4	7	72	37	48	39	36	44	51	7	68	26	31	5	48	14	65	62	26	61	38	21	52	30	71	40	53	15	54	45	43	32	25	14	67	49	56	1	13	8	6	56	24	33	58	47	20	23	10	44	11	44	41	32	64	31	3	19	22	47	38	60	49	
60	71	14	7	21	12	69	20	67	47	18	74	28	39	17	25	44	35	28	62	48	58	33	3	25	26	70	68	63	52	15	21	22	25	25	18	35	72	11	1	38	27	72	40	39	64	62	6	72	66	42	42	23	73	17	45	21	9	8	56	35	19	74	32	43	75	51	4	64	55	48	2	57	20	24	
17	5	51	72	52	37	37	68	56	8	9	73	3	66	3	57	24	19	53	53	35	26	22	7	64	51	54	62	29	70	51	45	49	24	38	23	59	49	14	13	55	71	63	55	61	65	36	5	60	62	32	12	62	56	16	48	4	66	15	28	40	69	72	7	10	7	27	35	58	20	46	30	8	6	67	
65	64	68	44	18	52	2	27	13	47	19	58	46	58	66	49	16	43	17	20	43	21	21	4	49	11	21	53	16	24	35	3	62	26	45	3	54	18	4	67	62	23	20	8	52	9	31	69	48	47	59	65	72	54	40	12	63	60	62	5	4	73	53	42	72	74	41	50	12	22	8	51	14	26	32	
61	8	59	25	29	3	58	15	41	35	52	53	71	9	12	46	62	6	23	26	2	68	63	20	55	57	3	3	66	3	11	48	7	64	71	32	41	51	24	5	60	48	30	56	59	38	22	39	41	18	61	40	64	27	33	38	1	33	16	62	34	21	13	14	65	3	28	21	31	39	37	11	17	67	44	
63	62	58	23	26	53	59	38	34	4	68	46	54	23	60	15	30	75	24	41	57	74	59	50	24	72	48	9	4	75	22	40	56	55	38	5	29	19	40	37	72	7	4	47	5	36	59	32	33	3	71	65	51	29	11	73	23	56	61	2	50	1	39	6	53	8	10	64	17	21	13	67	3	18	31	
5	24	64	34	54	42	4	16	15	7	23	63	30	56	41	4	26	18	40	32	43	14	11	72	6	6	8	62	9	70	67	8	20	57	17	44	17	70	35	30	1	53	14	2	12	29	10	7	19	40	15	59	28	22	53	29	74	34	13	54	27	2	37	21	52	51	58	44	46	64	49	17	24	36	16	
20	63	16	26	56	31	32	38	59	24	67	59	21	74	70	49	22	45	8	13	72	34	44	38	50	33	8	69	45	19	55	62	3	69	64	57	74	15	71	29	36	33	11	31	30	55	54	27	22	60	36	16	66	54	35	38	7	12	2	51	28	61	11	5	23	4	34	73	58	25	40	68	32	7	1	
59	36	50	59	55	30	69	47	70	45	47	32	50	57	30	73	53	59	62	54	4	49	9	5	6	8	69	75	15	51	71	48	10	39	29	37	43	21	4	36	63	31	41	11	1	45	60	29	27	41	6	5	65	64	52	66	46	43	37	58	15	28	33	21	40	53	56	12	48	34	15	13	35	53	17	
9	21	73	35	22	35	13	24	72	1	74	60	18	19	20	72	28	23	74	27	58	26	52	37	71	60	50	54	16	25	68	29	20	41	56	39	51	64	38	44	37	33	4	29	46	73	75	48	15	71	49	2	72	3	7	65	54	59	30	44	53	8	63	11	26	16	9	70	54	45	43	65	61	17	16	
72	8	17	19	23	59	61	65	53	54	70	17	7	22	32	48	73	38	10	43	35	75	49	28	52	68	38	16	21	49	31	13	55	18	29	74	74	66	37	27	19	29	42	24	48	71	44	20	8	54	60	40	50	9	45	75	62	3	14	67	49	20	2	26	10	5	1	58	2	33	7	58	36	51	4	
6	16	23	4	73	46	58	35	69	41	75	68	14	59	55	3	23	47	2	24	31	56	19	11	21	28	17	1	59	36	74	63	26	73	65	21	37	18	30	32	57	5	17	9	53	46	70	51	67	45	72	22	25	13	28	42	37	18	40	72	33	14	55	51	12	15	46	26	8	51	44	62	52	31	29	
5	1	72	53	40	17	25	57	16	11	7	54	22	75	71	15	29	57	44	51	35	36	71	47	39	44	61	75	73	14	27	73	63	73	26	24	12	46	55	28	54	60	54	74	34	20	63	37	51	30	8	9	60	2	38	31	18	14	70	11	3	19	64	45	66	6	62	75	32	41	73	55	72	48	27	
8	42	13	35	15	38	39	73	21	16	26	17	28	14	9	20	66	2	69	26	68	72	61	39	71	21	34	47	74	55	71	70	23	6	26	10	18	39	5	13	49	4	3	52	15	12	63	55	62	54	7	24	27	61	60	71	56	1	41	45	23	22	13	19	67	37	25	11	50	1	29	74	3	16	48	
67	3	10	45	34	38	21	62	38	5	38	35	36	5	46	55	2	54	65	69	41	1	14	43	51	62	37	45	64	23	72	28	71	74	70	27	11	68	6	47	43	17	56	1	73	19	53	75	1	44	61	10	39	48	50	62	9	57	7	68	57	4	8	24	43	42	49	52	24	29	2	12	49	58	63	
13	61	38	57	31	54	17	36	65	39	60	49	45	18	29	12	46	73	4	66	38	40	37	64	61	67	35	24	3	2	9	64	41	21	44	42	48	35	75	35	72	35	59	42	50	63	24	15	58	25	4	18	43	14	56	74	52	19	21	27	65	7	13	28	1	32	53	43	68	38	55	57	70	11	70	
18	73	25	8	50	16	7	43	51	70	73	47	42	10	40	43	55	40	54	47	36	59	10	56	45	22	5	2	15	13	68	11	57	60	11	34	72	71	47	23	61	42	66	75	25	28	41	47	46	67	16	51	48	26	26	68	43	31	66	33	17	33	19	70	69	21	74	62	63	24	5	44	36	49	20	
36	47	54	5	13	20	19	36	44	16	61	32	33	62	72	41	52	5	52	21	68	48	18	28	28	11	7	45	45	32	59	4	70	15	6	55	30	73	23	47	64	47	1	71	35	48	37	58	27	63	9	69	74	67	25	25	3	75	46	18	24	26	22	16	35	72	44	39	44	57	8	6	27	59	2	
30	6	6	10	30	39	60	75	32	49	16	56	23	12	73	17	12	21	31	74	33	2	41	48	20	19	26	25	16	15	20	50	62	4	28	66	33	11	63	62	34	52	16	35	37	14	45	44	7	50	43	33	34	4	1	51	71	5	64	9	4	57	50	46	54	53	29	61	67	13	47	69	40	38	75	
73	44	42	39	47	66	54	54	17	55	28	59	48	27	17	56	3	71	4	45	25	54	46	60	15	32	28	58	69	38	60	63	4	72	1	26	61	53	2	72	31	6	29	53	33	39	7	26	12	10	42	11	37	16	66	48	40	69	34	28	30	6	67	31	75	64	35	34	41	8	28	43	7	52	18	
7	12	26	31	71	8	47	2	39	53	72	61	67	57	13	68	14	67	56	13	42	20	41	73	54	21	9	72	28	48	12	32	34	11	35	5	64	4	7	24	31	44	7	19	23	68	15	10	34	38	17	72	55	31	46	16	27	49	1	50	65	63	57	71	69	66	73	59	42	75	52	71	45	33	12	
39	1	70	42	33	32	34	4	58	40	22	64	62	60	61	11	45	24	43	46	14	25	38	42	65	9	68	36	46	1	44	59	74	13	23	6	40	30	58	73	66	2	68	26	36	18	11	3	41	47	19	27	47	28	67	11	8	34	49	49	12	61	35	57	72	29	71	10	55	17	7	21	69	37	50	
29	53	50	6	14	72	70	38	42	16	5	49	19	13	67	42	20	49	47	74	23	50	33	27	27	48	10	22	39	40	37	63	21	62	46	3	57	34	39	71	24	17	25	40	31	7	56	21	54	4	17	61	50	52	69	58	68	74	69	8	12	33	43	24	13	7	2	66	38	26	36	59	29	62	73	
31	56	28	49	8	28	41	51	75	61	19	66	51	68	40	34	75	44	71	73	53	3	72	19	12	61	52	45	13	2	17	21	58	45	41	38	45	55	64	43	38	10	66	63	67	6	20	46	46	11	18	73	60	8	70	46	69	39	22	53	48	28	47	74	45	9	5	13	1	64	30	72	42	18	59	
32	9	72	46	40	56	57	13	38	42	6	7	5	20	74	58	31	20	25	18	63	5	73	50	41	59	2	34	23	17	14	28	11	60	50	29	38	28	19	51	67	12	55	65	22	24	19	52	43	16	39	4	75	33	51	35	65	26	39	15	17	27	13	3	21	59	30	28	9	37	70	49	48	40	11	
17	45	5	38	60	18	74	40	62	6	62	15	69	11	29	53	25	59	63	25	46	44	25	33	27	35	2	48	53	3	57	49	42	61	5	1	51	2	13	41	57	73	24	48	65	50	26	57	3	69	57	14	5	4	44	32	19	43	75	41	43	34	12	56	16	13	31	37	64	42	69	52	14	68	66	
69	17	10	27	69	47	6	5	47	58	49	74	70	63	48	32	7	1	15	55	62	8	60	73	62	24	41	74	14	30	63	57	25	46	9	12	13	10	20	59	40	34	32	28	71	51	34	71	26	23	29	62	21	7	61	53	11	22	50	73	25	35	44	44	73	52	53	18	23	43	38	33	74	64	35	
66	15	43	36	38	63	62	23	5	38	55	72	41	4	6	8	71	32	48	36	28	67	11	10	64	50	44	19	24	12	51	62	27	16	20	55	53	75	52	32	14	30	61	29	2	62	33	68	16	2	11	42	45	69	34	39	13	66	23	32	73	74	17	65	64	11	21	14	70	69	54	69	1	27	26	
46	11	47	13	24	23	14	42	63	2	62	66	15	27	16	16	74	56	7	60	16	17	3	29	75	46	72	40	17	20	56	64	2	8	71	25	75	61	37	65	56	73	26	40	27	35	53	18	64	58	52	2	69	52	30	39	5	21	1	12	8	36	46	9	7	43	4	22	24	28	39	54	11	66	19	
8	10	65	75	57	21	50	63	11	1	56	24	70	47	22	9	29	31	47	34	32	61	12	36	56	2	69	15	62	30	19	68	28	58	42	52	1	14	12	61	69	37	13	64	7	8	38	33	6	55	41	35	15	29	42	72	26	40	51	16	44	66	53	39	25	17	9	27	5	65	59	73	26	38	45	
33	17	53	36	25	30	3	52	42	9	16	11	24	24	58	8	60	26	64	69	45	48	59	37	57	41	15	40	75	54	59	65	65	17	23	7	39	72	40	61	69	47	63	67	49	42	72	4	38	28	70	19	1	44	37	50	6	48	63	42	73	23	6	38	28	27	20	65	73	51	43	46	69	5	12	
37	22	1	15	56	29	6	64	1	27	8	44	6	21	4	44	8	20	48	19	23	52	40	62	21	58	4	38	25	10	41	35	2	16	47	54	17	56	8	14	50	70	34	50	5	33	16	61	28	38	12	48	63	12	9	4	67	11	15	66	69	55	23	63	45	67	39	65	15	46	53	60	13	1	36	
14	13	27	74	36	58	51	55	19	59	10	75	24	69	9	14	32	40	33	17	3	74	53	34	16	1	55	46	6	52	4	70	37	7	65	65	60	22	25	69	70	3	44	68	46	48	55	2	5	62	67	56	58	30	64	49	13	42	18	68	71	61	61	31	57	24	64	8	39	6	50	4	59	15	11	
4	57	47	54	36	35	42	67	63	62	53	28	47	68	14	36	35	72	70	33	49	22	19	55	26	74	27	28	32	33	72	37	67	48	7	3	46	23	67	31	4	21	33	50	11	44	58	42	39	49	74	62	40	66	15	63	41	15	13	69	26	59	75	67	2	56	68	42	2	38	47	3	50	73	23	
57	21	11	73	37	48	45	70	10	9	13	70	49	71	58	38	19	16	10	9	13	66	51	29	63	7	74	42	53	53	65	12	46	59	56	60	6	22	47	18	15	35	64	49	26	15	68	40	28	73	20	17	53	1	44	15	50	38	31	24	72	11	25	8	45	62	60	55	56	30	41	61	54	68	21	
71	59	63	11	7	29	8	72	56	44	36	45	14	48	75	11	37	4	14	40	24	47	72	49	1	23	4	39	50	46	38	20	29	74	10	6	2	9	75	60	41	33	74	55	3	69	60	17	51	48	25	66	19	17	42	5	14	20	24	64	55	43	55	13	32	54	15	31	51	12	61	15	16	70	46	
15	24	29	71	67	55	16	55	66	7	11	51	20	73	49	54	28	7	32	27	40	8	10	41	36	8	14	45	18	34	9	1	53	9	69	46	50	60	73	10	68	39	35	5	38	6	42	32	21	2	57	19	44	61	34	75	43	17	19	47	41	25	45	66	27	3	8	54	53	2	62	24	34	74	74	
38	14	29	70	58	66	26	1	33	63	8	29	32	23	23	59	56	45	66	16	26	62	21	12	15	75	40	11	5	30	6	42	8	8	15	59	73	6	65	34	62	64	29	10	51	52	39	7	69	22	14	25	55	35	68	67	27	28	50	30	32	54	45	37	35	31	14	36	13	47	28	72	9	32	53	
54	55	18	29	42	40	40	17	8	47	25	49	50	6	2	53	13	48	72	42	59	73	30	14	4	49	11	42	54	28	14	5	69	75	31	15	27	52	3	9	16	4	36	38	19	28	21	68	53	7	34	26	56	37	12	53	10	72	32	35	23	6	20	58	29	43	43	4	66	42	64	52	46	22	33	
26	19	75	17	44	57	23	48	33	56	35	9	38	6	5	72	13	10	7	49	4	24	6	5	68	45	64	43	61	58	32	60	48	20	50	69	74	74	13	40	24	50	12	37	25	16	29	14	12	15	51	13	8	53	68	3	25	54	4	31	11	29	14	55	14	63	19	13	30	39	18	27	48	28	60	
74	31	11	12	16	70	54	6	52	6	17	40	51	28	15	56	36	32	67	57	47	27	71	30	30	25	38	56	1	34	39	60	64	22	48	52	68	68	54	41	51	44	60	73	69	72	55	66	75	18	44	21	43	19	41	47	32	51	33	74	8	35	34	50	58	71	23	43	61	73	59	9	18	37	5	
50	4	55	38	2	69	56	13	12	66	27	3	8	52	53	74	57	11	24	4	39	70	16	56	30	59	42	36	47	49	37	19	52	65	34	48	33	17	39	20	58	41	51	22	61	25	12	45	7	14	15	43	9	5	22	36	61	37	62	6	4	75	20	54	60	59	71	67	44	3	10	53	15	1	71	
1	51	57	18	53	67	21	21	64	23	29	67	58	45	28	61	46	41	3	71	60	25	64	24	32	42	29	5	50	63	52	42	31	30	49	4	17	44	17	66	65	8	21	46	55	46	40	70	50	12	62	1	36	48	48	32	72	25	37	54	2	65	73	25	14	24	26	4	43	27	33	34	71	53	72	
42	18	74	40	43	9	27	22	6	40	30	36	26	32	43	45	38	25	12	31	13	10	29	16	49	31	20	3	33	69	47	51	65	20	58	14	21	50	66	74	73	71	37	4	39	53	24	31	52	33	63	57	17	68	55	64	23	61	39	19	52	60	41	15	11	28	67	71	59	52	75	30	50	8	34	
