49	63	14	26	38	3	70	60	14	68	23	65	18	49	41	12	17	37	29	53	53	69	52	29	30	36	28	12	4	56	36	9	18	66	68	25	66	67	24	19	60	57	12	5	45	50	26	59	26	64	51	7	60	31	45	32	63	1	50	6	65	13	24	22	18	20	56	27	23	8	
40	10	61	61	24	33	51	47	31	16	38	9	32	37	36	4	6	38	13	53	41	5	6	62	36	21	20	19	54	40	25	34	48	12	35	11	55	12	66	13	26	43	39	55	8	7	69	23	44	9	3	23	14	15	17	45	42	46	63	30	18	27	64	65	49	28	22	29	50	52	
51	9	46	22	4	63	26	70	13	66	6	14	16	27	29	37	12	5	5	15	33	22	35	21	25	8	53	35	47	28	38	36	31	24	55	32	14	10	41	30	14	45	48	34	69	16	7	8	19	11	18	49	38	62	9	60	68	60	39	53	40	70	42	64	21	17	36	50	27	20	
9	38	46	66	5	55	9	6	2	25	21	18	13	56	7	20	56	14	8	18	10	40	27	31	31	58	50	64	30	17	66	48	64	51	41	66	33	47	11	33	12	30	60	22	25	15	39	16	30	57	35	33	23	60	4	51	59	52	54	26	7	49	1	69	42	39	62	68	28	1	
40	34	40	27	66	62	43	44	10	70	27	42	30	58	41	45	36	25	22	31	48	26	16	46	23	51	24	24	59	59	35	26	20	1	63	28	60	33	67	9	47	37	49	69	18	29	40	64	52	1	21	39	38	41	32	68	13	46	50	69	53	62	54	62	61	55	26	65	8	56	
66	47	50	54	56	8	10	23	69	1	33	29	38	8	60	60	3	12	45	31	20	5	32	52	6	19	27	30	18	34	59	24	7	48	4	60	53	23	22	61	22	64	17	57	70	17	44	12	26	16	53	58	30	13	47	46	41	2	14	62	31	5	18	49	45	21	51	38	39	67	
26	70	70	53	54	67	67	37	19	32	63	11	15	33	20	59	5	70	58	16	65	28	25	10	3	67	29	48	44	5	55	68	14	51	60	8	58	56	42	4	13	44	12	38	16	41	24	18	51	21	43	43	47	65	52	59	1	16	46	43	30	39	50	45	22	37	49	17	30	31	
28	52	12	49	17	25	18	39	40	65	69	22	48	55	14	26	42	24	51	27	64	9	64	53	60	23	29	34	45	57	1	70	48	10	46	62	44	2	40	29	7	38	42	54	19	65	5	70	20	53	30	21	3	32	13	58	58	41	31	33	35	30	36	10	50	15	11	21	16	49	
41	15	25	23	64	41	16	8	51	29	1	15	59	11	52	69	67	37	47	37	6	21	65	42	40	53	54	49	13	1	39	51	17	1	2	17	56	26	35	29	66	45	43	50	53	20	58	48	66	45	12	11	63	15	55	31	7	28	19	17	27	68	8	57	63	18	6	44	46	38	
68	33	10	48	22	61	8	8	47	13	62	69	22	52	23	69	24	27	37	50	54	61	42	59	50	44	4	53	13	55	19	20	15	38	65	34	26	12	51	14	23	40	8	43	32	28	38	63	66	2	41	60	2	25	44	49	64	57	42	5	39	70	35	56	36	25	29	59	45	15	
11	55	65	16	36	24	54	1	14	58	13	64	43	12	26	27	1	17	10	52	30	47	49	60	37	11	15	1	9	56	18	17	50	6	43	19	39	24	25	62	21	34	56	61	55	8	20	53	33	33	44	60	22	23	48	54	29	68	57	47	66	5	63	53	28	45	7	59	67	32	
46	25	58	39	25	52	55	48	33	15	8	4	14	25	34	70	18	2	7	9	46	10	12	47	61	41	18	65	26	22	18	69	44	15	49	66	64	28	53	36	52	59	50	5	23	11	2	51	10	6	56	67	14	16	40	17	46	60	5	13	5	32	17	54	56	62	52	57	27	32	
23	6	30	70	8	62	20	19	39	39	34	35	31	57	51	68	68	36	63	12	43	65	41	57	50	24	44	29	11	68	2	31	13	40	40	33	30	58	46	8	25	20	52	64	4	31	1	12	7	61	21	47	53	2	45	30	26	27	69	43	37	9	3	59	48	50	14	15	34	5	
33	66	17	12	57	30	52	67	39	56	55	70	42	35	69	24	4	31	48	12	2	10	18	13	64	4	60	17	28	36	26	58	27	40	10	23	11	59	17	63	54	14	55	37	43	51	61	62	22	44	68	21	65	19	46	1	12	45	11	38	2	34	35	39	14	47	58	21	41	15	
6	34	22	1	67	4	61	63	57	10	34	50	40	25	1	11	18	23	48	26	69	48	58	32	24	70	1	9	29	51	32	44	13	64	42	19	7	31	12	61	52	40	53	18	4	49	25	20	10	13	43	8	69	28	35	20	36	46	41	65	33	10	46	47	2	16	66	16	55	68	
4	35	48	64	60	49	51	12	8	58	36	49	62	29	16	36	59	62	9	25	63	43	32	37	16	42	51	6	56	43	13	69	18	70	2	2	59	52	23	65	50	54	40	49	22	66	26	8	55	31	45	46	15	14	9	27	53	67	42	57	49	69	57	68	62	58	61	1	46	24	
51	36	5	31	22	37	24	44	42	18	15	23	2	25	35	21	61	28	14	42	16	3	34	68	62	35	64	62	22	49	17	12	22	27	40	43	63	3	13	42	30	25	62	32	60	36	47	50	60	1	18	4	1	65	9	2	33	70	6	54	46	19	66	66	51	43	48	38	56	57	
7	13	22	9	52	9	42	38	66	29	48	23	39	46	11	45	57	43	54	58	24	40	14	27	45	59	9	20	24	61	15	40	16	46	62	4	64	29	40	60	65	15	8	44	1	17	16	67	63	10	53	21	49	2	45	19	58	64	35	21	51	59	70	5	33	56	17	25	22	66	
9	27	21	27	10	19	53	35	25	37	42	17	67	16	16	51	32	1	41	6	31	33	63	29	33	38	26	59	57	55	54	5	21	2	29	30	34	9	61	51	55	36	65	50	44	9	28	15	19	68	31	62	26	39	18	69	66	49	54	60	31	40	62	50	44	43	8	70	36	64	
61	31	33	55	8	5	1	45	28	30	51	56	17	16	32	42	11	20	18	5	21	46	48	9	35	20	37	50	29	12	52	17	40	13	68	57	25	8	30	53	47	22	46	62	34	2	30	54	36	57	58	59	43	44	67	5	63	43	60	17	64	47	38	32	65	39	16	6	66	69	
54	31	15	39	31	46	50	59	27	21	43	11	8	26	52	2	28	52	42	19	8	34	60	49	63	45	27	18	58	11	13	51	51	25	15	9	68	5	7	35	23	60	55	40	12	45	41	49	24	22	66	42	64	65	20	67	45	44	13	29	63	36	16	48	68	30	59	10	43	65	
36	5	51	18	42	60	2	21	37	36	40	43	5	44	46	20	38	19	2	59	56	4	19	70	42	14	39	29	31	20	32	61	22	10	23	61	9	18	10	55	51	62	24	65	29	12	25	66	38	26	48	27	37	6	30	7	34	7	45	54	28	4	47	55	35	70	50	29	15	63	
12	5	49	45	67	6	52	31	66	17	64	53	50	28	57	5	32	13	23	16	7	55	29	47	38	49	56	21	6	14	11	15	13	58	59	20	59	37	48	64	51	39	57	41	64	54	53	36	8	2	61	9	66	18	65	31	67	62	52	68	60	63	22	70	43	10	26	40	52	16	
43	42	61	40	9	53	19	58	29	22	69	16	28	62	31	21	33	35	67	10	29	51	6	61	57	56	63	23	36	54	33	7	24	22	44	40	14	1	37	52	20	33	64	45	38	35	8	65	9	12	1	48	1	17	34	70	70	39	18	32	17	60	47	55	9	25	17	41	21	52	
10	44	24	14	28	56	58	31	48	6	52	59	50	50	2	13	45	69	45	3	42	2	61	15	49	8	41	63	49	65	57	57	36	18	11	64	1	7	32	47	10	12	45	60	69	46	8	55	53	51	54	21	62	51	33	38	70	14	40	32	8	22	29	40	66	47	43	47	68	17	
33	1	19	5	67	28	47	2	8	39	62	3	57	51	48	29	16	31	40	54	2	44	15	28	26	61	14	61	49	63	70	8	2	30	22	66	65	8	9	1	45	67	10	40	58	55	68	1	13	46	64	24	31	20	61	50	18	4	49	66	5	59	10	6	27	32	69	33	35	15	
29	6	9	47	44	64	29	50	5	51	35	8	3	62	24	61	50	53	3	39	55	5	36	63	7	1	29	14	29	62	26	66	6	44	43	59	48	68	48	54	46	11	55	58	70	18	58	49	67	59	25	47	69	59	56	7	57	3	20	15	65	53	10	6	26	57	70	70	52	40	
59	37	46	56	33	55	69	19	43	5	5	66	61	6	62	35	10	47	36	37	70	38	30	15	39	64	1	41	3	60	7	59	23	63	39	54	44	48	14	25	49	26	18	42	28	9	2	47	65	50	24	68	7	51	15	55	42	11	23	58	9	44	40	46	40	19	22	31	63	45	
46	51	66	2	16	34	5	26	8	7	10	41	5	14	19	15	9	70	34	29	51	42	7	30	9	46	46	40	65	48	23	38	26	17	37	52	59	51	18	7	67	24	45	69	47	4	12	56	1	55	22	62	25	26	21	41	11	6	27	3	61	40	49	15	54	31	13	53	20	20	
56	10	53	29	6	27	30	27	20	40	10	51	41	42	4	70	13	11	1	28	22	60	7	12	14	58	32	29	37	45	58	33	52	38	61	67	4	34	22	38	7	31	11	46	10	13	43	17	33	47	53	65	44	57	2	63	54	44	21	31	16	8	62	9	51	59	13	66	14	35	
25	18	70	34	3	19	56	43	45	28	24	26	20	61	22	32	64	16	3	11	56	29	24	44	44	15	42	54	6	65	27	29	30	35	2	31	52	55	63	33	36	14	59	52	17	21	11	7	37	23	38	17	48	58	70	39	70	40	12	19	43	50	53	62	41	52	46	2	47	4	
34	66	26	21	45	38	39	65	53	12	15	6	38	60	3	35	19	70	15	39	13	53	28	5	54	45	55	64	61	40	6	29	45	31	58	17	7	36	21	57	45	33	2	10	32	14	56	59	16	6	42	35	56	63	37	50	46	31	59	39	68	56	67	41	24	50	67	43	13	18	
25	56	58	36	5	18	36	57	4	58	60	39	19	56	40	65	45	15	24	30	47	20	8	51	69	43	28	66	9	50	21	45	46	4	6	48	22	52	44	20	37	43	70	65	41	35	58	10	56	9	32	42	52	49	20	33	31	58	23	53	38	54	18	7	51	26	64	67	12	35	
27	58	18	35	51	53	67	36	3	62	53	44	44	17	33	61	60	60	59	20	35	32	68	50	36	47	10	42	55	20	14	7	5	29	39	65	10	45	28	22	38	21	63	19	47	23	6	34	25	3	69	54	32	61	43	8	30	51	48	10	11	56	26	12	31	4	5	46	47	49	
63	21	2	53	37	47	16	51	18	35	64	7	29	35	61	1	40	30	59	24	50	66	20	15	19	42	17	20	25	3	1	16	33	1	8	8	57	20	56	13	53	59	22	21	26	17	23	59	58	4	23	52	67	52	59	12	33	14	41	55	14	62	67	60	62	5	65	57	31	70	
68	11	43	24	29	62	40	55	61	23	56	23	9	63	2	64	14	32	5	65	14	30	44	20	12	48	18	70	29	46	60	24	66	37	46	35	38	25	17	26	56	13	58	67	15	57	63	27	28	65	19	51	21	1	68	42	45	31	47	16	22	33	52	17	10	30	2	49	51	34	
13	46	26	65	46	50	62	36	6	17	29	30	66	59	39	3	40	21	38	18	32	47	64	14	3	67	41	60	40	31	4	47	4	41	45	47	15	26	26	15	56	60	54	58	61	20	63	25	50	36	41	10	10	33	18	22	22	69	9	69	34	10	43	42	52	23	25	5	53	48	
13	39	32	63	18	18	22	15	52	2	48	20	16	67	58	44	29	19	53	35	15	6	54	53	41	28	9	6	27	59	48	48	19	19	50	46	46	70	1	31	10	47	43	36	53	40	17	8	56	66	55	68	68	34	60	48	3	67	51	37	53	38	11	12	57	58	4	40	69	53	
64	15	39	46	47	31	13	3	48	67	66	28	4	3	1	62	61	6	56	51	34	36	17	54	45	11	49	43	48	44	32	41	68	69	24	54	40	34	55	14	42	48	57	52	63	49	32	49	59	14	27	29	59	53	7	61	5	65	11	50	45	52	30	33	48	60	15	26	21	2	
37	59	53	28	40	53	3	68	30	68	22	65	23	19	46	31	62	46	20	10	35	53	60	1	13	47	57	35	69	6	41	45	4	19	70	42	12	11	48	39	5	66	42	26	24	27	62	14	12	15	31	44	60	18	54	11	8	38	43	1	55	10	55	58	45	62	34	47	17	9	
23	14	16	62	49	35	16	40	56	38	57	15	9	45	42	1	65	44	36	36	54	17	43	48	9	20	37	46	63	46	61	18	69	3	15	47	44	30	27	39	6	18	51	12	1	33	10	68	4	56	26	67	70	7	42	21	22	6	55	23	61	41	37	57	53	52	41	32	16	11	
69	19	18	50	40	17	7	60	21	20	43	45	26	51	56	66	66	18	11	61	39	69	31	2	66	22	62	46	51	4	46	43	32	4	29	11	30	46	68	48	8	52	26	33	42	9	34	46	23	41	36	63	50	3	1	43	24	59	28	3	5	14	55	44	15	23	53	42	70	58	
27	12	35	50	50	15	56	9	59	18	49	20	5	30	20	6	7	46	2	44	58	70	55	40	42	67	3	16	48	8	1	4	16	45	51	63	61	46	68	56	60	55	11	4	20	32	5	37	17	4	10	2	13	59	53	48	66	54	3	41	56	18	53	14	55	57	19	52	13	21	
35	12	3	51	13	18	21	16	51	34	30	67	45	38	53	36	25	48	14	32	27	9	37	7	29	31	45	39	23	55	56	54	64	53	47	5	11	57	33	1	18	68	66	4	45	52	40	68	41	59	20	55	8	69	59	43	44	31	70	61	26	49	58	29	46	13	60	50	10	6	
48	40	7	40	39	51	24	4	46	52	68	4	34	2	8	32	35	39	61	39	19	27	28	3	52	69	16	23	60	33	32	49	67	42	22	36	28	43	41	70	35	41	11	9	50	17	38	21	65	53	56	11	61	24	25	52	32	47	2	12	7	45	56	1	13	6	30	37	54	11	
38	28	57	52	33	32	4	68	49	65	45	33	15	34	53	39	13	10	12	40	31	14	66	23	27	12	35	67	52	15	3	17	39	56	5	12	16	14	8	62	9	50	36	19	25	30	64	32	46	14	70	4	26	58	41	59	68	7	53	47	13	50	6	57	37	16	68	59	29	19	
60	31	1	22	59	21	58	62	62	31	3	55	44	38	54	8	26	60	4	2	36	19	62	56	15	25	60	22	24	15	42	8	57	40	48	53	70	27	43	5	64	43	67	49	20	47	53	41	34	65	63	12	28	45	63	51	6	51	66	22	7	46	39	61	13	9	37	23	39	29	
21	43	58	15	18	20	6	10	58	43	14	36	59	47	5	49	18	22	39	22	37	53	67	3	44	16	19	13	36	64	29	55	25	26	8	56	41	18	59	36	70	69	11	63	52	25	45	68	40	23	31	16	4	20	23	50	35	48	2	1	38	42	60	2	7	8	51	61	24	37	
19	20	45	41	15	24	63	56	31	42	18	57	53	19	17	66	8	48	49	7	54	16	46	43	13	50	58	61	52	8	37	59	37	21	38	49	62	25	34	23	62	48	13	54	6	24	60	11	11	39	16	64	51	70	44	65	57	29	58	27	36	23	25	10	41	66	67	35	23	22	
58	12	4	65	63	22	28	61	32	36	24	54	25	69	64	67	66	49	31	51	1	4	2	34	11	52	20	68	14	41	20	69	62	33	3	70	49	35	51	16	15	3	5	27	11	56	29	4	42	60	57	49	6	63	10	8	43	39	17	65	9	30	4	8	59	4	12	47	44	7	
61	30	57	57	53	7	49	21	9	28	5	57	6	3	47	24	20	28	62	33	23	64	55	35	10	53	36	3	32	4	63	19	44	54	9	37	58	69	60	4	24	70	1	25	68	45	46	28	13	48	54	43	50	52	4	66	38	51	4	67	62	2	21	33	55	29	8	56	22	59	
57	54	55	54	19	62	41	64	17	49	47	10	19	24	56	33	8	26	7	5	18	66	69	37	43	60	6	44	35	37	41	21	28	35	1	32	27	48	36	50	24	8	57	53	29	58	11	47	9	29	62	20	21	68	66	57	61	67	42	23	32	8	51	52	40	60	23	3	38	46	
62	69	63	58	49	36	38	69	7	40	25	5	60	55	70	9	51	59	64	29	26	15	39	4	68	13	55	24	25	30	65	14	27	67	12	16	26	49	23	40	17	57	44	12	46	52	3	29	49	8	55	66	11	29	6	18	39	56	61	10	41	43	15	2	37	27	3	19	69	37	
39	23	20	21	32	56	14	33	24	59	28	6	65	48	44	65	68	23	60	41	24	13	10	48	1	56	12	14	62	8	47	34	29	64	64	69	66	4	40	10	3	6	25	70	53	67	57	55	18	45	34	38	67	30	25	2	27	34	22	8	51	7	45	18	5	35	17	51	49	63	
70	44	67	37	48	45	29	33	34	55	17	60	32	13	29	54	3	56	28	31	57	6	21	36	22	26	7	47	15	66	35	25	35	32	57	18	13	38	48	41	19	62	42	48	2	62	41	24	43	69	53	40	12	27	3	31	39	16	3	49	4	36	14	51	4	65	58	14	30	50	
61	45	35	25	20	44	14	5	66	69	6	46	33	15	68	40	55	29	53	67	17	1	42	24	34	43	30	19	64	53	62	43	26	35	7	54	19	32	65	24	27	2	10	66	21	5	31	15	47	21	9	56	12	50	18	57	19	43	3	13	42	4	66	63	58	70	51	8	40	51	
30	60	52	45	55	8	48	17	22	17	50	39	12	57	15	28	51	45	16	50	66	42	62	59	46	34	68	25	36	38	69	1	37	57	53	24	62	39	38	27	43	25	61	65	31	13	21	70	64	40	46	2	9	46	58	47	20	51	7	4	26	11	65	58	67	45	10	14	3	57	
27	41	9	13	45	29	33	4	35	24	44	12	9	49	64	63	30	11	52	42	3	7	50	6	2	40	47	8	46	45	5	69	34	10	20	68	51	53	70	9	14	55	27	31	22	36	20	57	39	10	37	51	16	9	54	23	54	32	28	28	1	42	48	25	61	54	31	45	40	43	
53	50	6	19	11	24	46	41	13	26	57	40	7	66	43	66	21	34	21	55	57	31	23	18	64	12	8	23	67	47	48	52	35	62	63	58	14	51	18	37	70	3	2	13	9	53	14	33	14	38	28	15	64	59	39	56	10	61	16	61	29	64	48	4	60	42	54	20	32	25	
39	24	21	59	45	39	42	66	11	66	26	34	16	18	31	52	9	38	35	24	28	2	27	8	16	19	48	5	22	7	12	3	41	43	67	19	6	29	15	17	22	26	62	35	51	19	25	69	50	69	23	15	10	44	27	20	60	12	25	31	23	53	32	55	14	16	9	15	42	17	
42	3	54	22	35	40	57	70	38	27	66	58	47	3	37	7	34	36	21	64	66	41	45	23	28	49	37	36	66	6	67	31	19	44	62	51	10	50	48	46	68	53	26	55	65	3	52	25	48	17	16	30	56	60	50	4	40	33	45	39	43	33	5	11	14	12	48	22	59	61	
63	48	16	17	28	9	29	20	43	63	27	68	31	21	54	22	26	33	44	68	67	13	47	66	10	54	11	56	70	69	19	6	45	44	30	12	62	60	49	32	56	7	39	15	20	34	35	43	51	18	39	54	40	19	61	46	14	3	58	19	57	65	19	37	29	46	52	18	36	13	
65	16	28	30	41	48	59	7	23	46	20	64	49	68	25	34	54	29	26	22	45	18	19	62	47	57	34	32	14	1	64	1	9	11	37	44	67	32	50	7	29	4	69	53	13	17	15	63	60	36	14	31	58	40	24	52	24	63	3	36	58	55	46	17	2	33	56	62	51	40	
55	7	53	67	58	62	9	3	54	58	37	13	13	22	41	38	62	63	37	4	38	35	67	11	37	68	31	32	1	21	69	53	26	50	52	11	42	61	11	34	54	60	32	6	5	70	59	12	2	19	8	37	57	15	47	26	15	10	56	14	44	52	69	57	30	35	3	8	33	23	
36	17	8	7	28	14	4	11	30	4	24	48	46	13	63	23	37	9	25	20	12	56	70	16	52	38	38	57	55	67	6	30	21	9	34	55	32	35	58	2	59	22	47	14	33	46	36	66	54	68	29	1	63	22	1	62	69	34	44	51	37	61	13	66	68	53	41	28	13	39	
44	1	59	10	25	23	65	69	26	43	67	45	51	64	6	51	46	14	17	34	4	59	1	21	48	62	69	28	33	22	66	57	20	49	6	41	6	13	35	42	62	56	22	47	40	38	20	19	49	30	46	70	27	54	11	14	40	8	40	7	50	31	70	53	20	16	24	35	37	56	
14	22	20	32	52	58	8	13	10	3	37	61	57	65	33	10	3	39	12	43	14	37	11	17	19	55	25	40	16	52	36	23	56	68	66	46	50	6	45	7	63	9	4	47	27	23	51	26	49	62	59	56	41	7	64	65	2	30	67	67	70	7	18	64	1	24	37	60	19	28	
56	8	34	58	62	38	23	52	44	62	54	47	55	16	45	48	15	40	3	61	38	70	4	60	5	5	13	51	61	24	64	60	35	28	42	39	60	14	16	42	61	65	8	56	20	63	19	37	57	20	26	6	29	21	70	53	21	9	18	22	34	25	7	67	44	64	42	43	58	55	
24	41	60	42	12	10	42	46	54	9	70	7	11	31	35	14	7	65	18	23	15	50	42	19	51	27	11	17	7	63	8	28	43	7	69	1	29	35	38	6	41	30	20	59	66	52	62	2	44	5	33	55	18	13	16	34	37	35	64	52	21	4	44	3	25	69	32	36	48	47	
45	26	64	59	14	68	44	18	12	22	31	37	16	20	49	25	43	41	55	38	68	11	51	22	10	63	21	15	24	70	50	63	39	52	61	27	69	40	47	63	48	54	28	2	62	16	30	43	32	24	13	53	33	4	48	54	53	5	63	17	57	57	23	10	56	7	59	27	34	3	
