25	66	37	62	40	57	55	39	53	64	36	67	34	11	55	7	19	16	67	26	2	47	3	29	55	44	14	61	20	10	9	3	68	65	36	69	61	30	43	41	33	6	35	64	27	30	12	43	45	4	65	54	48	8	10	31	61	22	31	13	41	49	8	50	53	56	53	42	22	23	
10	53	38	54	56	62	11	64	32	63	7	37	56	65	42	64	35	30	25	63	48	63	52	53	51	32	46	31	1	65	55	20	57	17	13	41	18	22	44	48	24	48	26	8	40	5	69	2	44	33	6	19	35	58	70	14	15	59	60	23	47	34	61	36	66	67	3	4	27	68	
61	45	28	12	50	8	14	58	19	56	30	21	15	63	2	23	16	25	5	67	57	51	39	37	22	38	27	30	52	48	10	51	32	47	61	11	52	17	7	69	9	35	29	21	26	29	53	50	64	56	59	47	33	35	24	51	70	59	20	59	46	27	40	6	1	38	13	63	62	17	
59	68	61	15	28	25	53	8	2	55	61	69	42	33	30	62	23	38	49	40	25	22	6	2	26	5	37	47	65	25	4	63	32	64	17	69	16	10	5	27	62	7	21	31	48	60	33	11	29	9	48	66	41	51	59	12	65	35	49	70	69	50	1	41	52	18	37	13	23	54	
29	24	54	60	65	41	47	25	48	70	31	35	69	10	26	67	12	18	29	59	27	38	48	28	6	27	39	40	42	1	19	69	34	12	56	30	62	30	49	37	43	18	2	36	25	23	44	47	50	11	33	4	46	20	32	51	57	5	45	52	14	57	22	53	8	17	15	68	58	3	
31	36	12	40	11	46	2	51	20	50	60	62	63	33	10	29	22	64	32	60	30	54	56	61	38	65	5	45	55	1	39	25	35	66	63	43	33	4	21	63	52	8	52	57	53	1	10	13	4	58	11	34	31	67	19	66	59	33	68	46	44	28	68	7	15	70	45	69	2	6	
60	62	23	39	43	13	50	63	34	51	40	42	9	69	33	37	4	24	10	64	67	51	19	63	65	44	61	38	41	2	53	28	61	15	6	43	26	53	35	57	44	1	45	50	11	11	27	22	36	46	14	39	25	42	29	16	25	30	63	66	39	55	31	27	68	45	12	21	47	40	
17	9	38	53	68	56	4	34	6	34	8	16	70	28	67	39	54	19	7	56	21	43	39	60	10	35	33	17	64	10	57	20	18	32	13	12	15	14	43	30	45	59	56	55	15	50	32	20	9	36	61	27	22	40	27	26	13	58	52	24	11	45	37	23	16	44	39	29	54	25	
68	38	8	51	19	32	29	49	49	35	24	37	1	52	16	25	5	25	21	66	38	26	40	10	52	53	50	20	20	31	37	17	66	54	64	24	13	32	12	59	6	34	36	7	14	61	28	28	27	58	22	60	9	69	67	59	62	56	17	30	14	63	33	19	45	39	41	70	11	55	
66	12	23	29	26	46	30	62	1	51	47	31	39	66	40	45	52	28	41	8	46	52	68	18	11	52	64	61	48	69	50	40	9	1	10	44	44	34	33	54	12	13	12	60	70	49	45	61	16	14	66	2	4	4	17	15	53	7	19	27	20	60	6	35	58	11	5	41	55	33	
22	64	39	43	63	35	32	35	36	45	57	29	43	59	42	68	10	23	2	20	59	15	19	65	45	4	13	46	54	65	18	3	69	53	43	58	27	2	34	2	60	17	30	39	5	10	37	23	31	34	40	17	61	56	19	42	69	33	27	62	33	44	62	41	34	47	26	1	56	70	
70	52	12	26	18	25	45	50	45	3	12	24	29	9	19	45	61	27	13	15	16	56	66	5	23	27	58	46	25	53	53	21	32	63	57	48	15	31	25	1	41	46	20	67	53	36	39	42	60	62	65	17	44	58	30	65	14	14	51	45	68	32	64	24	33	59	69	45	22	34	
41	53	7	70	59	69	45	26	49	44	26	43	56	67	38	12	1	59	35	49	32	27	19	36	61	50	21	2	33	46	30	13	39	47	11	25	45	52	60	20	23	12	3	18	19	36	29	17	22	59	63	63	28	24	31	34	68	57	37	40	41	51	49	8	24	58	28	6	47	15	
23	67	36	33	12	52	66	48	67	27	35	69	18	70	18	53	11	26	47	30	61	15	20	37	19	52	22	56	56	65	10	6	2	57	36	24	35	41	69	41	8	43	38	23	42	68	14	60	28	59	29	16	13	58	63	41	37	23	25	20	31	45	39	32	34	11	62	3	50	1	
40	55	49	17	17	28	9	40	27	47	38	53	60	49	39	50	17	3	70	51	32	25	35	66	60	59	4	58	61	63	52	38	62	28	54	13	56	1	50	7	45	16	70	44	4	48	22	18	59	31	9	20	65	41	11	67	39	24	50	37	26	30	2	10	67	64	20	5	61	69	
6	45	24	3	17	24	60	52	39	46	18	57	62	23	25	13	15	4	46	63	38	70	31	49	7	38	40	37	25	41	32	29	24	55	41	42	15	28	26	64	14	41	48	16	61	12	25	19	20	10	5	60	8	45	36	24	11	9	58	44	52	33	69	3	21	50	51	32	30	22	
22	27	53	67	39	42	19	3	65	29	22	67	17	39	51	50	60	70	62	57	41	53	25	49	54	43	26	44	2	51	45	32	20	28	40	65	5	55	7	68	11	30	4	37	63	64	31	62	61	16	58	33	9	10	5	6	49	40	46	59	34	26	35	47	48	66	50	7	48	56	
1	69	20	13	33	10	4	70	11	4	13	66	30	31	15	44	30	5	24	70	3	64	23	32	36	11	25	25	14	12	7	22	18	26	32	60	44	45	57	52	46	9	58	15	37	70	68	6	1	34	3	8	27	35	38	68	55	2	20	16	18	39	26	40	58	19	32	41	51	17	
20	36	34	17	60	10	27	68	13	25	26	25	33	58	58	10	65	52	6	24	69	21	58	22	63	55	29	23	23	7	48	52	41	9	67	40	17	21	36	27	56	1	62	28	56	47	34	64	38	37	11	34	57	66	66	45	48	31	8	10	39	52	70	18	59	54	61	14	14	19	
51	70	28	41	20	23	26	52	10	61	28	19	35	23	24	28	7	12	59	11	19	36	60	6	52	58	69	35	3	10	62	64	3	30	26	33	50	63	24	65	62	49	16	24	1	37	66	4	58	67	12	5	22	13	21	2	8	29	45	9	36	47	62	54	4	27	9	53	17	42	
48	5	18	61	38	27	26	40	28	23	24	49	25	43	58	55	54	53	11	38	68	56	12	68	44	25	24	62	16	47	31	61	50	47	51	26	1	15	63	39	35	24	14	70	65	70	64	58	66	14	30	56	67	45	69	39	2	12	29	22	57	59	13	45	46	58	10	53	19	69	
18	44	20	30	53	24	38	44	21	39	55	42	36	62	26	26	40	32	32	7	52	28	3	63	11	45	57	19	35	66	15	50	49	46	19	47	66	54	13	26	34	10	65	63	9	31	13	48	67	56	50	41	8	59	26	17	33	23	33	68	15	58	55	3	40	1	42	51	65	2	
69	24	13	61	14	18	19	36	61	18	17	50	54	23	41	19	49	1	38	21	6	62	5	58	64	42	69	48	27	61	40	23	24	45	25	48	60	39	11	63	66	26	49	47	58	20	65	34	27	43	52	44	29	68	46	19	51	35	67	1	35	35	28	57	22	42	32	6	31	53	
5	14	6	63	70	60	7	61	33	43	40	12	12	68	17	61	25	62	23	24	4	56	57	33	53	2	3	23	18	32	2	31	54	17	21	52	16	38	52	47	8	19	69	30	13	13	20	47	15	50	68	22	45	51	44	24	50	55	56	8	27	1	34	6	16	65	67	26	18	46	
11	35	5	7	4	27	31	31	3	40	9	67	64	51	46	47	15	36	38	68	39	60	5	12	6	14	4	70	49	19	44	69	64	48	3	65	2	29	24	11	10	42	6	10	20	52	52	45	23	29	53	1	17	54	11	21	16	12	18	66	41	70	62	33	55	63	36	66	32	8	
3	49	50	6	56	11	64	47	51	15	3	30	13	29	24	21	46	29	43	3	22	11	70	14	55	53	16	27	57	42	36	57	31	18	61	13	20	64	58	12	6	69	38	32	26	59	60	11	33	35	11	48	49	23	68	40	13	8	65	67	58	41	51	17	62	51	37	10	43	38	
30	58	30	8	15	65	64	1	3	31	39	12	4	16	32	68	53	40	14	60	34	2	24	24	25	17	15	59	33	55	19	5	52	58	7	64	50	9	4	51	37	40	10	38	54	29	45	46	8	68	35	51	11	64	18	29	19	26	27	59	21	43	63	70	41	61	61	20	69	62	
8	32	29	7	9	22	46	63	66	62	58	23	40	63	27	52	19	39	17	43	37	35	25	24	32	63	28	32	21	18	33	38	59	60	55	7	25	36	67	12	30	53	44	8	56	8	70	12	47	14	64	10	49	19	41	5	19	61	46	50	18	6	15	16	4	67	20	22	34	26	
43	59	17	14	65	70	20	4	8	4	15	70	22	57	26	2	3	54	2	44	31	29	61	55	42	61	49	1	10	21	24	62	8	51	4	16	47	33	12	66	46	36	3	9	32	26	7	31	11	18	14	50	45	5	30	27	6	18	28	25	37	58	12	53	53	23	19	30	52	26	
26	37	59	26	42	18	62	58	58	9	3	13	54	60	22	23	14	20	39	45	37	1	42	43	64	18	5	65	37	54	18	2	33	4	38	12	32	27	68	17	47	9	28	38	64	57	58	5	4	40	44	50	34	13	35	24	41	36	29	19	28	46	16	56	58	51	7	17	21	10	
43	60	20	9	24	12	63	10	22	7	41	5	55	14	27	27	47	65	58	3	11	26	59	34	21	46	15	26	56	27	38	26	28	53	32	49	3	23	66	34	29	37	50	20	57	15	48	44	8	41	62	25	6	42	61	30	9	13	53	4	45	23	36	68	17	69	54	31	31	51	
2	67	21	47	15	17	59	68	60	5	48	42	41	52	23	35	4	29	40	61	41	24	23	8	31	36	5	13	4	33	58	7	40	19	47	53	34	46	59	18	48	38	68	15	25	22	47	39	54	26	38	28	48	62	28	20	42	42	30	35	16	27	35	51	39	32	30	9	65	28	
13	40	2	20	64	24	34	53	60	16	4	25	47	61	23	3	18	55	53	46	29	65	8	62	43	44	11	12	40	5	38	66	56	49	22	56	70	53	37	6	7	46	39	51	46	54	63	62	48	42	45	5	50	50	9	16	21	14	37	1	26	15	10	17	60	20	17	58	12	31	
66	16	16	27	7	61	21	66	50	66	49	21	10	33	68	13	48	28	26	22	26	59	34	36	4	23	53	1	19	62	41	24	18	56	48	28	42	8	27	31	2	3	60	9	44	55	32	29	22	65	49	45	52	11	25	54	40	1	63	57	5	32	9	20	30	6	37	67	70	64	
34	11	3	21	29	56	15	58	14	36	51	59	19	42	66	38	22	45	47	25	28	47	65	44	4	20	48	39	10	57	39	41	67	51	60	21	35	1	22	44	49	9	43	61	48	40	25	9	10	69	31	45	56	23	33	57	46	16	35	58	70	2	38	4	61	37	47	34	53	50	
18	19	56	57	7	43	32	41	49	49	50	19	21	33	52	59	17	31	15	49	13	11	59	64	12	59	30	44	22	69	34	48	16	29	33	32	69	61	14	58	37	60	16	68	23	64	67	46	24	8	35	42	16	25	30	38	20	52	9	50	62	51	26	15	7	54	45	18	55	63	
14	19	55	26	16	1	33	9	44	57	13	6	26	38	37	53	8	66	44	23	43	44	15	7	56	19	70	41	45	52	34	51	11	15	18	22	13	42	39	67	27	61	12	62	39	58	59	40	51	47	2	35	10	17	49	63	34	48	31	20	26	4	5	46	24	21	8	50	3	44	
45	39	45	55	26	14	40	20	59	30	55	68	3	62	18	49	64	48	27	33	60	61	34	4	32	48	23	37	26	30	21	68	63	67	49	29	19	28	62	11	68	41	7	68	43	32	46	32	9	65	8	6	63	36	8	22	23	37	69	46	10	17	41	1	19	31	34	41	56	35	
49	50	10	65	45	48	25	28	19	41	20	20	57	12	53	4	42	3	44	38	58	42	64	26	48	11	53	21	48	51	54	36	24	59	43	8	43	5	33	2	55	63	19	39	15	13	40	52	30	22	28	9	60	19	47	44	27	25	6	14	69	63	66	32	61	27	56	32	41	24	
27	11	25	55	61	33	6	27	12	27	42	51	45	38	65	17	9	21	51	28	41	63	13	27	30	68	66	18	36	31	43	3	53	57	69	39	22	70	5	38	36	47	14	10	10	19	35	29	46	14	49	15	12	1	52	41	67	54	55	42	24	31	44	11	20	48	51	56	57	54	
19	21	38	42	27	45	58	2	15	32	25	59	43	34	57	34	13	63	16	8	44	48	36	17	49	61	70	50	31	56	35	59	64	68	29	28	52	14	40	62	51	61	66	25	38	45	1	65	47	23	62	18	69	38	53	55	26	38	39	3	20	67	53	22	70	9	60	49	33	28	
38	13	26	26	47	70	12	42	54	67	61	44	13	1	9	63	50	44	28	27	38	57	14	18	5	11	36	3	57	68	26	34	5	62	70	51	58	11	31	39	4	32	22	24	29	41	14	16	17	52	37	47	53	60	4	49	68	39	61	64	30	14	43	43	18	34	21	2	51	65	
48	51	20	68	14	44	35	37	69	56	16	33	31	58	20	31	55	34	65	47	36	33	58	67	3	12	26	42	8	5	22	65	66	38	60	18	21	34	53	19	17	7	49	56	4	7	15	60	52	18	39	11	60	32	64	60	43	40	41	58	48	62	50	59	27	57	50	61	23	42	
4	36	46	59	31	60	5	42	47	48	69	8	57	56	36	60	56	17	27	16	1	67	17	68	41	41	51	19	38	70	2	49	44	56	35	2	43	50	54	17	39	52	34	19	46	9	5	30	22	32	53	37	40	67	42	5	58	8	33	26	3	30	7	44	13	33	57	53	24	45	
9	54	26	44	69	2	47	14	37	8	53	30	38	16	43	9	30	11	18	60	33	26	21	43	68	40	6	63	33	34	27	39	14	50	12	15	59	63	41	23	68	28	50	45	46	14	51	67	35	5	66	7	28	26	47	36	61	60	25	29	21	52	57	48	38	3	64	24	63	32	
45	1	48	34	43	29	57	34	35	31	37	26	44	64	47	22	22	49	20	50	65	52	32	69	22	70	4	14	23	6	48	4	5	35	53	57	3	40	18	31	59	62	67	33	50	56	52	15	39	11	68	43	63	27	45	8	31	44	36	48	51	5	60	61	38	34	46	36	66	2	
7	61	4	13	22	51	5	13	1	42	21	63	11	19	15	54	36	55	29	64	35	10	8	30	69	43	62	53	19	64	65	35	55	70	45	14	55	47	23	56	15	53	46	23	2	3	16	33	51	38	36	24	52	43	59	48	24	49	40	41	50	37	2	31	36	60	39	25	44	66	
11	56	52	66	16	63	3	27	38	62	59	67	12	37	48	66	24	69	53	62	49	31	33	60	57	6	44	24	34	1	23	42	65	1	34	9	61	34	32	32	25	29	26	43	5	2	48	26	13	41	28	55	68	66	50	53	4	26	16	43	36	47	14	28	47	56	35	44	39	63	
12	61	19	38	44	21	48	18	56	58	55	22	37	63	28	20	55	33	42	68	7	6	42	15	31	27	10	4	11	36	65	26	25	23	59	65	54	49	22	50	28	24	70	5	8	22	34	70	55	3	65	61	18	47	12	62	17	32	60	31	65	64	67	29	35	52	33	39	40	57	
67	63	8	4	65	26	22	37	23	16	43	25	14	66	11	22	51	22	52	49	40	44	41	33	70	5	12	31	24	35	25	15	25	27	15	31	48	46	64	8	1	40	32	11	34	39	42	21	70	28	69	49	5	46	10	1	60	19	47	9	53	3	33	30	27	62	55	14	36	44	
31	41	11	59	62	51	37	29	69	52	54	4	22	2	59	30	6	46	58	39	64	48	42	24	66	7	8	43	29	49	12	58	26	32	63	13	14	32	39	21	5	27	32	25	13	33	63	23	18	48	60	13	23	38	39	28	41	44	62	69	30	16	53	53	50	48	65	15	9	47	
15	9	9	50	46	19	8	32	40	20	19	38	24	40	3	60	62	41	45	61	51	13	2	42	64	54	15	66	44	19	47	50	37	52	27	6	66	48	55	43	62	64	11	14	49	6	17	43	56	65	34	31	7	53	12	10	23	63	4	65	67	59	58	26	39	22	42	57	61	29	
16	57	20	28	2	3	44	24	43	27	19	13	68	20	53	5	37	15	37	52	7	39	35	59	62	69	17	43	40	8	69	60	64	21	16	66	29	57	25	10	26	40	23	18	6	14	33	35	25	12	9	29	47	41	27	45	50	51	15	18	53	11	15	49	37	41	48	62	38	2	
70	65	40	30	21	35	41	44	66	6	62	14	43	46	69	8	18	42	56	48	70	49	51	21	24	27	59	9	29	22	11	43	7	43	66	18	23	53	1	23	50	67	34	27	34	38	32	63	19	16	32	26	62	28	44	25	46	34	35	2	52	36	45	65	31	41	16	33	24	20	
50	9	14	22	33	53	57	65	41	4	6	10	27	7	29	67	26	3	36	50	15	25	28	70	17	30	41	49	68	63	56	55	69	61	4	34	49	59	19	32	2	39	37	40	45	62	38	61	5	13	50	21	31	9	8	43	52	42	6	46	44	69	26	44	67	33	9	47	35	48	
21	42	11	32	1	47	23	42	52	37	47	36	48	3	43	61	56	22	30	2	60	14	67	25	51	62	63	69	32	27	34	40	70	42	5	60	28	29	45	1	64	15	47	49	28	17	36	24	33	6	10	32	18	4	66	65	4	68	7	33	12	35	8	69	9	8	11	40	41	36	
39	35	62	13	13	16	39	45	24	11	52	42	53	3	55	45	66	57	28	69	42	48	43	27	58	54	47	63	28	20	26	69	51	14	23	1	40	60	54	3	7	44	54	56	41	36	30	49	21	66	56	59	53	22	13	37	18	54	32	32	15	62	46	2	19	68	70	63	64	61	
52	2	31	35	55	70	67	11	55	26	17	39	11	4	64	24	43	5	19	66	45	30	67	13	23	10	69	32	1	3	22	61	51	58	33	36	60	37	56	42	62	10	5	69	7	66	29	57	10	44	62	46	12	56	65	36	9	70	65	6	51	29	62	60	5	34	13	8	57	14	
43	3	13	45	52	30	50	12	25	57	63	11	46	61	70	27	38	9	31	29	10	16	53	11	67	1	42	22	69	39	28	44	21	45	24	13	36	69	47	30	65	18	39	41	17	43	2	51	49	54	7	68	45	6	13	50	63	62	57	5	23	19	48	53	64	55	8	66	4	33	
24	68	47	1	36	62	54	29	42	33	58	56	25	44	64	41	7	67	25	4	63	57	16	31	49	3	19	51	4	11	11	37	5	69	48	38	57	35	7	40	54	5	18	19	50	9	58	59	2	21	57	62	14	10	28	51	22	43	41	32	62	53	65	9	44	45	54	46	63	60	
28	4	1	29	3	49	51	69	39	53	23	27	50	32	31	15	29	59	67	61	5	58	49	9	2	32	45	53	70	48	60	10	46	48	36	56	28	12	52	13	68	8	33	63	49	6	68	7	54	17	16	69	19	48	14	11	17	64	62	13	54	40	20	18	37	53	18	65	8	50	
69	6	67	36	64	50	31	5	55	25	2	60	33	8	32	40	67	58	34	56	68	9	37	27	27	13	20	24	66	23	10	11	29	7	35	21	63	5	28	49	27	31	36	59	30	10	41	20	65	63	17	64	69	61	13	32	69	30	54	51	60	57	61	19	3	25	45	12	26	4	
44	62	30	7	66	52	13	30	16	14	20	40	2	28	34	21	57	10	60	46	8	47	45	1	2	41	21	64	48	50	59	20	47	23	37	43	4	58	70	22	69	33	56	7	55	19	25	53	26	27	24	35	15	6	23	23	48	46	6	21	28	59	49	6	29	12	52	20	67	56	
53	7	13	46	67	66	65	30	56	28	56	20	60	5	35	31	23	6	68	32	47	33	24	11	34	42	38	19	9	24	2	52	13	16	39	19	18	25	58	4	50	40	30	42	37	51	55	69	53	63	23	29	21	57	37	58	26	3	10	24	17	8	18	43	28	49	63	44	12	59	
54	57	27	11	33	4	59	31	68	51	29	18	5	33	1	36	21	36	37	25	9	48	30	10	28	56	65	15	36	13	61	17	3	23	26	29	24	24	59	16	19	9	47	17	39	54	62	57	25	27	38	26	20	47	48	34	44	38	49	34	50	42	30	52	63	2	14	23	28	7	
36	43	12	19	5	61	70	55	57	34	9	7	50	21	62	35	63	44	70	53	53	66	17	16	44	22	14	67	50	39	69	27	6	24	41	68	30	51	62	9	15	11	20	4	27	15	36	31	59	49	3	40	32	29	59	18	54	20	9	35	56	17	23	64	35	38	2	65	10	61	
68	22	69	15	37	36	34	6	62	32	64	4	7	14	44	70	38	13	8	58	50	54	1	30	59	45	60	57	38	67	57	45	29	2	69	4	40	43	3	46	12	54	42	11	10	16	5	52	32	10	41	65	4	34	26	1	24	22	61	53	28	56	25	54	49	22	63	27	68	9	
62	60	57	31	68	5	39	70	63	65	27	15	58	35	55	18	32	1	46	25	66	68	4	19	45	60	47	52	30	59	42	6	36	36	47	42	37	21	39	14	12	70	31	6	28	26	23	56	24	53	20	26	43	21	51	29	25	38	70	48	13	39	54	55	2	24	25	49	50	67	
55	8	69	23	6	24	49	15	20	10	3	41	32	42	4	10	67	35	45	65	64	69	38	38	37	38	68	59	39	45	59	14	43	3	34	46	19	18	2	48	22	65	24	63	36	21	13	24	40	67	25	30	62	63	7	24	47	2	26	55	58	20	65	27	15	42	28	43	54	3	
30	15	65	52	8	38	68	12	4	54	32	21	16	6	21	28	39	52	22	70	53	17	17	40	46	47	2	55	37	61	63	50	1	48	30	3	31	44	21	24	7	50	57	23	51	70	49	25	62	7	25	58	14	64	13	56	29	27	34	42	24	14	19	22	5	10	33	36	18	11	
