1	22	31	1	7	23	47	31	3	5	56	39	40	51	37	22	49	44	59	66	67	23	33	40	30	7	50	59	24	37	38	7	41	32	22	69	52	66	27	65	10	11	31	48	1	68	9	47	53	65	42	55	15	13	23	57	29	70	41	54	46	5	58	14	46	16	22	43	8	47	
30	27	67	70	14	7	4	20	51	62	12	31	45	36	53	8	18	9	4	69	55	59	13	48	15	57	60	32	34	6	10	61	31	16	1	54	16	2	1	11	61	22	47	46	68	27	49	17	33	63	21	28	48	35	3	58	27	5	19	58	23	37	58	50	43	56	38	68	66	39	
2	54	55	58	38	61	12	14	1	55	15	31	10	60	2	22	46	38	32	3	36	46	34	21	30	16	16	65	11	9	28	22	4	22	8	37	23	29	62	21	13	2	63	30	1	64	61	44	38	24	56	1	6	29	33	34	41	45	26	66	63	67	25	62	27	40	38	47	66	42	
6	17	48	7	44	46	7	45	30	42	63	13	41	8	39	70	39	20	54	5	8	47	8	40	49	42	9	22	27	1	68	43	28	50	46	10	16	50	52	51	19	55	66	69	60	32	11	38	56	59	40	67	53	57	34	26	27	58	45	61	62	40	33	15	22	12	23	36	64	2	
18	22	65	11	19	52	53	24	18	41	23	67	35	62	52	9	28	18	57	70	8	45	50	37	57	69	51	6	44	42	17	60	61	10	68	19	1	48	53	16	17	3	23	63	4	14	9	29	29	64	39	34	35	30	10	31	25	58	36	8	40	49	65	43	2	2	56	67	5	36	
22	16	48	42	4	49	53	11	18	9	13	54	52	58	10	59	16	43	44	60	59	23	49	51	61	44	63	42	38	50	17	62	63	64	39	6	50	20	26	7	40	37	65	18	34	6	17	47	66	70	47	45	19	23	35	5	64	25	56	30	2	70	27	62	1	67	65	68	12	31	
65	58	66	63	15	26	67	28	12	63	37	56	47	54	6	9	57	10	31	40	38	42	49	61	43	48	51	50	36	1	5	40	59	67	30	68	32	24	35	54	27	70	49	1	51	69	6	46	2	46	25	36	29	14	36	3	60	26	44	34	24	45	4	19	51	33	16	22	62	59	
3	27	56	50	25	34	42	40	19	53	26	54	16	50	65	61	45	51	14	14	24	36	67	34	64	45	2	18	65	4	6	7	29	57	66	62	30	47	29	46	27	68	27	52	42	20	41	14	9	54	37	43	27	31	5	18	17	15	33	20	21	34	28	41	32	30	44	57	10	69	
43	29	60	67	20	41	26	58	52	44	49	28	14	3	68	27	30	23	39	4	40	52	46	5	32	6	31	1	70	44	9	40	12	8	35	30	47	70	15	25	42	3	62	64	16	57	18	54	20	69	54	59	61	40	2	19	53	28	17	50	13	34	21	22	45	63	48	24	1	7	
46	51	14	35	43	26	32	70	8	49	6	1	45	63	38	43	7	30	10	32	9	31	64	35	50	42	36	37	52	34	49	25	24	60	70	65	26	41	4	31	29	12	29	13	66	7	67	12	39	3	44	51	33	45	25	20	14	59	55	5	31	47	40	53	42	54	56	69	17	57	
23	55	4	62	65	9	66	58	20	39	70	70	30	40	54	52	70	7	38	64	10	8	34	47	58	3	35	42	66	61	41	28	43	51	17	47	59	22	44	18	1	53	13	28	21	6	7	31	10	56	21	19	60	52	11	57	67	35	27	69	24	4	26	5	57	51	63	49	13	33	
62	11	26	14	48	56	17	64	13	25	58	32	51	57	22	52	41	13	27	7	10	60	8	32	3	69	23	62	46	32	35	35	52	58	59	39	41	4	31	51	37	28	21	16	12	40	10	50	54	42	55	57	30	1	29	43	68	61	30	53	19	5	27	18	59	15	47	39	20	17	
29	60	42	47	3	51	14	7	29	63	47	22	58	14	33	26	52	28	13	22	20	41	35	44	49	34	55	36	1	8	50	27	65	37	13	9	10	25	12	48	26	69	10	23	22	43	46	1	67	68	32	24	49	65	66	37	30	59	70	35	6	60	2	69	19	12	17	31	53	38	
14	11	33	21	31	52	58	17	62	62	24	34	13	70	26	17	35	61	4	32	35	7	31	36	16	47	55	28	13	29	63	24	48	23	42	6	15	39	32	3	30	54	46	50	52	11	64	18	69	65	55	44	12	19	5	25	70	1	51	10	24	53	43	2	5	27	14	37	60	44	
37	28	25	11	5	15	19	65	26	29	70	20	69	9	30	13	30	39	9	21	46	42	68	16	38	9	49	61	31	36	44	66	60	8	4	63	21	23	67	56	57	63	3	53	69	42	63	40	9	1	58	52	38	62	8	17	70	54	16	27	32	57	34	29	64	45	33	11	63	24	
64	59	25	65	40	33	45	30	68	51	39	62	43	4	64	60	29	60	53	42	26	10	26	69	37	17	40	66	36	44	26	41	29	61	30	67	20	3	35	27	63	1	29	34	15	20	32	41	19	13	10	54	35	45	49	66	2	17	5	34	56	36	1	24	21	40	18	50	52	70	
5	55	61	31	15	14	60	45	53	18	67	1	70	26	56	58	32	66	14	41	27	9	2	37	33	32	17	57	10	8	46	12	62	47	52	15	57	51	69	49	66	63	59	4	16	54	65	64	47	16	28	14	20	24	48	50	53	6	43	68	22	17	11	9	3	1	33	7	50	29	
44	43	31	45	57	57	24	46	41	69	65	63	10	11	26	67	67	19	12	37	18	30	63	27	48	62	26	9	46	5	47	29	56	6	69	40	2	21	23	40	17	15	43	36	25	8	30	32	28	38	63	42	7	54	64	53	49	29	59	28	50	33	68	31	48	66	70	47	13	25	
27	37	38	9	12	69	14	41	25	36	17	16	3	34	11	6	14	61	33	12	19	2	42	23	25	30	13	27	4	34	51	40	10	26	46	20	23	58	69	45	21	25	70	33	56	18	39	67	7	65	22	33	8	58	53	40	28	63	7	29	36	54	8	44	24	51	61	48	49	59	
24	66	21	33	38	5	49	1	11	53	7	27	13	10	24	63	59	48	65	67	15	29	56	20	12	2	11	70	39	57	66	3	62	14	32	27	28	8	38	49	58	41	16	17	59	36	12	45	23	6	35	37	43	18	65	64	30	19	61	9	25	66	13	11	22	42	36	60	54	13	
33	51	51	45	59	49	20	68	22	40	12	66	15	64	24	18	55	51	30	55	56	50	48	60	58	7	37	33	61	16	43	33	8	33	5	70	10	26	70	29	1	10	34	12	13	55	28	66	35	67	60	31	44	48	27	32	52	60	62	52	17	38	14	21	61	36	25	10	57	19	
36	56	38	10	64	48	62	31	53	35	27	53	60	67	28	27	24	21	14	25	68	38	64	19	69	64	42	15	2	26	43	47	20	9	54	11	66	56	55	58	18	5	38	22	69	7	43	33	21	4	70	28	45	59	44	48	50	29	2	63	60	46	34	8	61	27	30	57	10	12	
51	37	9	28	52	17	31	32	59	49	36	52	5	17	48	46	62	36	11	61	22	68	37	65	3	19	20	28	12	27	45	1	62	53	27	55	6	56	24	63	43	57	54	45	2	30	31	3	64	39	61	25	34	19	18	47	47	35	13	70	4	54	8	59	44	38	51	58	26	3	
49	67	69	30	39	10	69	9	9	59	45	11	23	7	26	37	62	12	10	6	19	13	54	25	8	37	66	68	23	32	66	70	26	5	38	4	24	35	11	31	33	53	40	55	69	2	19	59	27	36	60	52	56	52	16	56	18	21	49	41	50	57	44	3	69	14	15	20	42	17	
59	2	5	23	53	2	34	9	58	67	55	56	61	35	36	1	19	62	20	6	25	67	70	66	9	68	15	11	13	54	33	70	69	36	37	57	35	6	7	32	12	60	27	3	22	59	4	39	59	26	50	14	17	48	16	24	41	28	45	64	27	5	10	25	51	32	21	24	47	13	
65	57	68	19	50	16	18	42	59	4	63	48	24	19	23	37	53	4	5	36	7	34	38	7	56	27	48	8	48	25	15	44	18	22	68	66	46	12	47	44	14	49	20	46	9	52	10	58	65	23	26	69	66	67	17	62	33	3	64	8	35	21	59	51	54	70	43	28	4	30	
66	26	6	24	70	23	16	19	9	8	52	37	17	59	44	41	46	4	41	50	22	3	8	7	51	55	68	33	18	11	2	23	46	20	45	55	38	57	14	60	5	63	22	21	59	61	69	33	10	40	22	27	39	27	42	28	9	47	1	25	54	70	48	39	15	28	29	63	30	34	
45	27	35	4	43	21	62	39	63	6	16	12	26	64	49	62	31	55	36	29	23	28	40	3	65	63	30	26	53	50	69	26	5	42	27	56	2	32	35	64	32	61	14	67	54	60	57	10	54	33	48	70	57	15	12	66	7	49	18	55	34	9	20	41	48	46	36	51	13	11	
49	61	67	64	49	58	63	32	7	41	62	52	50	65	6	2	45	22	47	56	14	1	4	32	51	66	16	26	47	28	33	24	7	39	24	3	36	11	37	40	67	24	33	50	20	47	48	62	68	22	45	5	38	60	41	23	46	69	46	21	12	18	53	28	70	6	27	30	25	65	
9	24	16	38	1	45	12	47	34	15	8	18	18	50	3	61	70	58	48	55	5	69	70	56	25	5	4	54	32	21	49	51	42	1	28	53	43	50	39	16	62	44	31	7	20	46	8	30	29	57	11	30	52	20	25	13	23	22	6	64	59	61	54	33	1	10	13	64	57	60	
66	46	31	36	63	61	6	10	17	31	60	38	1	48	67	35	1	18	66	4	21	45	65	2	6	4	9	16	54	5	7	59	61	45	23	63	33	27	70	61	67	8	36	9	44	34	40	42	45	37	56	11	17	58	19	20	62	35	47	51	38	50	39	49	41	58	28	61	24	25	
60	17	34	23	33	4	51	70	56	36	42	39	38	56	25	52	16	21	15	59	70	62	45	35	27	5	32	64	4	52	28	63	9	58	12	41	1	61	48	54	23	29	36	1	14	65	62	26	17	16	24	13	10	8	55	44	9	18	32	28	66	57	19	69	42	20	49	46	20	37	
34	52	62	66	50	18	56	43	49	10	65	70	17	68	5	11	36	24	22	8	44	13	63	64	21	44	25	8	14	41	42	55	32	42	47	10	53	42	59	29	48	51	38	6	58	40	26	34	3	45	39	57	67	28	48	15	69	12	35	20	49	13	3	9	60	58	31	32	39	27	
58	27	17	23	41	1	2	63	32	15	35	10	11	29	36	68	54	44	6	26	62	64	36	4	69	15	1	38	44	39	70	41	66	13	3	42	25	14	32	53	38	65	60	46	33	37	44	27	19	55	49	8	45	12	21	53	24	19	16	7	67	28	57	67	40	69	45	56	23	66	
47	62	70	48	43	30	21	23	66	37	5	42	54	47	52	2	40	15	31	53	32	24	17	28	31	49	38	67	43	57	57	18	54	68	4	44	36	33	58	34	59	1	69	39	57	63	38	25	14	8	16	55	41	30	10	1	6	56	61	60	40	64	4	35	51	7	68	26	24	65	
52	20	62	59	56	46	46	33	10	69	38	23	51	6	51	3	15	66	55	15	53	33	69	65	66	59	11	59	16	43	62	3	63	51	60	43	37	45	15	44	53	50	6	31	67	54	42	20	61	21	32	39	54	29	44	48	27	50	49	48	26	31	64	25	28	48	65	68	32	18	
39	12	63	42	54	67	36	19	14	23	38	55	2	29	13	54	11	47	34	62	22	61	33	10	8	52	55	17	59	14	20	26	35	21	6	16	28	53	43	39	15	24	37	12	46	44	5	66	28	41	57	47	40	16	56	40	8	49	58	65	3	4	27	38	23	48	60	70	21	32	
26	31	46	57	52	32	38	55	24	63	28	19	50	61	44	44	28	49	20	27	50	33	29	6	67	58	56	63	45	7	31	68	44	4	65	24	48	42	18	8	45	43	24	25	31	66	5	69	59	34	19	30	64	70	47	2	39	39	60	11	40	16	22	23	35	11	51	12	1	62	
16	34	42	49	66	70	42	67	7	38	29	35	4	20	17	56	27	53	23	12	62	5	37	22	22	63	40	5	15	29	8	27	64	43	4	58	52	55	48	57	28	18	19	32	45	44	13	69	25	43	30	26	42	54	46	61	56	10	63	14	36	64	37	36	39	47	17	33	40	6	
20	65	29	36	21	1	22	42	15	41	14	26	6	63	19	58	51	14	7	54	28	53	47	62	17	19	39	43	41	3	48	64	8	69	34	27	9	50	8	15	31	28	52	34	23	10	33	68	19	44	48	49	16	36	38	30	55	2	11	29	18	56	15	32	60	58	57	9	59	61	
21	6	13	12	49	42	23	8	35	33	42	24	8	69	53	55	36	41	65	45	67	11	36	26	33	25	19	14	29	64	10	65	67	32	70	56	3	23	61	47	53	46	65	2	37	57	54	12	30	48	59	31	62	17	50	21	51	67	52	18	70	58	31	7	16	12	66	27	45	63	
63	25	30	55	35	6	39	28	16	3	18	9	31	1	27	10	33	13	17	3	29	12	52	42	19	2	64	15	20	36	4	22	70	44	4	34	57	54	70	69	52	14	23	11	20	38	29	48	59	53	48	15	4	40	54	21	51	60	42	24	28	42	32	29	26	43	59	7	36	68	
16	14	5	32	34	22	7	2	68	64	52	57	5	66	34	69	11	16	64	63	31	23	39	70	50	53	41	48	69	10	44	13	26	46	40	70	8	44	11	3	47	3	67	61	1	28	58	19	49	50	5	9	18	46	20	59	38	55	37	34	68	6	43	36	60	21	42	65	4	50	
7	48	50	13	37	43	39	34	57	27	20	1	44	28	45	59	17	9	56	44	41	63	57	24	22	56	46	59	49	47	36	64	30	26	9	64	8	60	36	4	25	58	2	61	10	55	59	35	62	39	14	41	26	11	3	65	64	42	41	52	22	19	51	54	53	57	67	57	61	40	
58	68	8	69	54	27	52	52	54	53	19	2	33	54	4	34	37	11	16	17	56	46	43	39	33	22	23	25	18	70	49	5	1	55	12	59	21	3	36	1	56	62	6	26	43	23	60	19	24	9	33	20	51	3	57	23	35	7	48	49	14	22	63	16	18	13	69	32	2	44	
42	65	36	45	18	15	3	13	31	43	19	61	51	12	3	33	30	34	48	14	11	59	41	12	4	59	21	11	17	23	52	56	15	24	44	42	39	40	53	66	14	16	65	65	29	66	25	70	39	2	10	59	68	52	69	9	37	19	30	63	45	20	58	63	41	26	46	19	6	36	
25	18	44	15	6	12	18	38	8	55	46	15	53	52	64	49	58	41	67	14	33	48	32	17	47	12	54	30	26	53	65	44	11	34	67	23	56	12	60	61	7	43	4	57	22	9	45	7	63	38	31	29	22	61	41	8	69	36	35	35	23	27	24	28	69	12	62	52	37	66	
40	37	28	52	33	50	68	6	64	63	53	36	17	14	21	55	20	31	26	57	4	46	18	19	23	13	29	1	63	60	56	42	36	12	41	67	69	30	12	2	22	66	34	47	5	64	51	24	32	7	11	33	37	25	54	48	48	8	46	55	9	42	35	39	51	62	45	59	18	58	
58	47	44	34	22	57	23	59	16	45	60	40	7	24	59	64	11	46	67	68	23	70	35	41	48	26	29	21	23	57	3	9	44	55	43	2	39	69	1	65	38	55	29	50	18	27	40	28	1	49	20	21	55	64	4	33	17	39	48	37	35	60	55	6	42	32	19	25	31	11	
13	5	7	51	64	24	8	43	45	11	30	4	34	10	66	31	38	21	9	25	69	43	12	50	55	64	22	68	25	59	19	46	61	27	24	1	40	38	49	26	52	6	28	14	10	21	53	57	36	59	15	47	39	32	21	35	42	51	41	56	37	62	29	38	20	61	30	67	27	10	
7	7	16	43	26	24	57	5	8	32	3	27	8	53	68	36	13	29	24	51	24	58	36	63	35	63	52	62	46	12	5	67	6	19	33	41	54	28	43	70	69	56	36	15	38	31	41	49	69	66	23	32	59	68	22	21	61	4	22	44	69	39	46	16	64	17	55	43	45	41	
53	51	18	15	60	62	55	40	33	51	31	68	11	27	7	41	61	1	36	9	43	44	51	16	57	45	31	46	28	12	21	4	60	35	16	5	34	68	29	7	64	52	12	9	19	12	47	2	11	10	17	63	51	65	6	49	35	48	20	70	69	34	3	67	8	15	54	39	22	6	
55	8	1	68	14	13	3	3	21	24	7	41	18	67	31	29	39	4	19	66	2	9	44	9	4	46	27	66	22	45	70	6	7	64	10	14	16	15	16	36	28	30	1	51	23	33	7	59	29	20	65	28	47	32	37	50	4	58	50	38	42	40	48	34	44	53	52	57	70	5	
32	37	37	30	16	60	69	19	47	24	48	39	62	13	10	25	70	26	28	43	54	65	20	42	29	3	24	7	57	31	11	28	68	49	56	8	35	62	40	17	34	22	1	18	42	3	50	39	21	66	9	22	58	38	59	10	36	23	22	33	43	41	61	45	12	52	52	53	42	46	
61	53	47	1	5	19	64	49	55	26	43	69	37	23	32	30	42	65	42	2	24	14	34	11	59	50	58	36	40	27	66	38	19	36	30	21	61	34	9	54	60	67	50	33	11	12	58	62	15	27	56	41	48	29	63	32	10	51	7	41	8	65	5	34	46	44	68	29	16	70	
9	69	59	68	28	9	25	25	67	29	64	61	9	37	18	55	8	22	45	12	3	48	5	4	24	53	47	12	20	62	22	38	57	8	36	23	27	48	46	19	16	47	10	17	11	26	14	29	55	53	38	53	41	56	66	60	44	51	15	1	39	42	26	40	47	65	54	13	43	48	
31	56	15	46	13	35	8	36	60	61	25	43	39	5	16	45	3	69	29	11	57	66	53	12	31	37	6	13	47	46	64	14	49	17	58	7	50	62	35	52	60	59	8	38	59	41	9	63	34	30	10	32	27	2	40	55	45	44	7	19	23	10	42	4	23	37	1	3	28	26	
48	30	22	61	60	8	35	66	7	65	35	14	28	59	29	59	56	64	36	1	21	4	5	59	70	33	23	2	37	58	26	4	13	57	62	67	5	24	3	9	32	35	39	50	36	51	52	13	57	23	27	3	21	36	60	14	11	16	24	26	10	49	41	15	47	49	34	54	62	43	
53	32	54	24	17	14	15	2	36	67	33	56	67	38	31	57	62	25	8	15	60	21	3	27	34	45	65	64	35	66	13	30	31	70	46	61	17	59	54	55	52	19	48	58	64	4	52	1	38	62	7	40	13	22	62	45	3	68	35	39	47	63	54	20	49	39	69	63	27	62	
54	15	6	39	2	68	52	50	61	17	41	5	52	55	34	42	43	33	34	10	63	8	62	57	34	51	28	31	53	56	20	45	67	25	11	12	29	64	65	30	20	45	44	66	36	1	59	4	37	8	18	33	32	6	23	67	3	52	14	43	38	43	16	35	7	35	51	40	46	47	
55	36	19	35	42	60	33	14	65	62	21	7	22	42	20	48	26	10	25	49	62	67	20	18	28	22	53	13	51	10	54	45	55	8	14	23	68	38	35	59	39	64	63	5	32	10	61	67	31	29	46	23	7	63	44	40	10	24	50	58	30	43	45	10	60	50	2	52	25	4	
50	4	65	53	8	36	5	57	31	30	3	3	56	21	60	27	63	67	56	46	65	15	16	47	39	9	22	19	65	68	14	54	58	18	34	13	50	37	64	20	2	7	24	55	26	22	22	11	25	12	51	17	25	7	61	64	31	27	10	11	29	25	66	14	48	24	32	28	69	13	
58	9	20	4	10	38	20	22	69	46	32	45	68	59	50	4	50	70	35	50	6	43	14	8	66	65	43	23	30	34	25	15	40	39	18	52	17	45	2	68	26	34	52	24	20	47	29	12	41	54	1	47	28	16	51	27	70	31	42	48	61	66	51	55	56	3	19	62	58	36	
67	3	61	44	33	20	27	59	39	53	40	36	42	15	56	17	34	65	46	13	32	35	63	14	1	44	18	29	39	63	55	28	16	48	9	33	3	31	19	41	20	2	25	59	61	67	21	29	60	58	28	36	27	37	26	24	5	38	62	43	38	51	6	38	30	23	4	27	50	15	
6	10	11	17	62	8	13	4	35	70	67	60	27	21	35	50	54	32	27	44	12	6	19	6	36	54	26	39	21	14	47	31	20	67	48	22	7	69	33	46	8	27	41	31	57	59	9	43	26	45	29	38	46	35	45	16	26	65	34	42	20	19	9	37	25	49	58	55	51	28	
68	50	51	41	8	37	39	26	23	7	11	33	28	56	65	12	60	27	2	26	1	30	55	13	63	7	48	56	42	31	16	49	21	1	29	37	51	65	3	62	66	17	17	35	63	24	70	43	38	52	8	45	9	4	43	10	14	28	67	56	57	15	31	30	11	59	50	61	61	53	
50	63	58	64	27	53	28	65	37	58	57	48	32	2	47	12	10	62	40	15	45	39	24	3	46	44	69	35	38	65	12	27	50	11	19	17	66	43	68	35	36	62	26	70	62	66	6	5	55	51	10	48	12	49	52	4	34	64	41	3	33	62	30	11	9	60	13	3	29	20	
35	46	10	56	50	11	60	51	6	57	42	25	21	63	8	5	57	45	58	37	47	18	26	15	38	23	63	60	33	14	24	69	69	38	59	46	44	47	41	50	49	9	12	62	65	29	69	61	70	54	34	64	13	60	67	58	12	49	53	38	63	68	52	1	26	55	41	2	27	22	
56	70	19	6	67	25	37	60	24	28	54	59	7	16	46	63	64	64	41	47	41	40	43	29	42	9	62	15	19	17	29	10	14	57	13	70	22	63	69	43	10	4	45	26	69	13	30	58	18	5	39	58	43	21	5	7	20	66	31	32	8	55	36	14	50	68	24	1	44	19	
37	64	23	16	25	28	27	52	4	40	59	52	36	25	1	38	44	14	28	65	58	33	57	30	56	24	33	20	48	62	34	2	61	54	15	18	67	45	63	10	35	44	5	56	70	13	22	51	11	60	40	3	31	26	39	29	51	50	41	12	53	7	17	42	62	32	6	67	19	55	
