26	68	49	10	55	37	67	48	6	22	9	6	3	32	32	29	18	37	56	52	33	46	30	27	14	69	1	17	24	42	36	3	50	19	33	51	54	39	35	69	58	41	15	70	13	44	26	40	20	21	19	53	7	46	16	18	57	27	45	18	66	19	31	53	38	61	28	29	43	60	
37	25	40	49	22	50	20	58	17	37	6	33	26	10	18	52	37	12	6	8	39	11	25	66	61	70	66	28	26	34	15	2	67	52	51	16	42	8	1	56	55	17	29	20	24	56	13	59	7	14	64	43	34	30	53	35	27	44	60	48	19	21	62	9	5	36	22	45	53	32	
39	47	58	7	65	10	3	3	8	9	27	11	60	70	37	36	32	1	5	30	47	29	41	46	34	43	21	65	26	1	38	62	46	22	9	50	41	12	50	48	25	16	67	13	14	45	57	55	41	2	12	28	31	62	4	59	32	18	52	67	33	16	69	2	49	5	61	17	23	51	
1	45	64	65	67	17	47	51	69	16	50	20	52	5	10	50	62	51	7	41	46	33	66	42	44	40	44	32	68	70	10	3	48	13	2	42	27	43	21	35	56	68	4	47	6	1	24	60	53	29	49	23	1	54	4	55	12	45	14	18	48	22	8	25	43	9	63	9	57	11	
53	38	6	45	13	16	43	46	3	32	14	52	64	13	24	65	65	47	49	6	60	24	37	7	57	7	8	59	26	61	67	6	25	12	48	54	38	31	21	50	60	44	30	55	54	63	56	58	48	33	62	47	66	39	51	62	68	69	48	9	70	54	11	19	10	68	15	41	26	24	
18	26	7	45	17	59	48	70	44	23	42	45	10	36	10	58	25	62	65	13	66	47	64	16	64	67	24	67	35	47	30	63	12	34	35	27	32	22	28	16	57	63	60	62	38	8	59	3	68	52	13	2	26	4	28	29	11	49	37	55	35	5	45	46	48	20	68	9	39	31	
32	21	22	18	22	69	35	9	69	29	70	21	40	23	36	65	63	43	53	36	25	28	38	10	1	25	27	7	41	5	36	4	36	67	30	55	5	60	3	2	31	6	32	65	33	64	8	34	34	50	68	11	12	44	13	14	66	42	31	37	45	15	39	7	16	58	17	2	59	2	
13	12	12	43	4	42	46	13	5	8	3	9	16	5	51	31	29	44	12	57	6	53	60	48	70	1	45	69	10	29	11	33	38	19	7	52	2	46	62	70	63	62	14	18	7	67	46	47	39	55	29	54	48	28	29	58	24	2	65	43	30	2	15	17	31	19	55	32	20	56	
38	61	46	54	19	62	48	4	34	13	69	2	6	44	27	33	40	60	45	32	30	69	31	43	14	59	55	8	27	53	62	64	54	35	43	70	36	37	1	67	52	9	66	56	63	32	16	29	19	57	58	58	65	29	28	7	27	23	12	51	3	1	52	68	47	39	5	20	61	10	
14	41	10	19	24	70	49	49	38	6	45	24	4	37	62	29	53	16	49	63	65	64	3	56	55	58	18	46	5	7	47	29	57	54	50	7	66	33	67	29	36	37	68	37	2	51	6	69	1	64	59	8	9	11	52	48	13	67	21	8	12	65	60	66	61	19	20	61	15	5	
29	24	51	30	1	50	8	16	42	11	7	35	19	12	41	68	57	44	4	5	50	25	9	35	18	6	51	40	6	39	54	32	3	32	10	2	10	13	14	61	27	31	35	43	39	17	52	35	58	63	37	46	15	55	9	44	1	70	10	20	48	62	47	49	20	45	46	53	60	69	
39	27	38	2	66	18	15	55	49	11	46	26	55	69	20	3	39	19	69	58	32	44	46	17	31	6	70	16	54	57	24	21	10	60	32	22	23	56	67	62	64	51	28	59	48	45	1	14	2	9	12	31	63	67	45	21	4	61	34	64	40	56	13	59	65	53	25	68	36	20	
69	39	68	24	37	43	66	34	67	65	52	6	36	42	70	20	60	10	2	33	1	51	28	22	49	11	2	61	5	35	6	5	13	2	38	47	54	29	23	48	32	70	63	65	53	62	13	41	3	12	11	4	2	40	27	50	44	26	35	58	70	54	69	14	61	31	67	46	56	15	
30	28	24	21	20	3	21	42	50	16	64	58	21	63	34	45	39	5	10	13	2	7	60	69	14	49	29	8	31	23	32	58	51	66	18	7	8	36	47	68	61	38	53	22	40	26	6	6	33	12	16	39	17	16	35	40	62	2	46	25	27	19	37	11	41	33	13	27	9	69	
21	67	46	13	15	14	36	18	17	3	39	43	53	53	56	14	20	57	13	4	4	45	32	30	50	49	2	5	15	8	69	46	2	44	56	26	54	34	53	10	44	22	62	23	70	45	47	31	29	1	42	42	41	6	12	33	46	11	30	7	16	27	44	28	67	40	51	60	68	48	
67	52	60	69	14	69	41	58	25	10	55	7	61	35	4	12	62	59	21	20	57	46	44	28	1	50	65	61	37	2	31	43	63	31	39	5	29	20	6	62	40	66	66	27	28	9	49	30	65	68	47	62	52	32	17	50	8	22	51	53	33	23	36	35	64	2	54	27	33	49	
16	67	54	21	33	22	27	10	49	34	3	36	21	53	62	47	42	8	8	35	70	38	62	32	2	50	31	48	4	59	35	30	65	28	60	26	49	40	37	23	68	45	69	16	39	68	61	18	5	65	50	70	43	48	41	52	37	1	38	56	6	70	9	63	25	7	26	12	31	57	
44	29	40	39	51	4	34	51	19	47	56	6	57	37	63	25	16	28	35	51	7	31	60	23	31	24	27	55	33	68	50	5	36	17	53	30	30	26	2	58	70	54	61	66	18	65	18	43	19	59	21	37	20	22	54	49	42	20	48	14	27	32	28	60	58	8	9	15	45	27	
70	41	13	1	46	41	62	63	11	20	51	42	51	2	59	44	57	40	61	39	52	28	68	7	25	53	26	43	7	66	60	6	46	14	2	21	50	3	21	64	20	69	40	10	7	38	54	61	8	52	27	55	7	34	5	29	28	35	11	30	29	4	32	14	9	43	31	67	56	65	
65	15	57	32	23	62	68	1	62	12	62	29	7	66	60	5	34	14	49	54	53	6	49	24	16	66	67	56	60	63	44	64	2	40	25	22	41	29	33	31	39	22	58	54	28	56	59	4	69	45	53	48	47	41	70	3	46	3	8	45	9	50	36	10	17	64	33	61	27	5	
26	62	25	10	54	63	63	38	2	70	22	64	57	67	33	65	7	6	8	1	49	7	61	12	18	4	8	65	69	30	63	34	30	27	41	11	16	44	58	28	53	10	19	50	15	52	53	32	65	60	26	53	5	29	4	36	27	21	20	35	60	13	68	29	37	47	39	49	31	40	
4	22	52	33	68	3	21	61	29	13	47	64	5	60	17	18	20	53	37	37	15	24	45	21	51	8	9	28	66	47	2	10	69	63	38	6	64	56	65	32	8	48	23	10	35	37	38	64	30	2	31	42	35	13	3	25	19	19	62	23	67	62	34	70	64	1	1	55	60	7	
14	66	48	47	15	23	23	50	26	51	61	53	31	24	62	42	46	20	59	36	40	50	39	9	47	28	13	57	23	1	57	49	5	44	21	18	6	54	7	29	30	66	22	58	29	10	27	2	38	25	47	19	3	11	32	58	52	34	43	69	44	41	54	55	11	4	8	14	64	19	
52	21	12	69	18	38	17	54	50	66	7	24	10	19	45	31	4	21	4	44	29	48	10	10	30	30	22	29	53	13	46	32	42	68	40	69	45	67	51	22	59	70	55	66	16	27	36	13	57	49	1	25	20	20	45	60	55	5	27	39	15	12	7	66	8	57	64	49	58	41	
10	49	35	62	42	56	29	17	68	25	63	2	65	22	27	32	20	11	34	45	43	58	54	59	64	2	44	60	58	21	34	66	67	8	67	48	61	35	4	69	69	7	67	57	38	23	15	70	40	59	39	10	1	33	6	47	30	49	28	28	13	3	38	16	6	26	4	18	70	5	
1	69	21	7	50	56	38	5	50	7	3	17	25	56	61	19	31	16	66	68	41	14	67	1	28	12	36	29	16	46	33	15	40	61	32	29	57	70	43	34	11	43	64	35	42	46	62	9	1	65	4	52	7	10	62	37	20	27	58	44	68	30	45	47	18	22	23	2	13	59	
43	17	39	31	59	5	15	47	12	26	40	24	8	44	32	64	3	49	28	70	9	24	25	64	10	39	7	23	49	27	19	19	52	69	59	38	69	1	13	19	24	50	52	41	21	11	29	33	60	55	30	6	18	52	14	37	34	13	61	7	51	16	35	26	15	21	62	18	37	2	
46	65	61	25	31	9	50	69	51	42	51	8	45	68	69	63	31	27	3	28	43	60	53	6	13	5	36	2	29	65	14	7	70	1	36	32	19	9	24	4	49	15	16	33	20	11	26	60	47	37	15	18	23	12	34	54	6	66	55	38	59	68	43	21	8	10	23	30	25	58	
31	13	10	55	56	28	63	19	15	49	65	40	6	27	44	36	70	60	30	54	20	28	50	2	23	55	25	55	21	52	50	59	63	58	41	60	13	45	4	26	32	67	4	36	19	46	69	35	33	32	10	61	63	68	60	16	64	5	7	8	67	57	7	62	39	66	1	51	41	55	
14	70	59	15	31	19	70	27	43	30	62	62	32	52	58	21	5	48	33	9	67	34	60	3	23	38	66	4	15	36	68	38	28	66	63	57	11	61	25	64	29	25	65	57	17	50	15	20	37	45	35	29	13	34	39	31	70	41	44	24	1	40	64	38	42	60	34	54	47	55	
56	4	7	48	70	20	39	12	47	2	54	10	28	4	42	4	44	50	42	15	1	52	63	57	19	35	57	49	17	31	31	11	45	51	55	42	7	20	53	65	21	46	13	60	58	63	3	30	41	61	54	40	30	59	35	62	9	19	22	31	64	62	66	43	49	32	14	65	67	3	
67	8	62	7	5	42	69	12	13	46	60	63	24	18	47	57	2	63	15	33	21	14	35	68	55	23	39	64	15	28	6	9	46	61	25	59	42	32	68	51	5	1	52	26	13	29	22	25	16	47	67	46	58	29	54	40	49	20	32	3	57	48	9	30	50	44	16	19	2	12	
5	16	7	67	40	29	20	2	62	48	45	56	31	31	12	12	68	70	41	42	3	26	14	19	53	70	60	66	13	1	17	27	15	33	22	64	1	51	63	3	28	47	56	52	7	8	4	12	18	43	61	20	69	21	43	45	11	30	49	23	32	6	57	40	54	18	34	59	8	35	
59	29	8	54	21	21	1	22	30	16	66	18	41	50	41	10	33	49	51	22	11	4	25	64	54	13	9	24	68	14	66	67	40	70	60	58	18	62	5	60	13	12	17	62	65	55	69	26	42	57	43	49	1	7	56	52	29	58	15	24	20	9	29	48	18	16	44	46	2	59	
43	30	63	68	14	51	48	23	13	31	7	65	6	6	69	55	66	25	52	21	58	60	26	14	47	54	28	18	27	40	16	9	4	3	5	25	67	61	45	3	19	61	8	24	63	7	17	68	43	10	15	23	64	51	48	53	50	29	6	11	62	20	22	1	32	16	33	34	16	70	
47	31	56	52	61	58	53	15	54	33	18	7	51	20	67	37	66	38	48	70	45	49	29	70	50	3	14	61	32	27	1	8	68	51	57	62	55	50	69	30	5	26	44	66	46	39	30	42	16	19	46	7	6	16	68	63	12	24	41	41	60	48	59	53	27	43	48	4	12	64	
38	32	10	22	20	52	70	59	27	13	16	1	23	20	25	19	12	33	37	64	13	34	40	66	15	4	43	3	2	65	55	50	19	4	11	48	53	8	46	7	30	5	17	51	31	38	67	44	14	43	34	21	5	66	29	28	69	67	39	10	59	35	67	18	35	6	68	27	17	48	
45	38	47	57	28	5	37	34	46	54	4	12	3	21	5	39	56	11	36	34	16	32	65	11	48	29	13	50	52	33	23	22	10	2	18	35	11	63	66	62	43	9	1	55	41	15	33	38	23	64	63	51	24	56	58	66	25	9	53	14	55	7	49	59	13	60	40	26	61	42	
19	42	44	17	36	21	41	66	49	4	57	51	50	18	35	46	23	54	64	3	65	43	3	37	40	21	38	70	35	41	34	51	6	17	8	39	47	57	48	45	60	49	18	53	56	44	9	22	52	5	20	42	55	31	7	24	50	58	28	26	15	61	14	30	28	30	8	10	15	62	
33	70	17	43	45	12	28	62	31	62	59	55	31	38	26	47	67	15	39	22	48	63	21	60	20	47	29	37	46	53	18	13	53	41	59	36	61	14	24	27	2	23	10	42	70	49	17	64	57	54	14	44	55	50	43	3	32	70	40	61	52	60	65	51	39	56	3	27	4	36	
52	2	56	3	53	53	55	67	45	52	59	68	22	42	39	66	54	55	60	30	56	49	33	59	17	66	49	28	34	50	61	24	60	46	35	41	25	16	36	9	64	37	16	28	19	69	18	66	48	15	38	47	62	62	30	5	58	4	30	29	50	26	49	40	6	10	7	27	42	63	
42	33	23	55	48	35	47	3	40	32	15	3	70	4	62	38	16	58	38	56	12	27	14	5	62	14	10	9	47	39	7	16	8	17	13	62	63	67	64	29	41	3	43	48	22	31	12	45	27	51	23	50	1	46	46	6	57	65	11	49	53	2	1	43	29	17	44	21	12	34	
55	48	45	26	23	1	64	44	37	18	19	69	64	28	43	38	30	39	40	45	10	8	56	4	48	15	20	31	24	47	61	23	28	49	40	61	42	35	31	21	62	52	27	54	2	12	32	46	50	64	11	63	70	65	9	57	2	23	16	35	5	16	51	29	59	30	22	40	66	45	
68	43	31	34	32	42	40	56	8	24	59	19	14	68	21	30	64	30	50	6	62	63	36	52	22	29	11	33	9	10	8	4	47	48	37	20	15	17	16	20	35	70	46	58	12	63	23	68	44	3	14	38	63	42	14	13	69	39	52	27	36	67	18	22	45	63	49	57	25	61	
12	47	70	67	34	6	70	57	1	30	58	11	62	46	62	14	65	2	44	45	17	19	39	41	50	20	42	26	10	54	14	25	28	11	14	3	12	23	52	22	50	53	41	38	27	32	62	28	28	35	69	40	49	45	21	38	5	60	63	13	43	2	29	15	22	51	17	47	12	66	
62	59	40	35	37	2	4	26	22	27	68	28	5	57	13	35	21	13	23	10	21	3	24	57	8	40	47	23	11	56	29	14	43	8	54	19	17	51	42	36	16	37	5	31	20	18	63	39	34	24	60	58	23	9	37	30	42	12	61	64	6	33	2	50	40	64	6	47	55	43	
22	10	19	36	38	48	56	40	25	17	61	13	67	11	22	43	49	61	63	37	64	66	63	8	41	39	66	53	22	51	24	54	54	52	15	31	40	68	68	70	24	57	10	20	9	30	58	53	32	62	18	20	59	20	42	33	65	39	23	28	14	46	6	7	26	33	47	69	44	1	
64	58	50	14	16	54	41	6	35	10	67	62	40	55	22	1	12	24	37	23	47	59	69	50	5	31	19	63	36	53	45	24	39	21	35	53	18	15	68	59	37	60	48	2	39	13	12	49	29	46	67	3	44	8	62	61	33	10	48	65	58	34	24	38	49	70	26	7	23	17	
59	55	14	46	66	53	51	5	39	21	60	44	33	31	48	22	35	13	42	4	18	37	32	34	12	21	41	35	23	62	63	20	55	5	64	48	65	54	50	25	1	37	9	30	8	49	66	34	2	40	52	10	4	19	57	13	54	21	59	9	24	44	26	3	43	17	56	43	69	37	
7	8	1	13	35	17	59	36	60	69	17	47	6	16	63	56	38	51	16	40	57	39	6	11	37	61	37	21	28	32	55	41	44	65	42	12	10	46	56	11	36	68	53	62	23	57	47	5	33	66	32	30	34	35	49	8	43	14	26	63	58	24	28	20	13	13	45	22	48	50	
40	23	30	20	25	64	2	58	61	44	58	21	1	26	65	36	37	22	62	60	19	41	8	45	69	31	63	36	48	49	70	26	7	37	43	22	28	42	27	15	13	11	47	24	34	46	5	68	66	56	3	23	29	14	6	32	43	67	66	31	42	10	54	51	46	24	70	6	5	33	
28	28	32	68	49	5	54	45	1	58	29	8	9	50	23	11	10	61	16	3	22	55	15	70	46	51	22	62	50	24	11	17	61	53	13	37	55	5	10	66	60	56	70	7	36	19	15	48	17	41	55	33	35	67	31	7	59	62	64	45	25	68	60	26	47	12	60	41	14	67	
33	14	54	42	18	24	69	43	70	13	10	66	56	45	1	14	47	55	15	46	26	37	48	25	60	27	34	48	65	58	57	38	69	36	9	15	62	15	54	59	33	4	62	11	43	61	35	29	49	44	2	7	21	51	40	20	6	3	67	12	70	63	50	69	52	61	19	37	4	13	
34	40	15	23	57	55	9	16	14	50	69	22	63	28	2	35	45	3	46	49	22	42	47	6	52	7	64	67	38	7	20	67	56	25	15	43	19	41	52	39	20	62	59	10	29	55	51	1	67	24	59	16	2	36	19	45	53	23	54	14	61	70	20	27	23	48	58	39	5	50	
5	34	49	4	41	4	57	20	2	61	53	70	4	51	30	33	36	6	67	21	31	31	19	47	50	42	17	48	18	37	25	35	62	1	33	31	21	24	60	14	12	50	11	29	43	54	67	6	55	59	40	9	32	49	64	22	27	28	6	59	49	44	23	50	48	50	8	63	16	8	
3	33	55	23	58	34	70	64	36	62	59	14	11	16	53	2	44	23	19	47	4	9	14	21	56	61	12	6	51	20	18	65	63	15	26	63	44	35	49	5	25	32	9	37	57	2	43	40	22	7	14	29	5	38	58	68	39	8	10	33	28	25	18	24	34	41	70	5	18	55	
20	44	16	38	9	11	52	49	48	7	1	2	34	61	36	23	69	1	24	5	27	58	42	54	12	10	34	22	15	47	3	44	14	27	12	31	35	2	7	13	4	64	21	45	64	56	7	62	65	23	5	31	25	41	26	29	51	55	48	66	30	53	40	57	19	54	29	36	63	39	
54	62	29	2	39	32	54	33	32	59	2	34	17	12	14	38	41	63	32	26	66	1	1	40	58	16	23	10	56	11	48	37	18	20	49	44	43	42	15	2	38	20	45	42	30	56	19	7	58	53	42	57	59	47	19	51	63	50	66	46	4	28	23	22	39	69	61	13	38	21	
20	6	32	5	57	7	10	4	18	55	62	57	45	62	38	4	36	29	54	19	14	61	46	32	9	10	40	7	30	18	35	45	21	61	58	5	3	59	20	16	49	24	70	25	11	47	22	50	70	13	8	9	68	39	60	15	48	30	27	14	63	48	2	17	51	65	32	59	49	22	
2	18	9	11	43	22	58	65	1	63	12	66	13	7	44	6	48	30	29	59	42	25	51	38	40	21	19	1	19	67	55	26	16	10	38	56	31	31	55	41	22	3	34	30	25	6	28	41	35	66	32	14	27	70	49	69	31	15	6	60	12	8	5	33	10	52	9	39	11	68	
19	46	57	63	10	68	7	48	52	50	5	3	61	1	15	50	6	52	55	9	44	12	7	53	29	17	48	46	61	64	49	7	33	33	69	52	40	18	27	19	60	8	28	67	26	58	30	21	29	20	38	13	23	56	2	65	70	43	35	4	34	10	16	62	57	23	59	24	32	9	
48	16	18	12	4	39	58	28	55	35	56	37	42	18	16	38	8	26	6	38	12	36	57	33	36	41	61	19	64	17	33	51	42	56	59	45	21	58	10	15	20	64	49	60	32	69	40	24	15	47	70	36	14	53	66	59	21	66	25	19	11	60	67	65	40	62	33	1	43	52	
15	3	55	70	2	4	65	36	28	5	20	35	54	39	15	48	38	41	37	50	59	56	34	49	45	13	51	17	12	20	9	31	32	61	14	31	68	16	8	33	18	19	6	69	68	16	47	36	51	23	22	35	19	1	23	4	6	7	30	17	28	37	30	58	24	53	27	26	10	38	
50	23	53	48	27	44	60	14	14	36	46	38	10	64	28	49	9	29	57	32	51	6	70	9	3	30	1	34	51	12	55	40	39	42	16	65	24	4	17	35	46	60	2	54	62	20	37	64	56	13	41	35	33	27	55	39	61	51	68	43	69	48	10	22	21	25	35	52	33	54	
11	7	41	6	69	39	31	32	53	15	8	4	59	10	40	39	43	34	17	29	2	13	16	18	43	44	46	12	20	3	56	28	9	32	45	13	70	10	54	38	34	36	40	21	43	14	56	19	51	22	57	60	37	2	54	23	51	25	20	42	33	39	48	35	31	27	57	49	50	47	
5	63	2	54	11	45	70	7	58	46	21	42	20	59	51	13	59	42	33	12	54	63	17	18	38	58	50	33	25	9	69	36	68	16	7	23	50	6	22	47	65	55	31	8	37	24	33	28	61	60	44	44	51	58	1	26	56	52	57	65	68	65	30	51	3	47	66	61	62	24	
49	48	66	8	52	35	22	9	63	19	66	46	58	55	29	59	24	11	47	16	15	30	8	44	6	25	29	68	8	18	37	53	64	26	70	67	69	13	61	56	42	53	39	37	50	65	34	65	15	11	8	41	36	15	22	38	30	48	41	54	2	12	27	4	35	21	55	31	42	43	
27	9	35	64	56	13	5	21	2	14	23	8	66	47	30	7	20	65	51	61	55	54	1	67	54	32	30	38	70	66	10	22	17	50	11	68	57	11	11	3	22	39	16	6	14	43	22	51	45	4	29	10	2	37	18	43	15	40	19	2	46	23	41	57	12	42	63	8	22	16	
5	19	65	18	44	3	61	51	56	37	49	15	45	54	64	60	22	66	38	25	60	16	45	35	7	54	3	67	62	69	20	68	24	9	20	53	26	21	32	6	51	27	12	34	67	70	31	14	4	57	48	1	65	43	27	2	26	45	5	36	34	42	15	8	40	46	50	58	45	23	
60	36	67	16	3	46	18	24	65	11	13	53	12	17	12	34	25	35	66	27	61	40	2	70	39	45	40	25	42	25	41	44	58	12	56	66	63	69	67	1	18	20	48	32	33	4	64	57	54	70	22	59	48	23	38	19	7	31	36	47	49	14	21	37	53	68	5	28	6	11	
