6	39	56	65	25	35	61	46	59	15	6	16	43	40	2	16	31	5	29	59	63	20	5	66	55	19	4	62	60	22	6	26	48	68	66	27	30	54	11	29	8	14	42	61	64	53	4	33	56	44	20	47	1	22	51	53	38	52	42	41	13	58	60	67	53	69	23	23	70	31	
49	7	55	30	7	57	11	8	18	64	60	35	49	58	54	28	39	31	19	9	8	32	5	8	29	56	1	48	6	69	10	64	15	1	21	19	59	29	37	70	32	24	32	22	9	25	46	61	66	4	12	1	43	13	14	68	2	16	44	5	17	60	67	26	62	27	54	40	65	20	
38	25	51	9	55	69	32	28	54	25	41	68	23	12	2	39	7	2	52	60	16	62	47	22	27	32	46	20	12	40	35	59	3	26	65	66	21	36	33	14	58	4	10	24	11	21	57	27	34	36	15	45	38	61	6	4	31	49	21	42	29	67	26	43	17	30	37	47	64	62	
59	61	3	7	21	11	25	17	48	66	51	60	39	28	58	54	29	28	43	47	65	67	39	30	44	68	70	15	40	61	18	37	61	19	42	10	38	6	24	25	12	14	26	60	52	9	41	8	35	13	63	39	20	41	16	62	33	6	14	12	22	39	46	6	69	27	27	45	49	50	
65	52	70	16	39	49	34	7	53	8	28	56	45	42	24	63	40	67	8	51	6	23	29	61	26	22	16	50	62	68	23	66	47	20	9	25	8	55	41	1	58	69	54	43	36	17	32	15	11	37	63	27	2	21	15	30	51	44	3	46	35	31	48	33	60	4	55	5	45	38	
64	30	29	57	70	4	1	41	16	22	6	19	57	14	48	11	34	26	49	42	6	24	70	62	52	70	54	46	63	26	9	66	53	47	50	62	60	60	31	15	21	46	32	6	58	18	14	35	54	2	3	69	33	10	59	25	7	39	68	67	4	17	2	55	60	61	56	47	51	14	
2	9	69	30	24	66	58	47	24	39	46	21	48	19	28	33	41	32	11	48	38	13	62	49	7	50	37	60	36	25	14	35	31	22	4	52	15	1	26	36	51	12	55	27	40	22	54	8	64	4	53	29	14	56	6	34	31	57	18	6	5	41	59	44	61	51	42	3	63	8	
36	38	10	31	59	59	62	52	64	53	54	56	21	7	38	37	35	8	16	63	23	29	30	70	1	29	60	45	29	49	43	5	15	65	44	13	48	33	63	51	13	56	47	32	60	24	66	34	39	20	23	61	50	62	58	57	19	45	40	45	41	12	59	46	1	42	56	67	3	58	
49	26	41	23	67	42	44	59	2	12	19	36	70	63	25	67	60	40	40	27	25	14	36	11	56	47	51	51	45	64	49	21	17	17	43	11	68	25	9	10	35	25	46	44	28	62	39	25	48	18	50	64	29	30	2	24	11	65	1	53	54	59	3	10	4	52	20	10	66	37	
16	37	1	66	9	25	56	45	60	37	2	49	28	27	1	40	47	10	30	57	61	22	44	59	29	58	39	63	6	31	20	20	64	18	13	12	52	8	54	39	55	53	15	11	19	26	46	5	33	14	60	32	46	43	34	2	41	67	68	48	36	21	4	42	30	17	49	23	29	43	
58	11	35	70	29	52	35	14	54	65	26	53	37	11	36	65	22	1	1	17	41	35	31	39	2	68	61	60	5	29	30	3	49	63	11	6	42	44	17	38	48	52	16	12	60	48	18	21	59	15	40	39	62	62	7	4	58	8	69	2	32	27	1	9	19	10	24	68	62	43	
30	38	26	55	47	25	43	3	44	41	27	7	7	25	8	21	34	6	23	30	4	63	54	14	9	10	33	28	17	24	2	45	69	26	39	56	48	22	57	19	59	11	35	63	46	42	24	12	43	48	32	58	35	15	10	53	34	40	8	49	2	20	36	10	50	10	64	30	31	51	
59	27	65	21	30	36	59	51	38	42	34	68	26	66	21	35	48	63	13	64	38	25	11	67	31	63	5	22	21	43	65	7	9	70	25	37	33	24	26	12	63	58	6	28	63	39	60	37	29	10	41	62	32	68	69	60	52	12	23	1	2	25	16	3	22	50	46	4	13	14	
3	3	57	18	40	45	51	26	22	16	33	61	17	4	60	13	3	39	34	21	48	26	43	61	36	5	51	9	67	61	6	67	7	58	12	41	43	2	8	62	15	49	61	30	50	48	52	53	27	25	10	2	54	62	11	23	64	55	30	59	51	35	64	56	31	3	38	13	14	63	
4	28	24	2	66	13	59	57	2	14	9	9	15	67	69	13	17	60	3	56	58	51	29	50	43	57	62	15	68	5	61	8	39	24	19	32	34	5	29	34	16	47	40	38	41	48	48	70	36	60	52	21	50	7	9	20	3	1	45	10	6	33	26	47	53	44	19	27	56	46	
57	69	18	37	34	68	12	21	63	45	20	54	5	68	70	24	27	69	22	69	17	27	40	40	3	32	23	30	55	4	1	40	13	29	16	56	25	26	17	28	10	34	7	24	31	14	47	54	15	62	62	36	19	33	35	27	58	33	56	40	48	65	19	59	21	38	41	60	67	66	
8	4	28	23	26	66	35	68	59	54	69	48	30	24	4	42	49	3	15	43	51	59	46	1	43	64	39	23	58	45	16	6	46	53	25	11	46	70	5	45	63	13	20	33	35	34	1	27	32	13	62	10	11	36	17	65	39	66	13	29	37	38	31	22	40	61	44	15	2	44	
57	1	54	5	30	16	36	41	37	7	63	38	27	2	13	41	62	49	45	14	13	9	61	48	40	18	50	66	43	57	37	28	55	19	46	25	44	16	64	8	21	59	55	47	65	65	25	54	42	67	7	68	15	66	52	52	23	26	58	63	10	22	30	5	51	70	27	33	12	17	
39	30	9	20	14	1	24	36	64	5	42	68	65	66	3	43	45	24	10	29	26	28	60	53	30	49	49	54	10	70	11	57	27	31	17	38	40	41	13	30	44	52	37	45	47	50	33	32	1	34	67	36	4	69	29	35	43	18	22	62	14	46	47	48	67	63	15	45	55	37	
14	6	28	49	48	12	26	14	50	36	45	44	11	43	38	37	10	21	51	29	13	62	68	66	39	4	55	63	47	20	27	58	35	64	46	22	3	11	34	52	56	17	34	65	69	11	42	7	30	32	45	53	33	54	46	70	66	36	2	52	67	39	37	28	33	23	46	57	43	18	
20	27	33	63	31	29	2	69	45	28	28	18	16	59	9	56	68	2	32	10	51	26	45	34	59	15	60	35	55	30	59	14	54	19	5	12	58	4	21	30	41	58	57	55	56	64	50	63	6	8	70	60	36	54	22	14	67	11	55	61	38	42	2	17	70	7	39	1	19	3	
24	55	54	22	49	37	24	27	40	26	43	37	19	68	18	37	21	25	42	15	11	17	66	10	45	5	28	8	69	37	23	20	32	67	51	29	43	3	44	13	37	16	56	65	30	2	30	52	23	12	65	31	25	70	51	1	2	4	33	68	50	26	34	19	35	5	36	14	15	7	
34	61	31	17	54	62	28	23	53	60	31	45	31	69	54	22	70	53	19	11	48	6	45	3	22	16	17	56	40	41	2	1	30	42	27	23	32	65	43	24	64	1	66	25	6	61	40	4	44	69	13	16	14	67	29	36	9	54	35	58	26	37	68	63	68	33	11	38	39	51	
60	18	62	65	50	65	52	29	66	31	37	17	56	49	22	11	11	40	4	36	27	36	3	21	24	12	53	33	59	7	25	56	38	24	61	14	17	39	50	23	10	15	48	63	5	67	14	26	47	16	67	70	48	1	18	13	5	19	54	2	15	28	55	47	41	43	68	64	21	58	
13	28	12	1	19	12	7	42	31	51	54	25	60	42	32	18	51	45	26	44	44	38	57	27	25	23	9	32	14	27	17	36	65	39	46	15	61	50	52	17	43	43	53	28	24	22	48	14	67	66	55	37	47	52	2	69	3	8	41	24	33	64	57	29	29	46	44	16	20	34	
42	70	16	33	25	38	52	9	49	43	13	43	18	54	22	17	59	33	35	23	55	64	26	50	28	65	31	11	20	47	53	59	56	66	32	20	45	10	24	34	67	36	13	21	15	33	51	14	5	8	37	68	12	2	57	36	61	22	56	8	1	36	7	58	44	35	3	12	60	23	
52	57	66	62	4	9	37	48	31	38	54	63	31	62	1	15	37	59	39	20	7	38	67	12	19	35	43	30	56	37	64	40	21	55	36	23	3	68	10	32	31	3	33	2	63	41	26	39	45	65	69	34	40	5	42	6	36	24	25	31	60	14	5	27	67	47	51	11	33	61	
38	5	59	69	15	61	39	50	28	66	52	24	27	20	25	8	16	58	42	49	28	30	61	31	56	67	7	36	3	51	33	51	57	31	47	5	22	13	52	60	19	44	20	45	62	42	63	17	39	35	61	6	68	61	37	50	70	37	26	9	26	54	64	18	25	43	21	54	1	10	
40	12	51	67	64	50	48	64	4	27	21	4	29	15	5	1	5	68	47	26	18	2	20	13	14	42	53	31	23	58	49	70	9	41	64	16	16	51	6	17	4	25	19	42	49	28	40	54	37	14	22	52	24	44	62	38	30	56	5	45	43	51	53	58	32	55	69	46	23	9	
69	36	32	14	5	6	43	43	65	8	66	20	57	17	60	46	50	12	28	64	54	7	42	35	4	68	19	70	49	51	13	47	16	38	1	30	53	39	15	57	60	1	3	41	27	2	21	16	18	51	7	8	67	58	48	69	55	64	9	42	56	26	14	10	61	11	32	59	52	39	
50	30	49	62	10	3	63	33	17	13	24	21	32	18	19	1	26	11	5	45	50	56	66	64	61	66	69	32	48	55	68	36	25	56	28	31	56	14	61	16	36	20	31	59	40	60	70	6	67	21	46	45	7	51	34	67	45	42	38	34	24	39	65	47	22	16	29	12	40	4	
21	15	25	61	13	4	47	21	7	42	32	62	14	38	52	57	44	24	26	12	64	48	53	55	32	69	11	49	16	60	58	39	14	10	23	24	26	17	42	28	50	13	29	2	51	8	56	19	43	9	26	33	66	5	28	27	18	48	20	35	59	65	70	58	30	31	9	36	36	65	
2	24	13	28	23	58	46	18	17	17	25	52	57	30	66	12	65	2	57	2	46	31	64	40	32	18	10	46	50	42	46	51	67	56	17	26	41	60	42	55	14	6	49	69	33	39	20	38	51	19	39	24	59	45	62	15	56	21	68	47	49	43	34	53	24	54	22	63	48	57	
61	2	2	32	10	44	67	27	9	57	53	56	10	38	37	10	63	33	17	55	3	63	24	35	58	45	23	1	47	6	66	44	11	7	14	16	49	20	46	55	5	33	50	11	68	13	18	56	41	32	51	42	34	1	15	28	43	35	39	30	47	36	8	52	48	24	12	22	41	54	
16	43	4	63	51	11	3	66	5	41	38	55	22	70	50	47	24	33	8	1	2	60	40	6	37	14	21	39	33	1	26	46	42	33	48	20	53	49	26	56	28	61	35	58	68	27	31	32	68	52	30	66	40	9	5	12	8	36	60	44	33	10	23	2	54	13	32	43	57	59	
26	10	54	3	8	51	35	37	9	29	12	36	24	58	30	36	67	48	68	55	14	28	2	46	40	62	41	69	33	27	63	68	43	44	66	60	35	40	38	39	66	57	17	31	42	54	60	45	29	70	19	55	35	32	25	2	20	5	11	50	49	70	47	21	53	53	8	15	18	41	
62	24	27	4	48	67	68	48	41	23	42	57	1	16	26	35	15	43	37	34	20	3	43	5	33	24	53	38	51	10	4	48	31	40	49	19	31	43	65	69	6	45	65	17	59	30	53	13	2	24	47	30	35	27	32	63	48	25	27	36	32	44	10	7	8	68	18	46	54	21	
54	53	6	58	68	4	16	44	14	26	4	68	55	36	23	25	27	13	46	63	56	17	32	61	34	46	2	44	19	46	5	15	28	20	69	32	24	27	13	33	46	18	41	27	48	60	61	14	9	38	4	63	64	31	60	17	21	56	70	33	30	29	57	65	31	51	26	49	13	35	
21	56	58	58	22	33	57	10	56	6	55	59	63	54	29	62	12	41	45	7	13	15	34	65	6	60	64	40	48	66	2	67	48	1	63	17	42	61	18	26	68	10	11	70	61	47	65	69	28	37	16	38	48	43	43	64	42	27	31	19	29	45	21	4	46	23	25	9	13	44	
44	10	60	64	12	46	38	4	55	63	51	65	41	39	47	11	30	16	48	58	29	1	40	68	15	7	10	37	25	32	19	69	50	2	59	57	51	35	1	36	26	54	24	6	14	70	27	53	31	3	38	56	66	17	49	8	21	61	51	66	28	60	62	70	67	9	66	52	9	5	
5	44	52	37	60	6	33	12	56	54	7	33	46	12	49	32	28	7	18	7	59	38	6	60	47	69	34	40	41	51	36	41	37	23	5	35	26	48	45	9	40	57	39	23	8	25	55	42	29	11	54	28	57	53	15	29	50	57	65	30	51	61	68	24	57	14	58	10	69	31	
29	37	17	8	69	21	30	48	67	68	56	41	35	33	22	59	70	14	44	62	38	34	38	45	49	25	3	27	41	65	56	2	40	11	6	36	43	41	23	33	37	19	13	15	56	32	67	55	52	50	54	39	8	20	4	55	51	9	24	31	69	16	28	54	42	36	47	5	22	43	
47	62	54	59	70	39	29	64	29	9	42	11	35	60	40	46	42	17	51	3	45	60	27	9	48	61	55	68	65	1	50	49	69	46	33	66	20	63	70	53	65	51	67	39	37	35	12	18	59	5	21	41	69	41	54	52	41	58	41	32	55	30	7	57	1	56	41	19	36	2	
5	40	19	69	6	63	29	30	8	16	29	22	58	25	4	45	68	42	20	48	11	65	6	28	52	17	12	20	44	50	68	52	18	23	53	33	13	11	58	31	38	24	51	34	58	66	4	57	46	29	43	37	37	59	62	14	1	6	47	41	61	37	27	69	70	67	35	22	16	26	
51	49	59	38	20	45	27	21	39	52	59	6	28	21	60	30	32	69	33	68	50	16	45	4	22	53	9	61	2	22	28	60	11	13	25	40	55	48	1	20	42	62	35	66	3	34	23	42	54	64	49	19	6	34	24	37	13	41	43	25	57	63	11	7	5	46	48	56	33	47	
12	70	36	56	4	53	18	24	30	57	14	6	3	29	51	32	6	58	66	40	21	62	28	42	8	38	15	61	31	46	29	41	58	5	26	55	51	52	7	11	34	29	23	47	67	69	19	1	66	17	57	16	13	17	68	18	54	8	10	10	62	45	60	45	47	22	38	25	4	53	
42	41	9	68	27	15	59	49	25	55	63	2	6	3	16	69	30	66	16	35	16	8	7	2	59	63	32	24	16	28	21	55	10	22	57	44	47	43	25	4	35	22	70	39	27	23	47	58	38	60	16	46	5	37	53	9	26	12	37	51	48	50	42	52	13	27	40	56	11	62	
53	42	2	59	28	25	21	63	19	47	62	32	16	65	4	9	66	27	24	29	69	62	22	51	54	28	6	16	11	11	3	4	61	12	58	7	45	15	14	61	70	69	25	18	10	33	29	7	55	38	48	62	30	62	40	21	17	53	34	26	64	33	38	68	41	35	8	13	48	23	
13	45	23	42	54	40	3	5	39	56	40	26	59	7	14	23	25	39	21	61	8	18	29	36	5	9	66	10	31	44	34	41	12	66	11	70	46	10	2	20	4	55	40	57	56	63	19	22	29	43	17	30	56	60	63	58	61	69	8	33	38	51	11	62	49	18	52	12	38	51	
28	51	42	8	52	26	69	5	57	24	47	70	63	31	64	55	26	65	62	31	22	27	10	30	11	64	58	57	15	34	48	53	24	17	58	68	52	56	70	49	16	43	44	19	12	47	13	36	40	1	63	59	25	14	30	45	4	23	46	16	63	18	66	6	40	2	33	32	61	29	
6	13	5	60	26	14	34	35	44	70	33	46	66	55	67	32	36	67	53	4	22	45	25	26	62	6	16	2	34	67	22	49	8	24	37	39	50	12	3	28	20	31	2	29	25	10	53	59	3	33	58	34	9	23	57	7	25	15	2	56	19	32	44	32	64	20	1	36	27	67	
63	55	38	3	7	60	8	58	61	20	30	56	64	30	6	65	46	28	69	43	24	15	15	64	57	6	13	53	52	48	59	54	41	24	55	45	24	5	41	18	30	66	4	20	39	19	22	7	49	16	56	9	40	3	10	24	11	30	16	66	21	3	50	70	26	29	27	47	35	67	
66	8	7	10	22	34	24	53	38	11	63	12	11	44	23	31	6	37	57	22	30	4	20	9	66	54	38	20	39	70	29	41	2	25	45	33	56	66	27	21	1	13	43	13	65	3	48	68	50	36	27	64	49	56	63	40	46	47	67	5	50	41	40	61	61	24	55	42	18	52	
70	16	62	50	35	66	49	9	6	13	57	28	20	22	12	18	69	46	55	58	60	32	33	37	21	15	59	51	66	2	30	9	27	32	53	1	39	42	18	40	63	67	63	6	25	15	34	30	69	23	18	53	58	52	28	19	62	13	64	56	24	47	61	61	3	51	65	37	26	4	
14	22	11	5	37	31	40	67	70	25	21	27	5	5	2	34	19	61	53	24	57	10	52	42	6	1	20	60	42	49	4	55	68	9	2	44	54	22	39	47	45	56	69	60	59	7	28	17	3	8	36	51	22	29	33	23	32	50	22	63	38	23	36	49	43	41	16	17	62	53	
7	43	47	11	29	48	17	54	59	18	61	22	2	23	46	32	43	3	25	61	70	69	22	44	42	60	14	67	16	3	46	29	40	33	35	8	4	62	60	60	13	63	21	12	9	6	53	64	10	22	57	5	16	7	55	50	6	68	49	20	65	34	45	41	58	18	53	59	15	46	
67	17	32	6	38	48	22	18	32	25	31	29	36	37	33	19	14	44	27	69	64	35	39	35	63	26	62	52	21	8	24	18	23	62	21	58	37	45	1	25	4	40	35	49	4	7	7	28	52	30	42	55	51	11	29	54	47	18	48	47	12	56	62	50	45	34	26	41	1	55	
40	14	8	14	3	17	30	11	42	10	44	4	3	32	70	29	8	30	44	46	12	65	35	15	35	13	36	59	41	52	35	16	67	37	31	67	57	58	19	41	7	54	45	6	18	43	32	20	21	4	1	40	66	24	47	41	48	28	27	22	52	2	33	46	34	60	54	26	50	64	
55	58	44	25	62	54	6	21	12	23	35	9	50	40	42	17	8	24	31	44	32	19	42	60	5	15	56	52	37	37	45	27	22	14	61	18	7	6	47	28	29	10	52	4	52	16	30	57	51	68	28	8	21	9	13	26	21	70	13	57	34	52	20	64	5	15	4	24	11	48	
47	35	55	24	48	41	46	19	31	30	21	58	40	45	7	60	1	29	54	13	5	13	63	34	10	8	39	6	26	59	58	68	34	41	38	9	15	16	36	43	45	64	39	14	44	42	11	31	63	55	38	12	17	25	38	18	27	16	15	59	3	69	54	37	52	22	57	61	33	15	
31	17	14	68	41	39	50	55	68	40	36	32	61	29	10	32	51	33	56	1	19	44	69	16	17	43	45	66	46	4	32	13	18	48	8	66	18	66	36	22	47	70	58	26	26	57	55	23	53	39	20	57	27	18	9	37	59	54	42	52	63	1	63	21	37	3	14	62	61	49	
68	33	45	12	1	10	52	56	21	8	17	42	5	41	57	14	13	47	59	52	21	49	62	69	9	37	5	25	24	67	65	29	36	49	15	34	56	7	22	16	23	36	60	24	16	40	44	35	20	30	26	43	28	18	50	31	50	48	55	1	39	48	29	19	24	58	61	30	53	70	
32	70	37	26	33	57	64	4	20	19	44	43	62	2	56	28	38	45	36	19	66	63	8	21	12	39	68	44	67	61	32	42	70	15	61	28	63	62	40	27	68	23	48	67	22	43	35	2	27	45	26	11	45	41	27	47	10	34	30	3	25	59	36	31	6	36	4	63	46	29	
68	32	61	55	36	23	41	62	18	67	39	41	9	26	9	38	60	15	65	18	25	33	16	2	46	17	35	35	22	53	7	15	14	61	10	31	11	57	31	29	49	5	8	51	15	31	24	2	56	28	27	66	52	40	64	23	68	19	4	12	69	67	43	20	55	45	60	70	26	19	
33	9	20	45	69	30	66	20	29	28	58	64	33	34	35	23	2	26	50	60	36	59	55	69	13	51	51	65	52	16	22	10	24	43	52	42	64	46	61	32	11	45	27	53	7	67	14	25	20	63	70	67	60	63	70	3	51	38	66	37	51	40	48	15	61	39	41	69	21	28	
35	46	1	13	32	17	65	34	26	21	21	37	4	8	38	2	11	18	49	16	56	39	41	33	49	44	17	29	38	25	67	65	62	65	63	10	23	52	48	57	2	1	19	20	18	55	11	40	12	57	59	62	31	42	32	22	5	43	50	42	7	49	51	60	45	35	10	55	28	59	
38	29	63	66	42	18	59	60	48	69	48	39	67	62	11	39	20	7	38	50	46	13	9	19	70	55	63	21	37	33	8	17	52	3	8	43	12	23	11	2	22	65	59	6	66	56	58	2	1	6	49	54	6	4	26	16	50	14	32	27	40	35	41	32	36	57	5	53	60	13	
1	69	15	35	14	70	31	66	10	36	64	53	33	5	59	44	18	48	58	59	9	21	21	52	44	2	47	40	57	31	55	44	45	59	20	51	63	67	56	67	24	54	61	46	56	49	20	3	33	7	58	48	38	18	23	15	22	62	52	4	33	53	57	5	45	16	59	37	68	42	
37	31	24	29	11	19	1	32	23	44	32	15	3	6	42	48	15	62	23	65	3	53	51	70	64	23	18	3	61	21	29	24	46	69	62	50	9	2	17	42	43	60	60	52	63	36	16	10	57	36	4	41	39	55	38	33	14	60	28	9	8	66	49	1	56	31	43	62	34	63	
25	3	48	15	54	47	53	68	58	32	49	66	68	1	55	50	33	64	40	38	10	25	19	54	16	11	8	58	70	33	51	22	31	35	34	21	7	28	12	59	52	2	62	36	56	28	9	8	26	27	60	44	62	39	3	41	13	6	5	7	35	57	24	6	14	18	17	29	37	30	
