15	11	2	38	9	61	63	21	64	14	8	16	44	8	19	58	67	52	65	56	14	36	19	66	60	35	62	50	40	48	26	41	42	16	27	46	16	17	6	7	29	24	33	12	41	49	67	51	40	1	31	64	37	59	56	22	22	68	11	69	45	46	28	14	70	51	3	3	4	3	
19	34	36	49	43	5	37	38	50	5	39	20	66	10	7	61	41	26	58	61	24	30	35	48	42	21	39	40	33	32	51	62	5	15	50	45	29	15	22	18	29	68	35	44	17	52	23	56	16	8	44	46	47	6	13	25	53	54	64	9	20	55	69	27	67	57	11	59	70	60	
50	26	33	12	69	47	3	18	42	16	35	14	51	10	29	61	36	5	49	39	12	66	21	19	27	27	4	30	59	1	65	36	37	38	57	32	12	58	60	63	2	34	17	49	53	43	49	28	45	25	64	66	31	12	40	54	48	26	23	34	41	28	9	12	62	63	55	13	60	44	
4	70	14	17	58	65	69	34	32	42	68	23	47	25	44	1	6	19	35	26	62	69	51	68	8	53	70	59	63	57	39	64	54	63	21	51	67	17	12	26	3	7	58	43	29	29	52	44	60	13	10	48	21	2	41	39	50	55	37	56	36	16	44	28	6	66	7	5	9	28	
23	2	45	8	54	13	46	33	55	30	55	4	15	16	1	65	52	61	42	16	41	17	41	24	54	44	26	58	41	43	25	3	53	67	8	35	9	51	7	5	20	1	18	32	14	27	28	6	13	64	19	63	10	57	15	59	41	50	55	11	19	21	12	69	22	29	47	31	18	62	
42	35	58	54	65	11	19	28	14	29	31	42	32	36	38	56	33	6	33	30	25	61	45	34	57	68	68	41	39	13	26	20	46	23	15	50	32	37	17	43	68	47	12	27	21	47	10	63	64	52	18	15	40	2	44	48	16	51	4	58	62	39	5	47	60	28	49	19	55	53	
1	51	35	10	17	53	66	25	44	56	4	2	68	54	13	51	18	32	30	31	17	33	9	31	5	66	57	50	24	51	27	34	41	60	53	58	52	47	20	23	42	33	36	50	14	45	40	41	15	9	69	29	37	7	69	55	11	53	28	46	48	65	6	12	64	70	7	43	55	26	
6	24	55	37	13	8	20	51	47	32	57	55	70	34	70	66	12	21	59	50	63	30	42	9	51	33	16	56	3	68	19	6	22	1	52	30	7	69	20	64	40	5	45	37	36	55	43	58	3	29	34	10	2	15	23	58	46	38	53	58	44	70	4	60	10	54	31	26	49	48	
16	29	61	1	5	24	65	45	21	65	13	52	9	20	66	40	6	49	3	68	34	44	65	35	43	3	15	12	26	3	69	53	41	57	62	44	22	54	18	39	58	27	30	64	56	36	31	59	11	46	67	54	28	59	17	70	1	41	19	37	53	23	28	25	2	17	63	29	6	18	
65	53	54	35	56	37	66	14	36	4	67	30	56	21	16	11	28	27	61	44	61	41	57	16	1	64	42	3	21	38	18	25	29	69	57	24	33	63	47	66	64	43	35	59	2	61	12	27	17	68	68	15	48	70	28	46	5	67	49	27	50	6	51	11	7	52	32	45	36	8	
47	39	57	10	38	57	68	57	11	10	64	19	22	39	21	59	24	15	65	12	40	47	13	28	55	19	14	26	58	58	29	44	24	27	51	1	10	46	55	30	65	46	48	14	25	7	12	49	19	4	66	68	50	14	35	42	42	45	65	41	30	34	11	63	57	60	4	6	52	56	
33	37	42	7	61	63	23	70	48	39	14	40	46	1	64	20	53	33	4	45	70	43	18	8	34	2	6	35	17	49	30	48	25	69	65	13	60	14	24	47	62	36	15	51	44	18	66	26	50	67	8	57	37	27	62	10	38	9	52	54	55	12	29	5	11	28	41	7	56	47	
52	28	19	6	3	60	21	8	23	8	2	29	63	48	50	64	56	24	69	37	13	50	46	47	64	54	2	20	68	50	66	59	18	22	62	31	21	25	35	41	28	38	67	30	22	57	21	5	20	32	39	33	26	14	7	10	4	4	40	11	53	40	70	67	61	57	27	9	19	1	
45	56	42	52	13	62	47	43	63	64	70	42	34	16	53	36	36	65	49	1	3	40	39	68	46	25	66	68	41	11	6	25	67	45	4	16	35	61	56	24	69	66	2	25	9	54	5	42	58	47	55	59	26	19	66	7	53	8	65	21	8	10	43	13	52	12	36	14	48	20	
47	48	25	49	1	31	43	10	13	28	66	63	26	22	21	21	17	1	18	21	32	35	28	2	55	7	67	19	18	51	48	4	27	70	50	37	40	20	44	50	46	39	52	11	55	70	41	12	68	69	29	26	30	54	38	23	58	47	42	15	24	33	16	49	34	6	36	61	23	5	
51	8	40	42	29	34	39	66	42	47	60	10	12	16	61	58	49	59	31	15	13	48	52	27	33	1	42	53	2	4	54	61	23	34	30	48	11	8	41	62	64	29	68	4	57	67	1	32	53	28	55	65	14	33	36	44	43	68	35	54	70	29	45	31	63	11	6	6	37	44	
62	20	12	56	33	6	50	31	34	42	69	27	44	9	70	2	63	52	8	37	35	17	64	14	45	62	22	48	8	47	32	67	6	41	62	36	56	52	65	29	20	60	53	66	8	68	3	10	42	7	46	1	22	49	24	6	51	57	52	55	41	25	48	54	3	58	8	4	28	13	
13	58	69	5	59	17	64	58	24	33	4	8	42	35	53	6	39	29	57	32	22	26	50	67	68	51	44	15	46	12	25	56	70	34	60	53	47	62	50	11	23	51	28	3	27	20	6	65	46	61	19	66	25	8	2	36	67	63	45	43	7	1	37	4	40	38	9	26	30	51	
46	55	42	2	55	66	19	1	66	5	3	24	9	23	30	20	54	35	2	36	15	6	42	61	15	8	22	17	43	43	67	16	25	47	15	20	38	43	19	31	44	14	52	52	46	21	9	37	53	9	12	7	24	51	65	48	68	15	62	39	67	69	64	32	40	18	49	22	58	10	
46	42	29	38	19	2	55	39	49	47	44	57	52	7	47	45	52	43	68	42	20	63	48	12	22	15	27	10	30	14	12	17	56	38	53	10	50	59	45	36	32	28	21	11	33	64	64	24	46	3	63	67	4	38	14	26	62	40	42	34	61	63	54	52	41	35	1	17	8	56	
63	36	11	22	56	54	26	60	4	69	1	6	1	2	53	13	34	42	49	3	1	49	63	55	28	31	17	26	61	34	9	60	10	30	12	64	22	32	62	23	41	60	38	39	59	18	50	32	70	37	33	68	13	35	51	50	7	7	5	2	40	24	59	44	61	8	46	15	43	45	
42	4	34	7	52	32	22	28	61	18	62	32	25	14	65	15	61	8	19	5	7	54	36	5	26	23	9	11	42	44	43	12	57	17	15	38	46	46	10	48	61	6	6	16	17	13	26	20	14	55	30	30	35	62	33	69	24	39	21	63	21	2	1	29	27	25	51	1	68	52	
48	69	54	61	10	68	67	46	25	9	38	53	36	12	42	8	20	63	44	37	66	62	36	6	7	49	29	55	59	37	34	32	32	16	22	51	23	26	35	45	47	70	24	20	11	5	27	30	13	66	3	2	1	39	16	4	24	56	53	14	18	14	52	47	28	15	38	50	34	17	
31	5	10	52	34	16	55	56	52	2	61	52	1	56	15	13	66	48	65	47	56	22	70	34	9	24	42	43	11	15	53	50	30	60	32	61	3	24	45	65	23	46	44	33	28	69	54	21	56	58	7	39	7	8	14	13	40	64	67	58	19	49	35	51	32	4	37	55	25	18	
49	57	58	32	16	25	28	10	56	24	65	60	60	13	4	12	34	39	5	27	26	18	11	69	2	52	70	31	36	35	44	12	19	42	42	47	63	9	64	46	30	56	50	30	7	46	45	38	29	52	6	58	15	12	54	8	3	63	51	40	25	37	58	43	1	27	33	3	53	17	
46	3	13	30	30	18	15	9	52	37	58	65	35	6	4	27	25	17	17	70	63	42	29	48	21	39	3	57	40	59	70	26	58	24	66	28	35	7	34	27	53	31	19	14	34	33	38	55	59	54	64	49	32	36	24	62	69	43	45	48	22	54	20	19	4	5	44	47	21	23	
2	2	46	29	25	18	1	61	15	57	53	4	33	24	48	55	13	55	32	67	30	49	49	52	65	59	68	48	34	15	62	43	14	34	70	48	51	68	50	3	53	35	15	26	63	58	7	13	40	47	8	10	23	52	60	27	39	53	6	11	66	64	56	18	34	69	63	28	5	41	
21	60	6	45	13	7	30	29	17	68	3	22	17	37	13	3	59	62	65	2	70	69	70	49	26	43	49	32	64	46	7	23	32	25	65	54	26	24	10	42	31	23	4	43	58	12	56	57	1	60	51	5	57	61	56	11	31	44	48	27	15	52	53	56	8	45	50	37	10	69	
5	45	19	16	28	1	26	23	64	25	10	55	31	64	43	26	14	1	67	1	33	21	53	24	6	62	69	51	26	15	59	42	68	7	54	22	16	19	46	7	48	50	60	13	53	29	33	8	40	27	5	11	49	65	32	60	56	38	57	19	63	37	2	58	39	3	4	66	9	61	
69	59	47	67	66	37	36	39	41	3	5	55	23	48	49	52	47	40	20	25	68	5	1	65	69	50	67	13	44	3	70	49	2	50	43	7	14	6	43	4	18	57	58	38	34	44	19	19	24	45	53	19	60	51	26	56	42	17	66	8	29	9	54	30	60	37	44	16	46	27	
5	61	10	3	33	52	44	62	69	64	32	49	22	30	40	42	15	7	68	18	24	25	28	17	63	15	50	33	26	19	56	45	12	64	39	42	55	22	43	51	14	70	41	33	46	6	16	53	22	10	7	47	44	48	57	33	59	35	8	22	65	70	11	12	5	38	54	55	1	19	
53	10	28	11	55	65	27	65	54	46	14	70	29	56	42	14	28	41	60	43	58	58	40	69	67	57	34	58	35	42	16	6	50	54	31	44	46	64	46	49	24	69	48	61	52	18	4	20	66	2	62	51	68	39	47	63	19	20	46	1	2	3	66	7	59	21	30	37	68	15	
15	31	11	62	21	3	18	33	20	11	29	7	1	38	45	46	23	1	5	8	61	4	6	70	62	69	25	34	32	32	47	45	60	65	45	9	64	60	51	11	68	19	27	66	54	10	51	2	8	66	18	12	9	22	1	14	28	23	39	58	52	22	42	51	26	26	5	16	13	49	
36	8	62	60	13	40	8	63	50	26	55	65	30	3	26	41	11	51	2	60	48	63	10	29	44	31	52	50	56	64	23	19	9	25	18	20	65	35	21	53	58	15	44	28	15	14	13	25	59	6	24	45	12	31	4	48	70	58	25	66	53	57	22	1	9	39	34	17	11	50	
3	66	2	43	35	15	62	37	51	47	52	68	19	58	36	30	45	44	9	10	35	1	6	4	69	12	42	27	32	50	2	31	56	14	16	17	26	5	62	13	59	53	20	18	60	53	46	35	38	51	42	10	54	45	6	47	66	48	11	49	21	23	67	14	55	19	28	69	22	29	
9	17	21	26	32	69	18	4	31	63	52	12	70	40	66	16	24	60	63	33	37	23	54	30	33	27	59	70	22	17	28	40	34	55	5	61	53	32	66	21	25	53	43	31	20	38	40	62	35	36	25	3	48	18	39	8	41	25	7	59	42	44	46	68	45	47	2	11	69	57	
41	30	37	11	60	66	45	37	53	19	6	69	16	52	14	64	70	63	17	13	62	64	61	27	3	21	65	67	41	5	52	10	31	28	18	29	34	2	63	8	19	66	16	46	45	39	35	42	42	62	68	32	51	53	55	50	1	59	57	44	2	36	47	42	9	4	7	34	18	58	
51	44	63	9	15	35	48	47	16	12	46	8	40	24	2	37	19	68	33	68	49	32	43	21	4	45	35	8	18	60	5	65	31	66	69	55	39	52	29	52	61	17	70	41	38	66	20	58	6	45	54	48	22	23	9	24	6	53	34	25	51	34	26	3	37	27	50	7	70	28	
66	70	30	61	50	3	70	62	59	68	47	39	43	61	2	49	15	18	29	46	46	8	18	1	3	55	19	62	53	24	19	48	26	57	45	69	58	40	59	56	46	33	34	17	33	51	5	52	63	44	29	54	49	60	42	62	25	63	65	16	15	22	70	35	6	64	57	3	36	67	
56	6	12	31	32	42	2	35	15	1	18	41	42	8	25	8	65	46	11	68	4	23	17	10	66	20	61	35	37	21	3	28	37	12	55	66	54	67	40	6	70	55	47	46	62	9	64	63	51	2	58	69	24	2	68	15	32	5	47	7	30	59	33	63	13	24	60	60	19	24	
63	22	20	46	67	5	52	56	65	42	7	63	37	16	5	38	40	33	34	28	47	68	13	3	63	26	36	49	8	63	11	10	13	27	56	18	29	39	12	35	15	9	23	42	32	37	21	69	2	51	35	53	51	58	53	57	6	28	29	24	18	41	31	45	2	25	64	44	54	16	
7	66	31	33	47	64	67	67	68	6	55	32	54	45	16	48	26	31	13	64	52	40	41	11	18	39	35	9	6	27	22	21	36	50	59	17	49	65	23	56	8	3	14	1	57	40	44	11	69	66	15	60	34	53	70	48	29	42	67	38	4	16	57	44	10	55	70	63	48	19	
54	65	30	70	64	15	38	47	35	43	41	46	30	15	23	36	60	66	14	53	20	27	8	16	68	22	69	68	12	56	23	69	48	51	64	52	63	42	26	25	10	64	11	37	4	42	17	3	30	24	52	61	49	1	3	58	18	11	63	39	67	13	34	55	2	31	39	4	7	53	
26	12	56	45	62	70	14	11	11	44	32	3	41	20	69	43	15	16	60	17	51	63	37	24	47	36	58	11	38	60	4	2	69	68	46	66	6	67	5	14	49	45	14	19	4	15	65	16	33	53	32	23	52	63	48	24	54	60	50	10	29	35	13	37	29	54	42	34	61	55	
54	38	15	65	61	28	14	54	43	57	48	10	7	17	1	62	42	48	45	9	48	70	51	58	44	18	52	14	45	52	54	39	16	8	43	19	34	68	67	20	51	40	22	67	66	32	67	44	8	41	61	65	46	39	63	21	53	49	25	38	23	18	10	47	24	50	58	69	50	64	
8	28	43	40	36	47	4	29	18	17	9	5	8	46	41	68	69	34	48	21	1	10	55	7	50	70	53	47	6	45	52	21	3	20	58	42	66	67	11	20	22	12	22	29	67	2	37	13	39	10	23	44	27	16	49	16	14	41	60	19	25	38	37	24	66	51	56	58	57	64	
17	62	15	39	27	21	49	59	23	20	8	43	58	33	50	34	46	65	15	46	10	21	22	56	36	16	30	19	13	9	22	29	66	35	3	32	57	50	18	6	8	37	61	63	66	47	36	54	38	48	24	64	8	44	53	41	2	11	57	12	16	7	55	22	51	46	52	32	38	14	
44	39	48	28	42	47	5	17	37	48	63	59	32	67	46	24	47	50	43	49	68	2	59	40	18	38	13	16	8	53	31	49	11	65	19	56	51	14	68	21	1	65	14	45	3	65	69	57	52	35	34	49	33	14	18	58	61	27	9	66	10	29	42	20	36	7	7	12	9	22	
37	21	15	48	60	26	52	52	10	34	25	35	11	65	59	22	50	47	58	66	53	67	23	33	24	51	28	28	60	47	49	27	64	2	11	57	30	60	42	33	36	64	7	38	61	8	58	46	49	43	38	40	36	68	1	3	46	29	36	51	70	14	15	61	12	18	62	45	17	20	
17	47	23	21	12	19	40	9	62	12	50	38	50	26	33	60	21	9	16	54	62	11	4	68	13	28	25	61	66	55	19	14	26	39	41	47	56	3	54	57	13	32	25	2	65	51	59	14	67	11	17	68	36	9	64	40	44	28	43	35	8	55	48	42	30	10	18	20	15	68	
55	32	37	14	43	30	4	41	53	13	49	69	5	8	17	7	57	56	32	23	18	36	12	59	5	37	8	31	47	13	33	28	58	60	61	25	29	53	4	22	60	50	26	61	68	34	65	64	27	31	16	43	70	28	39	19	63	62	43	36	64	66	70	65	64	48	20	32	29	21	
50	25	70	7	14	5	41	19	66	2	51	18	45	62	43	23	3	41	6	43	16	7	47	22	61	51	1	21	10	33	38	5	55	46	4	8	59	49	34	54	48	13	69	31	70	53	48	12	32	47	65	54	63	39	9	62	30	10	12	50	43	56	58	35	20	46	67	64	34	13	
57	10	38	66	37	33	56	24	53	27	10	45	8	70	11	9	59	53	21	65	24	3	48	13	41	63	52	36	66	26	54	51	33	18	44	9	61	38	30	37	67	37	10	67	47	29	22	48	5	42	48	50	48	25	46	16	15	52	58	8	59	39	55	19	54	40	37	49	2	69	
14	7	41	19	68	14	51	11	57	60	54	31	26	27	52	10	55	64	44	35	11	30	2	5	59	63	40	23	45	51	15	49	61	53	7	62	6	66	69	67	63	56	18	20	22	16	23	70	12	6	43	21	38	53	25	19	47	2	1	26	62	4	17	53	58	14	48	59	24	45	
58	4	32	15	29	45	21	64	52	31	64	21	60	24	18	22	61	65	22	32	14	24	35	20	3	19	43	40	16	62	12	1	69	50	13	26	25	44	13	17	2	4	35	1	39	41	29	30	34	56	1	70	1	33	16	2	60	65	51	3	54	60	23	48	49	36	38	8	7	30	
21	9	37	50	18	14	31	36	45	3	15	39	69	28	11	17	23	70	10	16	10	5	19	21	58	59	55	1	67	1	35	15	6	3	4	33	17	34	2	67	52	15	37	47	36	56	63	68	48	69	11	62	66	20	21	51	22	12	59	10	13	26	22	23	17	24	50	38	65	54	
38	49	65	67	20	40	59	18	58	35	26	54	28	31	10	53	21	23	2	6	42	8	16	62	39	46	25	29	12	17	8	47	62	13	63	18	68	38	33	27	11	1	17	36	30	37	17	45	69	34	47	41	33	3	40	12	41	66	38	64	18	43	40	7	69	26	61	54	67	7	
18	69	3	44	45	27	8	2	70	17	28	56	53	69	56	25	8	36	23	43	29	37	25	15	52	29	24	14	14	24	40	37	33	30	9	21	1	16	15	68	28	41	49	20	48	42	51	51	7	11	35	40	43	68	50	34	26	1	61	47	38	14	19	6	46	30	22	39	50	32	
37	18	10	23	35	55	6	23	46	65	30	16	38	69	12	9	43	45	19	29	28	62	44	45	70	17	2	22	49	54	55	33	62	63	45	34	54	36	56	37	39	12	51	67	20	1	14	60	43	50	13	4	41	64	53	40	4	61	47	62	26	42	14	21	42	59	53	24	31	47	
59	64	60	48	70	15	53	26	14	36	62	37	25	39	24	18	67	25	63	54	27	28	34	38	42	4	34	42	25	2	10	22	63	5	11	2	31	54	32	39	12	23	3	44	69	36	61	60	8	60	56	25	13	15	15	65	17	45	30	52	45	45	14	47	57	18	58	9	16	9	
58	19	28	4	2	22	34	58	8	44	45	61	67	66	13	28	62	26	50	20	15	38	70	23	10	64	51	64	15	59	68	67	17	23	1	27	69	41	14	59	9	68	57	21	70	3	18	7	36	12	15	52	39	24	6	60	15	6	47	29	56	54	19	11	25	26	23	30	70	46	
60	13	59	49	30	54	57	45	38	15	49	62	67	29	20	13	10	28	6	55	64	68	56	18	5	61	39	37	56	36	23	40	52	4	25	8	70	7	1	20	19	42	21	34	5	32	47	12	3	51	9	66	53	49	11	66	45	67	26	21	27	45	68	14	46	22	35	33	23	24	
58	52	69	18	15	4	47	48	10	53	40	24	49	11	70	57	11	37	41	33	54	9	17	60	29	2	5	55	50	39	7	36	26	19	52	43	9	38	26	28	19	61	55	4	12	46	68	22	21	59	63	13	56	17	69	3	20	13	66	62	47	67	16	15	14	7	65	23	43	25	
61	1	16	51	4	36	33	12	60	51	56	50	62	44	67	70	58	8	24	38	70	55	59	26	5	65	30	52	20	12	13	19	15	12	64	23	42	43	31	32	27	24	9	35	65	17	26	66	18	33	28	28	29	10	51	30	65	21	17	45	30	19	41	37	37	46	68	19	11	24	
47	33	45	68	1	50	5	27	26	38	54	64	70	18	68	51	45	3	7	60	31	34	15	5	11	56	47	6	66	65	40	52	39	29	45	40	1	70	57	36	35	54	25	48	1	32	24	28	37	20	27	8	63	41	5	9	21	69	10	21	49	54	25	25	16	55	59	19	42	63	
64	12	39	13	40	14	54	50	51	21	11	5	20	57	55	28	68	67	10	14	27	12	63	25	19	65	23	4	9	70	58	55	24	26	2	43	62	47	27	33	1	29	42	18	31	22	49	18	27	65	36	56	59	29	16	3	34	33	17	28	32	15	21	38	35	41	18	10	70	37	
67	14	1	26	26	23	45	7	39	11	12	9	2	62	28	19	5	47	46	19	17	15	39	43	60	13	65	18	20	6	38	8	11	37	29	48	4	21	61	31	33	55	42	22	56	70	46	11	54	31	20	6	44	66	46	31	5	3	33	42	52	27	49	60	56	6	45	51	32	33	
21	50	27	63	8	11	7	63	9	48	22	34	63	68	26	36	32	54	25	62	1	13	14	48	12	66	64	46	51	18	20	11	5	43	60	39	63	1	12	69	42	44	56	40	35	65	15	62	47	33	63	42	33	4	29	49	67	31	24	45	57	36	59	52	19	45	68	21	51	36	
20	20	49	56	63	9	60	13	9	40	50	1	14	11	68	54	67	2	10	19	43	54	62	31	42	29	11	49	25	59	17	51	21	52	34	20	5	22	39	10	66	16	1	4	36	23	51	33	5	70	57	6	55	41	12	32	56	30	20	22	28	46	67	56	4	42	8	70	3	51	
22	63	64	25	3	29	30	53	67	32	59	36	16	41	27	35	9	11	12	26	44	31	47	46	14	60	14	28	70	16	3	13	20	65	37	15	32	4	4	26	33	62	65	58	40	15	30	47	43	23	67	17	62	42	52	15	33	1	38	26	34	50	61	39	66	8	69	18	21	57	
