56	24	55	28	40	17	68	14	66	49	37	6	11	12	40	38	42	67	68	21	34	7	19	70	21	57	34	69	40	4	38	64	29	20	26	61	47	22	2	52	10	48	55	18	69	23	65	50	28	3	69	59	18	27	69	36	10	30	44	47	45	9	50	1	39	16	70	13	35	69	
62	42	56	56	69	53	5	3	30	31	3	38	29	30	63	25	6	70	65	47	56	36	65	46	45	32	59	43	54	33	51	42	2	35	37	10	15	52	10	55	22	22	20	48	50	10	13	65	19	17	39	14	64	44	1	34	4	55	16	57	15	66	40	26	27	10	41	39	60	58	
32	8	2	49	66	61	56	18	53	14	33	31	26	21	2	22	64	13	17	8	4	41	70	47	65	24	55	37	2	42	17	34	59	17	20	52	17	15	67	10	27	28	38	62	56	50	23	48	1	49	54	3	18	63	59	11	24	57	56	35	36	1	6	20	29	25	69	43	35	68	
48	1	28	26	60	11	14	23	67	13	69	59	25	14	47	11	33	11	62	17	43	35	15	46	52	51	66	48	31	41	50	7	39	5	42	39	27	53	59	32	5	55	17	29	9	4	48	40	12	49	65	52	16	19	38	60	68	34	54	26	18	24	42	56	38	30	26	61	3	20	
18	18	6	45	42	12	46	29	61	55	5	53	46	13	70	11	12	7	52	56	29	2	7	10	47	54	30	1	53	43	21	11	58	25	53	27	46	26	57	34	20	68	28	5	22	36	31	30	39	17	32	66	16	33	3	4	24	43	8	9	13	35	14	69	59	62	23	38	27	15	
12	56	11	36	1	29	69	24	68	35	38	21	40	63	61	53	65	12	23	3	13	33	31	35	28	23	37	59	58	61	2	67	56	22	30	54	60	38	17	55	14	64	16	50	55	4	32	57	25	51	57	47	26	15	9	47	48	43	34	33	44	45	39	38	6	9	42	63	46	46	
57	54	50	12	44	32	13	1	28	47	61	13	22	22	37	40	67	14	10	40	55	62	24	33	40	27	38	69	29	23	54	15	3	31	23	56	2	45	67	30	20	69	38	51	16	17	18	22	35	38	59	16	39	22	46	6	46	25	2	4	42	66	26	58	24	60	38	34	41	36	
49	70	38	26	48	52	37	64	1	12	29	2	25	65	19	10	11	63	43	13	4	14	15	26	6	37	22	42	58	61	15	46	58	50	16	46	40	57	39	41	66	5	35	31	9	67	50	17	54	20	44	68	42	51	33	45	18	52	27	10	53	47	65	55	25	3	24	62	70	69	
39	63	1	14	21	7	5	69	22	68	28	56	62	67	44	22	40	55	14	64	5	63	41	67	53	61	9	2	65	6	10	41	70	8	52	29	25	54	35	56	3	61	42	50	4	10	12	34	4	23	37	6	27	3	13	17	4	18	19	11	22	36	43	28	45	22	66	63	15	27	
46	15	27	24	63	21	44	14	65	57	34	29	60	68	41	12	12	42	28	38	57	58	1	30	13	51	61	4	54	14	40	39	26	64	3	28	31	44	43	17	40	16	55	45	19	35	48	29	5	2	6	62	59	7	25	9	66	11	23	45	37	60	18	67	64	32	24	33	69	70	
54	44	11	37	11	27	68	57	65	15	68	68	10	65	12	33	13	15	53	33	58	14	34	8	10	25	29	31	49	33	30	30	5	50	6	26	5	14	9	9	23	17	17	41	9	38	1	19	49	64	62	46	5	22	63	25	43	32	53	36	65	28	70	6	2	4	45	14	16	59	
33	42	3	47	11	9	23	21	38	12	12	27	55	28	46	45	49	29	16	41	56	18	3	53	22	13	64	1	36	2	58	66	54	59	52	62	7	3	10	42	12	32	8	6	57	51	60	44	20	4	12	1	19	13	65	50	35	66	48	68	65	34	62	52	18	61	47	37	53	67	
3	4	26	8	19	9	70	7	50	16	20	1	23	36	23	27	24	55	18	69	51	23	42	52	8	58	32	53	18	25	59	31	38	12	48	55	18	56	1	9	11	18	5	41	63	26	64	14	20	21	13	68	54	49	59	60	45	22	50	6	57	36	44	28	46	33	15	2	17	10	
6	19	25	21	69	15	44	59	39	3	19	47	11	69	35	67	67	20	25	44	32	5	20	2	33	4	41	42	7	52	50	22	10	14	37	8	42	23	11	5	24	26	61	30	29	37	23	27	53	46	7	28	60	24	34	20	31	3	62	38	52	49	55	1	9	19	12	38	50	17	
52	67	35	40	36	4	3	55	24	64	41	28	15	40	62	58	57	16	59	56	49	49	44	43	47	45	2	60	9	48	5	1	54	51	38	16	50	50	12	14	54	48	39	8	15	29	63	11	51	53	66	39	37	42	10	13	19	17	11	46	68	25	36	47	2	18	60	65	61	67	
2	54	54	51	59	8	6	49	17	66	37	22	32	3	66	52	23	13	69	43	48	63	66	11	36	65	21	35	65	24	30	68	4	23	55	58	29	60	47	55	64	25	3	26	27	66	14	54	18	9	25	5	69	20	13	44	22	45	7	14	10	46	19	12	67	70	1	34	13	57	
16	57	8	28	20	39	34	29	21	49	35	43	52	43	1	4	15	19	57	31	42	59	17	70	2	21	10	70	53	4	67	8	6	3	34	18	38	65	54	56	53	22	40	32	69	47	46	23	5	30	51	45	28	6	55	27	25	60	37	24	61	31	29	1	33	65	14	7	69	9	
61	50	34	38	21	30	13	65	51	17	34	41	69	59	45	50	14	9	39	60	23	38	18	54	36	62	59	63	61	55	7	70	32	38	27	51	66	49	54	57	4	15	36	70	20	20	67	37	26	36	24	58	14	40	51	64	23	42	58	25	20	68	12	53	27	48	39	35	28	21	
26	24	45	59	33	56	7	32	32	41	65	53	27	18	31	17	5	63	51	60	14	10	62	23	69	28	68	35	57	31	66	11	64	52	9	37	45	13	70	5	53	70	58	19	16	15	31	20	4	12	17	29	30	21	47	25	44	54	1	28	24	62	48	16	55	63	50	23	8	43	
37	55	40	20	69	65	43	39	23	56	58	42	11	14	52	67	36	24	61	32	61	12	33	36	38	11	30	15	44	34	66	8	29	46	37	41	45	19	4	59	3	60	34	13	17	25	21	57	62	5	16	46	18	59	22	49	9	49	3	63	26	67	10	48	51	44	27	29	61	28	
26	61	12	57	13	33	21	25	17	6	28	44	49	52	28	14	28	47	68	40	36	17	34	45	63	24	27	15	50	15	26	3	16	47	69	35	7	18	57	22	29	24	60	10	3	30	29	41	14	31	8	48	38	53	30	42	3	55	52	62	8	19	5	32	61	1	64	7	34	60	
38	59	24	37	8	36	4	34	5	15	55	22	1	32	70	28	70	12	21	49	14	39	6	16	67	7	26	3	11	64	70	45	50	23	21	57	68	22	29	68	35	22	30	33	51	26	58	60	48	19	49	2	54	52	14	61	56	53	9	63	40	67	54	29	31	66	11	22	18	62	
28	47	67	66	19	46	19	17	33	7	36	9	4	26	2	27	27	53	4	24	44	53	30	30	10	67	39	30	32	49	6	64	35	70	57	52	55	16	68	29	19	38	34	32	3	40	69	27	31	70	48	6	62	17	37	69	11	67	41	50	56	42	38	43	51	22	20	34	51	25	
59	5	60	32	34	61	8	30	15	24	39	2	41	41	29	1	37	37	7	3	25	3	54	61	27	33	20	45	64	64	68	62	66	67	33	40	67	46	9	11	9	58	20	47	26	45	56	2	21	6	4	42	70	55	40	38	26	63	21	31	61	43	22	10	23	61	48	16	34	65	
33	40	49	62	26	14	35	9	25	65	21	37	46	19	31	13	64	54	11	12	11	68	37	38	3	67	26	47	22	69	49	52	49	39	56	2	48	28	20	70	20	41	50	64	66	5	16	57	57	23	10	6	30	43	42	31	51	7	17	68	4	62	53	62	30	44	3	15	1	23	
22	13	68	66	16	61	1	30	57	64	50	63	67	8	48	36	51	22	54	61	17	54	64	4	55	27	42	55	37	35	3	68	60	67	62	13	69	69	40	64	65	30	54	70	47	39	42	24	58	25	22	15	20	11	28	67	49	9	49	12	59	2	18	41	67	19	5	4	21	29	
65	15	57	46	21	42	24	61	61	9	10	22	33	23	42	70	17	18	6	6	37	60	64	51	35	1	69	25	1	11	62	63	36	45	37	59	26	2	42	15	7	61	47	49	11	14	50	38	27	49	41	60	48	44	39	8	41	40	43	40	54	30	31	29	16	6	13	44	4	60	
60	20	48	32	9	69	43	63	34	67	39	14	54	24	68	32	30	35	62	70	14	55	26	54	11	37	69	28	15	12	27	1	31	2	33	46	10	1	36	41	5	18	64	59	38	58	18	6	33	22	17	44	2	50	25	21	29	22	47	39	31	3	34	4	11	65	43	19	2	40	
69	65	31	61	64	64	58	9	9	18	40	19	60	37	64	24	55	15	56	42	60	26	37	21	23	58	25	5	16	21	22	12	26	62	12	17	65	10	35	1	25	2	17	27	47	20	47	42	44	28	9	32	51	57	66	13	41	13	28	67	43	46	7	68	48	27	29	39	36	3	
37	68	4	63	20	49	22	66	30	69	30	36	24	9	32	22	31	69	33	56	6	10	43	19	1	16	43	34	52	17	21	28	11	23	35	28	12	49	37	38	39	58	13	70	7	42	20	45	50	59	18	52	67	69	70	10	12	41	40	3	63	64	40	2	25	5	39	46	43	8	
10	9	51	21	22	54	60	36	16	37	34	45	28	27	51	23	30	61	70	2	2	64	62	39	1	15	33	37	59	3	31	65	21	11	25	38	62	12	12	18	58	56	67	14	9	46	46	49	44	44	59	43	31	66	21	41	5	51	6	57	63	40	68	24	42	13	4	38	47	22	
63	20	5	69	43	11	54	16	68	25	70	55	8	40	49	39	9	43	19	11	27	20	45	28	56	19	44	50	66	70	1	68	30	12	65	11	21	58	38	28	12	33	22	27	2	62	68	17	46	19	26	10	47	6	35	27	34	3	16	29	68	31	22	36	33	37	44	64	14	7	
18	31	37	37	55	47	38	57	3	9	15	25	16	60	40	49	26	1	59	39	24	66	60	44	29	20	9	6	10	18	16	41	46	63	13	28	48	48	25	50	66	42	1	11	36	50	70	59	51	54	37	69	47	45	52	19	54	58	30	5	7	37	56	58	32	53	17	3	43	48	
64	29	24	70	48	58	47	43	56	22	36	33	30	22	66	9	34	59	8	55	60	19	20	37	4	56	24	27	68	57	11	56	28	36	53	1	23	28	60	16	61	21	62	16	39	52	34	69	38	37	63	37	65	10	1	12	6	35	33	2	19	48	67	42	8	46	53	40	25	41	
63	69	52	50	24	24	40	55	20	5	32	10	52	25	29	62	30	31	24	4	41	41	46	34	22	63	20	7	39	42	45	29	51	33	17	2	54	55	67	13	57	26	37	53	59	58	38	17	30	60	35	67	39	1	43	58	2	70	11	38	47	42	8	17	14	21	36	66	2	26	
7	68	46	36	45	34	33	8	58	59	64	14	66	42	24	34	28	23	31	36	70	9	18	5	25	29	35	62	22	21	12	38	17	67	14	60	38	43	6	24	30	10	47	37	46	69	2	1	31	39	46	40	44	61	30	15	30	65	64	13	11	16	27	49	21	41	20	57	19	33	
20	58	38	64	20	13	2	25	26	43	58	65	69	39	65	41	42	22	26	45	11	44	59	46	7	6	22	36	3	38	66	19	23	32	23	42	52	22	62	4	62	61	63	70	25	67	49	6	28	12	50	48	55	46	24	70	67	41	51	61	8	50	9	38	21	39	10	70	66	12	
67	60	62	1	70	14	9	44	30	30	54	7	6	47	50	26	56	37	5	28	37	21	5	55	55	23	31	69	33	6	4	27	6	61	36	3	14	38	44	43	68	37	57	12	11	32	45	64	10	48	34	49	4	35	24	59	66	46	52	40	57	63	65	8	66	24	2	17	70	13	
67	3	20	51	10	41	22	50	44	40	35	4	11	38	34	44	32	39	25	23	62	22	14	56	21	4	15	24	30	13	16	25	12	45	5	31	13	35	8	55	2	43	55	28	16	33	63	46	64	16	67	54	49	18	45	65	36	56	26	59	6	38	37	15	11	23	55	33	68	61	
15	66	40	9	15	67	36	17	37	38	42	42	19	16	57	2	9	28	55	43	18	1	21	47	26	41	68	8	1	5	66	30	68	47	44	21	39	6	35	20	53	7	53	69	23	50	10	36	17	11	7	50	3	25	16	29	5	24	30	14	24	51	38	31	20	12	49	56	25	22	
8	5	13	2	14	40	60	20	3	4	22	11	43	22	42	68	58	43	24	15	56	45	47	25	66	64	46	41	60	62	61	63	65	70	7	16	37	60	34	49	63	65	69	44	27	48	39	12	17	55	23	12	32	8	30	37	17	10	18	70	1	5	3	6	19	69	21	47	9	27	
36	2	52	29	41	18	61	19	27	16	13	57	25	53	63	65	17	17	2	33	20	10	48	27	24	55	23	36	42	31	34	4	28	26	30	9	40	30	24	5	55	35	60	21	14	62	15	39	3	23	11	22	42	54	44	62	33	6	37	16	45	69	15	7	21	56	8	58	11	32	
61	6	70	60	23	23	49	32	59	61	64	8	18	33	56	69	35	30	13	68	38	57	64	50	54	24	45	9	9	53	36	9	67	34	10	17	1	62	58	64	55	51	2	69	24	63	65	65	7	14	61	4	5	64	32	52	15	3	66	21	3	24	41	59	12	45	16	60	39	11	
66	20	61	60	17	22	51	26	13	56	43	1	38	33	64	9	25	4	22	14	35	26	36	14	30	39	68	40	27	46	48	16	63	35	15	19	53	64	49	63	59	10	6	42	41	5	54	4	23	3	20	63	45	56	16	67	21	12	36	58	55	11	24	57	60	28	18	47	27	1	
40	14	9	52	58	59	65	40	62	11	53	13	13	20	66	29	17	26	47	62	10	42	2	31	25	66	54	49	40	19	48	17	29	55	65	15	41	69	64	44	20	45	52	34	58	56	3	16	22	43	5	30	8	14	57	42	7	49	21	43	67	64	60	33	58	68	57	48	63	50	
7	7	19	56	44	5	40	37	16	48	4	17	20	22	43	3	8	43	49	34	26	51	34	24	12	20	11	66	61	8	41	60	25	57	58	63	1	36	40	27	13	53	52	24	15	19	35	14	59	20	42	24	68	9	50	14	32	64	28	30	69	54	27	38	47	10	33	44	44	69	
9	62	62	58	25	3	10	68	14	3	16	65	31	10	7	65	29	38	56	46	3	65	23	27	21	8	46	51	62	28	59	69	29	48	54	63	49	55	59	1	56	70	63	20	21	1	11	53	44	66	26	52	68	60	11	18	64	54	12	65	13	63	61	35	51	55	37	26	36	24	
25	30	32	27	58	60	34	67	40	8	1	5	59	66	61	6	22	64	63	26	57	9	28	55	58	68	36	18	34	16	37	64	52	8	31	39	65	70	42	33	7	44	41	5	45	34	4	65	29	69	19	20	7	44	15	55	48	47	70	23	67	50	21	45	53	49	20	51	48	2	
13	55	39	44	57	10	17	65	18	51	60	30	68	62	14	10	59	59	66	65	16	4	38	35	45	31	11	11	69	59	8	21	41	37	5	43	44	20	29	58	70	16	25	5	17	49	24	3	33	18	64	58	34	47	20	22	1	48	15	7	27	14	23	9	48	36	40	31	53	66	
26	48	9	65	50	36	39	15	33	10	41	35	63	68	3	30	9	8	59	22	8	13	44	40	31	31	4	64	1	66	69	25	52	17	24	41	51	56	52	11	6	20	43	63	18	54	24	33	58	16	63	7	31	34	53	55	12	65	58	3	60	70	37	37	26	58	9	59	54	55	
11	64	14	60	56	38	53	7	69	38	26	59	57	54	33	32	48	34	27	45	39	21	40	68	55	46	66	10	42	47	62	59	42	3	60	36	43	41	51	61	15	4	33	65	67	63	25	42	32	58	21	70	6	61	2	1	33	5	8	17	55	7	13	22	10	8	66	63	37	66	
32	49	69	67	38	63	65	2	45	29	3	68	25	4	55	31	11	27	24	18	40	23	24	57	50	34	47	42	17	7	39	58	63	41	60	30	35	65	44	6	21	35	12	55	46	8	22	54	30	56	10	9	70	32	56	48	10	51	20	28	62	49	15	48	24	14	11	53	5	52	
58	23	14	7	18	57	11	37	52	38	24	58	56	17	29	42	61	40	20	15	65	3	4	17	48	22	27	67	15	44	41	10	62	53	19	19	59	25	53	28	69	12	26	54	27	55	30	27	34	46	60	21	63	64	36	34	14	2	35	26	41	6	33	45	64	9	58	68	7	51	
6	10	63	40	53	26	29	22	62	58	66	40	4	55	36	49	38	55	50	57	21	30	69	62	68	3	48	65	56	63	54	68	1	53	47	64	6	3	5	7	56	11	57	2	8	16	46	35	13	34	32	27	60	28	28	20	40	4	1	32	62	59	39	70	37	13	60	49	31	61	
53	21	10	39	18	20	62	3	54	69	47	12	35	46	49	61	41	32	60	51	58	67	31	36	54	5	58	40	55	22	42	43	40	65	7	66	8	9	68	63	16	42	68	37	28	55	37	7	11	25	56	8	29	26	48	23	27	26	57	15	49	36	45	13	24	64	8	30	65	4	
14	9	58	20	61	8	15	27	19	23	54	16	28	7	38	9	39	56	44	7	69	17	49	52	32	61	40	33	29	45	45	42	50	43	70	33	46	11	53	65	43	34	17	22	37	41	16	4	24	62	3	35	14	59	12	39	54	50	11	10	31	1	59	18	36	57	51	13	6	30	
17	46	1	30	65	48	65	10	43	28	6	44	70	17	39	8	66	16	67	16	29	24	9	12	42	49	63	21	2	8	47	27	69	57	51	68	31	59	61	2	25	6	56	18	31	18	36	26	31	32	39	64	1	57	4	33	45	14	50	42	15	24	11	68	13	56	52	54	38	51	
48	11	66	42	27	14	57	60	49	28	17	18	21	5	12	34	34	58	29	23	45	34	61	41	41	9	25	30	51	8	20	40	7	15	8	44	56	5	22	19	31	47	39	63	61	64	14	36	55	40	68	17	13	39	55	69	46	19	32	26	23	52	59	50	3	6	59	67	5	14	
68	44	53	38	29	43	26	40	2	19	19	67	33	41	51	27	44	2	45	62	31	61	38	32	34	50	28	12	14	29	33	14	8	20	63	39	70	27	6	69	42	35	7	3	5	35	52	32	47	10	36	11	9	9	49	32	57	66	41	18	19	13	20	28	35	9	65	22	54	16	
30	16	42	33	13	44	7	51	13	50	2	42	53	4	54	18	43	36	8	19	38	37	22	67	4	56	15	13	4	58	14	47	68	66	8	11	47	7	69	57	1	62	39	46	6	26	5	52	67	24	59	55	66	17	59	28	69	68	25	12	48	25	57	60	29	15	61	3	10	65	
70	4	59	48	62	70	12	70	35	7	18	32	61	29	46	43	29	57	30	39	63	14	3	54	60	42	49	51	45	65	44	51	9	38	26	53	36	37	61	8	53	6	46	41	40	21	6	66	2	43	47	4	56	43	58	46	13	40	24	64	33	10	42	39	50	8	19	16	55	31	
21	34	21	68	14	62	27	28	60	26	69	39	38	50	13	20	45	22	1	5	30	31	3	7	65	59	12	22	10	9	37	44	36	69	46	48	63	68	14	51	32	1	10	67	60	19	29	35	52	33	38	8	66	58	6	2	37	36	16	47	29	65	16	5	70	11	62	4	62	64	
37	22	7	55	28	3	16	52	35	60	8	5	64	5	53	4	1	10	41	13	66	67	25	15	14	11	13	70	67	69	63	44	18	3	29	43	3	39	23	35	22	36	37	24	42	22	33	43	41	26	57	32	11	69	56	16	20	63	31	14	70	26	2	17	26	27	58	32	59	6	
1	13	64	48	46	16	9	4	48	47	14	34	36	30	41	5	44	60	3	67	10	69	20	6	2	43	21	68	12	20	9	23	37	7	7	13	4	17	5	62	8	19	33	14	44	2	24	28	70	25	22	18	23	65	6	24	31	38	29	51	66	32	67	40	41	1	35	30	11	49	
19	12	4	53	30	44	48	51	70	54	3	26	55	43	4	7	60	42	57	13	22	46	50	13	5	69	34	38	22	32	14	49	47	27	28	6	9	12	65	4	62	7	29	52	40	44	55	35	8	35	45	24	2	23	51	3	33	67	50	61	38	14	36	24	40	58	26	25	66	37	
37	17	36	4	40	2	41	31	46	44	48	19	9	58	51	64	58	5	58	37	59	35	39	20	57	4	6	22	25	10	49	2	13	22	11	30	33	40	50	12	23	52	23	40	30	1	34	8	14	28	53	70	61	28	54	57	38	44	22	64	51	64	63	62	13	67	26	45	42	70	
50	3	33	10	47	64	8	11	10	32	36	3	41	44	26	68	20	65	40	23	61	29	14	58	10	30	59	39	7	36	28	53	28	1	59	12	61	8	15	10	37	48	9	4	13	31	10	42	35	63	60	17	14	16	2	35	35	62	55	41	25	18	31	66	22	17	68	15	45	34	
23	18	68	41	7	18	20	14	63	42	11	58	65	22	67	15	53	40	2	48	18	32	56	46	37	10	3	29	24	33	46	53	43	53	34	53	13	40	16	21	17	14	58	9	45	66	19	26	36	8	69	46	50	49	31	68	59	43	33	17	22	12	25	61	63	51	41	27	18	60	
16	36	15	1	39	45	63	48	5	33	62	67	17	49	55	46	45	50	27	1	64	40	9	14	28	12	61	16	21	26	50	35	53	58	44	32	44	47	17	54	4	23	51	17	61	15	6	55	62	27	42	13	63	67	18	18	69	19	24	34	45	20	1	25	68	42	70	52	29	6	
24	28	21	43	54	21	64	53	4	63	18	46	2	20	20	16	47	33	42	69	52	12	27	59	44	35	50	33	70	56	38	5	22	68	61	7	27	51	66	23	60	11	65	55	48	34	70	15	45	37	25	36	57	41	23	30	26	52	67	8	58	39	32	66	49	8	3	66	12	18	
