33	3	33	20	8	27	59	67	53	25	21	35	53	12	14	48	7	18	38	26	40	51	3	15	31	18	61	62	26	52	35	9	22	24	10	19	61	11	25	41	30	43	15	23	65	39	10	69	54	46	35	28	24	36	45	52	63	45	55	27	37	16	46	56	50	65	17	38	1	37	
18	40	7	43	60	11	9	68	20	2	41	52	32	62	26	4	54	16	47	35	52	22	48	25	5	27	18	17	3	19	63	18	65	9	70	53	21	6	61	35	8	28	29	34	29	64	49	10	16	36	42	66	55	18	23	56	57	45	12	58	70	13	14	63	15	24	59	37	30	44	
9	23	67	44	66	35	33	41	43	46	14	12	51	65	39	67	60	31	51	11	10	49	10	28	51	29	45	33	2	61	14	8	23	20	62	28	52	22	9	24	7	20	47	56	13	22	63	69	50	40	7	69	28	26	24	18	63	6	60	4	64	1	21	27	30	10	53	10	32	58	
41	46	5	24	29	27	44	30	35	33	9	52	42	47	17	6	62	19	10	62	20	70	2	39	25	30	48	15	49	15	1	18	58	14	39	26	38	22	53	13	64	3	62	36	45	7	36	50	23	42	51	40	52	54	21	14	16	62	27	62	22	35	8	13	55	56	48	28	16	31	
46	7	38	35	38	12	51	1	67	1	52	42	50	30	28	8	54	43	67	9	31	22	53	47	32	39	29	7	4	44	44	45	59	21	11	24	29	55	34	35	65	13	5	55	54	30	60	33	11	66	50	41	15	29	14	57	6	56	2	10	34	48	46	20	3	63	58	36	61	14	
4	50	36	18	44	27	57	31	70	65	36	59	31	48	27	54	43	30	34	42	31	66	24	17	12	24	7	63	63	62	15	65	51	48	22	33	14	6	64	11	68	36	67	38	11	21	20	63	60	52	32	19	55	69	33	1	29	49	65	23	53	8	25	27	2	54	3	17	58	61	
26	64	21	32	30	42	63	47	44	50	25	16	8	7	8	38	10	46	26	14	65	3	30	27	39	22	19	35	36	3	33	70	65	66	42	23	32	34	8	15	21	45	28	27	58	34	62	67	7	29	18	9	31	48	49	64	68	60	37	37	2	68	51	6	58	40	25	41	57	42	
41	5	11	67	29	66	40	31	1	56	56	15	5	23	57	58	26	59	60	61	36	56	62	22	60	41	47	24	67	31	64	48	45	16	42	14	8	21	54	5	4	49	30	6	69	17	3	22	13	57	10	46	41	65	65	43	44	39	3	51	9	7	26	63	18	68	12	35	25	70	
49	26	43	6	42	39	30	44	70	40	27	8	13	7	11	17	56	52	53	56	45	1	2	65	61	17	69	5	62	21	69	37	45	41	41	28	18	68	65	29	35	31	33	57	47	53	2	32	46	63	26	14	64	25	7	61	51	3	9	39	34	2	15	5	54	53	48	8	60	45	
33	34	15	5	30	60	67	28	29	39	18	52	62	19	16	7	19	64	7	21	42	50	20	55	64	10	47	32	28	47	4	58	8	16	3	36	15	69	6	42	33	31	22	34	59	35	39	9	38	55	23	20	37	52	2	24	2	46	53	27	20	66	12	40	21	13	13	43	19	14	
3	49	53	33	23	39	7	59	40	43	41	2	60	1	52	1	22	51	56	14	5	16	7	26	54	37	50	3	68	64	25	10	40	6	41	60	55	45	58	21	27	29	21	28	37	12	36	56	61	20	9	4	33	30	27	31	62	2	35	55	63	57	62	44	8	42	46	65	15	32	
14	51	64	32	17	28	53	50	23	40	67	29	53	39	51	9	1	37	19	45	19	10	30	21	61	31	60	33	22	14	68	33	63	59	4	7	14	54	66	46	33	5	2	13	40	50	32	52	26	45	24	55	65	61	3	52	34	8	22	49	14	35	27	16	27	25	32	56	15	36	
23	45	25	22	67	4	11	35	51	36	20	12	17	11	1	29	2	28	28	34	6	39	60	34	52	15	53	23	63	65	46	13	49	68	44	55	69	53	30	59	16	46	70	41	66	3	67	5	34	24	39	47	59	27	8	50	50	58	7	54	62	56	4	57	61	45	64	60	26	70	
46	52	44	54	17	37	60	11	42	21	31	20	65	29	56	70	18	33	67	28	24	56	12	30	45	2	68	16	1	32	14	56	9	67	38	35	43	25	44	26	44	15	42	48	40	27	46	67	69	41	34	19	36	43	47	8	55	49	22	52	10	45	39	26	40	17	61	13	49	50	
31	18	65	1	6	44	35	49	38	30	28	70	47	61	41	16	67	22	4	28	14	21	70	48	45	36	69	43	54	43	24	15	59	17	23	62	57	67	50	34	25	7	32	69	64	70	26	2	31	37	25	42	56	29	28	27	67	33	9	52	65	45	3	66	55	39	64	51	27	53	
13	61	67	42	57	70	51	20	67	22	66	31	3	48	50	28	15	44	62	23	32	66	63	29	68	55	1	1	34	25	51	56	14	45	25	9	43	16	38	49	33	33	8	33	6	67	1	30	52	2	53	10	65	58	48	60	43	47	4	5	69	48	7	20	35	21	39	2	46	3	
61	18	45	66	48	47	62	58	16	38	57	62	46	63	50	33	60	21	6	57	34	14	32	31	31	64	61	67	3	49	9	61	68	50	69	48	36	54	35	49	37	30	51	17	19	28	52	6	59	49	65	32	60	32	70	31	39	60	25	46	40	41	53	42	20	40	10	54	22	55	
42	53	9	20	62	37	45	47	41	43	24	43	2	11	70	1	51	31	3	4	16	43	44	59	6	61	26	21	55	56	70	23	33	19	40	34	54	27	9	22	6	46	1	5	62	69	15	47	39	13	41	52	66	28	38	65	25	7	14	18	57	23	48	17	39	20	61	32	50	9	
62	66	48	61	68	38	69	23	5	35	45	56	26	37	19	3	41	42	4	64	68	59	15	33	15	63	59	4	22	50	21	12	42	67	12	49	43	8	70	57	52	41	53	5	17	69	6	56	51	19	47	45	7	1	17	20	62	16	30	23	65	54	44	31	58	55	9	36	2	18	
20	37	66	12	51	11	21	66	6	66	13	50	50	14	61	7	28	62	22	67	15	9	43	54	49	36	46	65	69	44	8	28	23	14	39	69	34	66	63	37	60	16	26	52	24	18	53	64	3	17	56	25	18	38	19	6	1	61	70	11	32	16	35	50	27	11	68	58	4	59	
34	3	69	58	50	32	11	42	20	12	52	17	35	9	50	49	25	60	49	22	66	21	46	28	70	1	36	65	5	37	51	30	52	61	27	29	19	38	8	39	56	69	48	29	18	37	7	40	25	64	58	31	13	43	55	21	41	44	11	49	14	2	18	54	57	45	20	2	6	37	
46	58	34	33	14	49	68	29	28	32	33	25	59	41	65	54	69	34	23	19	22	40	17	37	20	13	6	50	12	19	16	55	16	57	28	42	45	35	8	70	64	38	22	62	17	15	55	26	63	18	43	6	54	67	52	14	7	67	60	21	26	24	10	39	67	47	18	53	9	46	
48	70	11	9	2	25	21	66	59	17	11	27	33	63	21	12	4	26	7	3	50	42	14	70	8	20	44	36	69	63	68	57	60	7	64	1	41	23	65	28	38	18	68	10	5	29	19	18	62	35	19	37	4	45	46	22	1	30	54	9	24	62	67	19	69	65	31	46	16	21	
13	62	46	5	69	48	27	26	6	13	70	34	59	15	3	44	43	1	13	37	20	41	26	10	57	31	2	14	6	28	45	15	16	18	29	21	5	65	56	8	5	53	51	4	5	51	45	49	61	67	11	12	38	45	30	20	9	26	43	17	61	31	40	7	59	19	33	68	70	20	
15	3	10	62	16	12	41	70	55	41	65	4	58	28	46	13	45	58	36	28	17	37	52	51	49	44	56	9	39	54	23	50	66	30	40	22	39	19	18	33	69	10	34	55	35	19	67	8	5	40	48	14	6	40	4	53	11	1	57	55	59	19	38	56	60	12	4	42	43	21	
66	54	27	39	31	1	55	23	7	68	2	60	10	4	23	11	63	40	20	59	22	69	18	64	65	3	15	6	37	53	35	42	29	1	9	69	70	61	31	16	69	32	12	8	43	36	26	46	2	44	32	21	51	47	13	54	67	37	58	24	29	33	5	62	29	14	19	26	12	22	
38	8	49	49	24	31	11	60	4	10	41	36	41	20	20	63	13	7	27	9	43	54	38	44	48	64	51	39	29	2	57	6	19	46	53	40	4	62	25	5	11	63	50	49	22	66	42	34	12	65	45	50	58	16	32	33	19	23	68	58	26	64	61	38	37	41	18	50	47	39	
52	50	41	28	26	3	34	4	32	42	6	10	31	60	35	2	19	52	24	27	37	53	21	37	18	65	6	44	40	57	22	32	36	61	1	69	61	29	12	32	13	17	52	51	2	14	50	30	7	69	54	39	61	11	4	9	15	19	62	55	15	20	9	58	68	5	54	70	45	8	
27	63	17	18	40	29	30	32	56	32	38	49	11	27	68	24	43	8	52	30	54	64	37	2	49	45	16	42	39	58	44	7	46	60	21	25	14	66	52	10	20	18	57	31	48	63	61	12	67	43	39	61	33	4	62	19	57	5	58	26	70	29	41	42	28	69	65	38	59	44	
57	4	1	52	41	40	42	29	49	37	66	28	24	36	41	25	53	25	26	37	58	21	5	24	3	28	21	65	7	5	48	1	18	47	50	56	27	19	29	3	66	34	40	30	62	8	49	54	42	6	29	32	32	44	49	35	69	9	38	13	23	39	11	43	9	59	33	33	17	60	
45	9	10	13	35	11	29	24	3	68	34	29	23	63	69	12	36	10	18	12	17	43	41	38	4	48	35	37	8	51	28	52	68	39	1	44	56	30	67	58	22	24	25	43	26	34	54	69	40	11	5	64	46	43	42	59	18	14	33	35	66	58	16	57	47	15	49	17	46	57	
13	67	62	47	36	15	8	27	11	55	35	26	58	18	66	30	16	23	38	46	56	27	45	7	23	4	28	59	30	70	15	53	64	4	31	38	28	32	4	37	26	39	58	12	61	63	48	6	13	14	47	13	36	33	11	68	40	47	65	1	44	69	49	50	11	2	11	52	51	12	
24	9	55	21	18	56	11	5	57	33	15	44	52	58	1	10	53	41	45	35	38	17	42	14	1	62	25	8	43	8	29	70	20	26	19	41	7	27	46	3	70	64	44	47	49	54	44	48	22	28	16	69	53	68	11	50	59	50	67	32	50	27	30	3	63	58	51	61	24	12	
63	21	1	45	7	59	38	61	27	58	16	52	66	65	47	16	55	29	58	49	1	47	13	40	47	67	25	18	66	46	34	68	7	44	50	11	30	17	69	66	14	24	60	6	31	31	22	10	70	4	56	15	60	8	47	36	12	69	64	5	54	19	11	65	5	62	9	39	20	23	
35	23	39	20	27	7	60	55	14	57	69	11	64	56	29	50	30	36	58	15	38	44	44	60	37	43	49	43	13	54	70	56	17	48	16	53	53	2	35	6	69	47	12	3	39	38	51	66	11	42	8	59	18	62	54	49	32	28	31	61	8	40	45	34	15	52	21	64	63	59	
67	55	29	19	67	65	64	44	2	1	18	6	57	42	6	31	18	47	52	58	27	4	26	60	43	50	47	54	44	48	40	49	28	9	5	37	13	8	7	12	10	33	35	11	3	29	39	29	8	30	26	33	39	63	28	14	39	15	60	20	60	40	17	25	62	9	56	69	18	16	
18	30	31	41	43	30	10	8	68	11	47	21	48	13	12	15	20	46	39	19	7	23	68	9	45	66	17	41	14	39	42	18	24	9	2	46	36	5	63	44	25	40	61	13	50	16	25	18	53	61	35	67	26	30	4	69	36	28	49	33	6	22	48	19	18	51	54	63	58	45	
36	11	22	34	21	67	41	56	13	34	58	45	28	7	2	29	12	48	66	57	6	5	7	63	9	23	46	70	25	33	54	69	40	3	29	4	10	1	68	20	41	47	64	14	51	4	35	3	47	27	68	50	23	6	52	39	22	26	48	59	55	30	52	34	31	8	43	49	19	34	
67	56	9	57	45	69	70	18	11	44	42	6	34	5	6	14	52	37	37	27	21	30	66	70	62	36	20	31	12	29	4	11	8	10	7	62	22	70	19	27	53	1	31	15	13	46	36	63	10	12	28	41	39	23	40	26	58	65	3	64	21	67	10	38	17	21	41	45	24	68	
11	11	52	51	34	62	24	67	63	32	5	18	70	52	37	47	17	32	51	10	35	11	16	42	46	49	2	25	26	18	19	35	38	67	13	2	68	48	5	60	18	20	21	27	1	65	4	14	28	50	31	3	70	56	46	44	26	53	7	66	7	23	29	37	33	54	45	40	20	64	
37	35	63	47	59	70	49	69	9	14	58	38	1	57	21	45	39	56	16	43	44	18	5	8	62	46	52	35	10	11	12	40	53	13	26	39	15	14	47	16	21	45	62	18	28	22	1	7	5	31	58	47	41	3	51	29	48	40	5	61	50	9	32	55	30	64	16	60	23	60	
62	32	32	63	59	2	13	57	14	15	12	70	4	59	5	61	27	41	40	27	29	25	47	65	60	3	67	3	49	9	61	51	51	33	41	39	41	64	36	52	17	54	49	16	52	58	18	7	41	54	44	6	6	19	11	66	29	10	69	7	23	65	65	1	38	45	50	4	35	24	
65	49	2	55	4	63	39	18	69	17	1	40	20	2	64	28	5	24	42	68	34	6	70	32	15	47	68	60	58	42	26	51	30	19	33	41	11	10	47	17	36	43	66	54	56	66	21	57	14	3	63	43	8	2	9	17	45	15	18	30	67	34	22	24	7	61	62	12	11	27	
39	44	9	29	25	2	36	62	58	45	56	58	27	64	58	42	14	30	55	28	69	48	2	18	69	68	22	61	13	26	30	47	67	34	14	31	33	44	15	28	28	70	14	49	52	1	29	65	38	16	37	46	2	32	5	7	35	17	66	41	39	21	28	46	63	43	4	23	38	15	
60	46	12	1	33	61	9	63	62	56	10	22	42	6	67	41	10	20	67	16	69	46	34	24	19	23	3	19	56	23	32	42	11	51	54	38	49	4	37	40	55	43	69	36	68	68	17	8	15	11	21	18	54	64	44	11	26	44	28	6	1	70	58	13	48	50	58	25	48	29	
1	42	4	10	5	2	6	31	8	28	39	36	49	32	26	20	40	61	63	7	9	65	15	62	3	11	49	2	22	36	20	33	6	35	39	27	32	41	48	48	67	26	24	43	67	59	12	51	45	60	51	53	68	6	50	13	4	22	4	37	56	33	66	1	14	31	30	47	21	19	
22	16	41	46	67	36	31	65	10	14	53	1	58	54	15	32	57	17	51	70	61	46	33	53	44	34	23	7	9	43	37	38	62	67	24	52	42	59	44	63	70	35	1	58	29	25	15	13	51	5	26	40	49	66	32	40	27	67	45	38	39	3	15	41	6	33	28	57	48	5	
46	29	37	56	28	4	12	48	26	59	63	46	25	39	36	65	10	66	57	51	43	20	61	58	60	69	28	10	47	57	11	32	25	62	27	60	59	33	39	14	31	24	55	61	2	29	64	10	24	38	70	68	67	56	1	55	3	12	6	34	8	70	4	42	9	27	28	5	68	7	
64	24	35	56	12	41	13	6	54	44	43	51	46	49	46	34	29	31	59	30	60	56	39	2	38	32	27	63	15	22	4	14	55	36	66	64	16	18	9	61	60	48	52	33	33	26	65	62	53	53	29	57	45	70	58	10	24	19	11	46	49	17	63	37	58	67	23	1	7	28	
54	63	14	48	35	57	66	34	44	60	11	13	39	53	4	30	3	38	57	17	10	33	32	67	61	18	50	23	21	66	61	14	56	14	58	20	68	63	50	51	47	1	65	25	55	61	59	62	27	49	1	44	10	41	34	70	2	24	32	15	16	18	28	12	42	22	40	36	11	29	
26	57	27	14	9	18	13	2	12	47	46	16	19	53	54	62	60	63	13	31	3	38	58	41	50	25	59	14	70	66	52	24	59	7	33	64	35	55	4	38	29	51	64	45	37	60	34	39	45	48	64	49	21	48	26	65	17	8	20	9	15	10	29	11	13	1	14	67	53	30	
40	10	68	25	52	32	14	25	15	51	8	69	35	26	56	55	31	65	2	57	4	24	64	39	33	16	37	45	70	30	65	34	39	63	67	27	32	3	49	38	62	55	46	36	9	29	41	48	35	30	36	44	70	42	27	23	37	57	4	47	14	5	18	59	66	8	13	25	12	59	
60	12	53	49	41	64	15	3	34	56	40	5	29	31	30	48	61	2	44	6	57	67	10	70	65	7	5	11	27	20	13	25	37	54	67	17	52	24	13	32	3	60	41	35	16	68	15	19	4	69	22	1	5	39	67	28	38	18	21	62	42	13	23	4	26	33	36	8	46	43	
32	46	40	69	13	53	1	37	8	3	44	34	12	46	67	5	53	45	25	62	41	5	19	62	21	17	30	46	24	3	18	54	58	52	51	10	47	49	55	60	61	16	36	69	4	28	14	51	68	36	50	49	42	51	39	53	8	65	48	29	8	63	10	64	38	70	13	20	56	65	
21	47	9	53	41	8	18	52	17	26	27	48	2	10	31	51	66	43	41	32	70	58	20	19	61	5	16	1	27	59	52	44	34	1	35	12	18	67	3	23	15	42	58	29	46	24	9	55	64	54	17	7	40	49	20	25	40	36	23	6	33	28	60	4	39	20	14	40	27	13	
62	33	61	60	55	41	16	65	18	14	48	30	15	9	13	44	44	50	16	8	66	45	22	52	47	40	12	68	19	34	20	8	1	11	65	65	46	15	59	68	39	29	37	51	53	45	38	18	36	47	25	28	23	48	24	4	28	41	10	55	3	14	60	9	31	66	70	6	7	67	
69	43	24	31	33	68	16	7	25	48	51	55	3	16	42	19	11	66	61	19	49	63	42	50	10	70	40	8	17	56	2	20	39	37	49	13	44	9	15	18	37	6	1	53	12	30	8	35	35	15	60	22	6	34	67	14	33	46	36	38	42	32	56	20	21	44	47	45	39	64	
61	13	8	48	70	30	17	3	60	61	4	58	14	8	18	17	21	53	5	63	28	53	29	11	12	33	52	51	14	24	53	3	43	59	68	39	20	4	40	19	1	53	6	12	7	11	27	28	65	37	15	16	22	39	36	32	67	31	16	25	12	67	26	35	56	23	67	7	34	47	
19	23	26	15	32	22	34	9	59	23	31	3	47	50	37	27	13	49	58	29	60	47	32	20	7	12	38	13	18	67	53	44	21	25	55	58	48	28	52	34	51	11	32	37	66	10	66	16	56	57	42	54	22	14	6	22	42	40	41	61	68	36	32	61	45	14	60	34	39	39	
6	27	46	36	56	52	54	51	19	39	37	48	16	55	59	35	23	21	8	55	11	57	25	38	53	68	62	39	41	27	5	43	50	60	17	46	58	66	33	45	32	66	31	60	63	7	10	5	42	16	69	48	1	22	20	61	29	12	23	67	44	38	46	34	44	65	7	14	64	49	
56	26	54	16	20	42	32	27	61	66	55	53	36	57	22	65	42	57	70	65	33	42	38	12	3	6	68	19	12	68	7	7	31	58	21	45	28	50	70	25	56	52	61	21	33	2	12	15	1	23	15	24	2	51	29	3	49	37	34	69	41	34	9	67	20	35	36	59	11	48	
68	65	34	70	22	6	6	43	17	53	4	32	15	3	6	56	15	67	17	42	2	7	16	4	55	51	54	34	30	52	10	35	55	49	28	17	50	41	1	64	40	70	38	46	8	48	29	25	39	58	12	37	57	19	59	50	5	20	8	31	11	26	60	14	13	25	24	53	33	28	
45	48	28	17	32	43	65	64	66	28	49	61	5	33	20	67	8	20	21	25	59	42	55	58	51	47	24	4	42	27	29	16	69	52	30	32	15	31	23	12	54	9	1	68	49	34	68	70	57	16	38	35	62	13	18	41	69	52	40	35	4	67	1	8	10	26	63	15	44	11	
43	24	30	32	37	1	2	24	21	49	50	34	18	44	44	46	11	54	22	60	2	26	67	56	37	8	3	12	4	45	27	35	7	53	7	47	51	5	10	55	60	57	23	18	41	63	68	60	31	22	47	34	51	59	24	15	52	36	39	48	8	58	19	24	30	36	67	16	38	4	
5	38	69	23	53	45	13	54	23	62	2	14	22	50	60	43	6	34	9	35	18	24	27	31	58	57	64	52	11	41	65	17	17	4	32	9	59	56	58	30	42	69	18	55	67	13	37	61	45	39	40	57	3	62	28	57	46	35	48	63	19	52	68	25	70	33	44	40	29	29	
49	59	32	64	37	23	19	10	24	63	54	56	53	66	57	18	44	35	43	33	25	52	28	34	3	14	69	46	51	10	3	27	70	34	20	48	67	36	41	17	44	26	13	14	15	67	30	66	37	8	24	58	69	50	31	11	53	21	56	31	45	60	2	47	22	16	26	29	62	1	
44	12	33	52	38	34	46	58	39	22	7	62	19	70	43	40	24	35	69	68	8	48	56	70	22	17	31	39	45	35	38	19	41	1	60	3	45	47	1	36	64	4	11	18	13	50	5	37	24	59	49	39	32	20	48	63	53	67	42	16	25	15	24	68	13	28	64	55	8	66	
70	69	4	2	19	26	61	12	53	27	3	18	63	44	48	36	30	25	42	13	45	68	19	16	67	30	41	58	24	55	59	27	54	2	34	1	29	27	17	7	5	29	39	49	10	8	24	39	43	5	46	23	8	60	33	2	31	11	69	53	51	55	6	44	64	41	57	8	8	68	
23	68	42	54	54	33	1	16	22	48	19	41	67	24	40	34	35	69	46	36	62	29	31	59	2	20	39	52	38	43	60	59	47	23	50	30	63	70	40	65	47	55	43	61	20	11	28	1	17	7	20	5	34	55	10	45	2	48	26	48	13	25	50	51	49	37	27	44	52	56	
25	1	50	65	61	6	20	14	65	29	17	24	25	51	7	21	16	27	65	38	6	2	68	49	59	35	9	22	16	40	31	28	46	55	36	32	3	57	43	62	12	58	24	44	31	41	3	45	55	70	19	8	3	10	53	70	54	64	13	56	46	16	33	4	11	65	52	4	47	26	
