1	70	52	68	18	67	23	6	38	59	35	11	25	60	55	12	24	66	34	30	13	49	33	14	14	57	33	69	10	3	59	58	15	43	15	16	37	36	29	3	22	61	23	44	60	5	66	17	10	27	51	20	15	26	31	26	7	61	28	27	4	21	24	19	61	39	39	32	12	8	
38	43	7	58	15	65	2	20	15	21	56	63	38	69	13	8	34	30	9	66	66	10	27	29	35	16	5	1	50	14	6	15	55	21	12	9	17	23	38	39	41	21	28	18	31	51	24	3	22	42	66	19	49	20	52	11	45	54	25	26	7	32	47	4	53	68	33	64	36	57	
29	57	15	66	15	41	56	36	42	3	5	47	26	63	6	4	1	60	55	19	22	1	51	66	70	31	61	16	34	19	68	2	7	10	67	17	60	49	62	41	64	8	15	14	65	30	15	9	30	11	21	49	12	13	42	18	51	43	18	20	59	13	23	2	32	17	27	20	24	15	
58	65	29	12	19	21	51	31	35	8	37	65	54	42	3	35	44	51	5	2	3	4	24	25	2	55	39	26	1	56	50	68	58	18	7	4	48	55	45	10	61	8	6	42	60	2	17	43	62	19	46	63	31	9	15	42	57	63	66	67	57	59	62	47	11	69	55	70	60	27	
63	48	44	62	30	31	3	44	13	4	2	65	64	42	68	18	11	52	9	15	46	5	66	47	45	4	40	39	69	39	67	59	16	45	60	54	6	61	37	26	61	49	19	70	17	14	10	25	4	28	37	50	32	42	33	20	55	12	50	51	53	56	38	2	24	36	57	41	23	21	
59	23	4	4	27	18	14	47	40	15	14	16	1	54	55	43	65	37	52	54	28	28	44	61	27	66	24	8	41	57	34	27	19	36	29	55	63	52	30	43	7	53	56	17	34	39	58	38	20	45	31	40	5	2	40	32	7	6	46	45	69	19	70	21	64	37	68	55	33	36	
25	33	16	20	59	59	68	44	24	11	21	52	60	22	53	39	48	56	40	34	28	37	50	36	61	53	1	68	35	27	44	69	69	70	17	55	57	12	39	7	32	57	58	31	6	48	2	64	43	47	24	10	23	13	45	24	65	53	19	38	7	3	47	15	69	62	68	54	12	41	
68	54	30	64	12	33	39	19	36	21	65	70	28	26	10	69	47	13	49	6	50	66	5	23	8	14	23	15	62	44	58	1	25	15	61	48	58	40	63	21	58	67	18	14	20	38	10	2	48	3	9	36	4	16	7	17	22	31	21	24	11	27	34	37	35	29	32	42	59	43	
35	44	18	62	67	47	27	16	51	17	11	57	60	12	8	56	18	40	25	48	3	36	64	33	12	23	63	31	36	49	53	10	32	13	12	26	68	36	39	45	60	59	42	50	68	61	43	25	28	7	13	38	41	4	68	52	36	62	9	12	54	1	31	20	9	46	41	15	16	19	
58	3	17	39	60	25	25	42	59	49	47	69	27	15	13	22	4	46	20	9	67	64	19	26	10	37	63	61	51	6	17	35	19	44	13	6	65	38	46	52	23	32	60	48	45	70	8	57	56	25	5	50	28	22	16	46	58	6	50	33	21	70	7	37	40	29	53	45	62	38	
36	24	9	23	10	62	33	15	46	28	49	48	17	4	67	30	59	63	45	42	23	65	39	40	40	19	66	32	61	67	11	24	20	15	56	27	4	29	51	47	53	27	22	10	41	29	37	39	21	25	12	52	11	57	34	60	3	38	31	61	35	43	26	58	68	44	50	69	54	2	
48	38	38	10	45	6	48	21	55	64	39	61	54	59	45	13	59	47	45	17	49	14	64	11	12	64	27	33	66	15	44	41	58	9	60	42	25	35	60	7	40	43	7	20	25	50	41	23	34	25	37	8	36	40	28	57	44	51	17	46	1	70	17	62	19	5	26	53	49	29	
57	15	61	3	32	25	49	70	45	23	22	22	40	67	59	64	52	42	54	8	6	52	18	21	48	34	35	2	14	11	25	10	24	25	10	64	50	68	61	20	18	26	39	67	29	41	60	8	7	43	25	27	31	44	41	9	1	3	17	24	12	39	46	44	4	50	36	49	58	36	
8	15	55	57	10	11	22	65	28	38	44	51	58	2	18	38	17	29	50	32	50	1	10	21	42	11	12	4	57	66	49	5	20	33	59	30	52	20	31	23	67	2	68	69	13	25	30	34	51	9	60	41	18	64	3	57	15	21	70	14	25	47	16	43	18	6	66	19	26	36	
26	25	36	33	16	46	56	43	13	47	59	9	26	5	1	37	70	13	56	10	34	6	66	44	57	11	40	62	29	66	27	53	17	70	14	40	56	8	9	66	52	12	3	17	21	13	51	19	35	32	26	65	48	19	38	31	39	16	41	65	22	54	57	49	55	15	18	35	20	31	
28	6	36	40	21	55	62	69	14	24	40	49	29	14	7	4	54	57	17	13	58	47	65	43	20	55	50	42	29	4	1	67	8	46	34	38	41	24	35	62	59	1	37	15	24	52	15	5	33	41	16	19	18	19	1	45	13	60	15	39	61	25	36	8	10	7	44	48	51	22	
37	24	14	14	47	35	63	59	49	36	40	3	52	53	31	62	37	41	49	61	19	49	13	50	67	20	66	38	7	33	63	42	54	4	65	28	49	55	26	43	18	64	38	9	56	66	11	30	46	57	22	5	45	28	51	39	60	58	15	4	16	5	44	68	19	48	35	8	30	1	
41	58	62	18	6	54	23	13	12	66	9	27	68	51	65	58	29	62	42	53	63	67	56	46	62	15	20	37	18	59	35	68	57	35	16	59	28	34	11	37	43	17	4	47	7	8	44	45	9	26	26	14	20	10	54	21	32	14	55	48	12	19	42	69	61	70	52	17	30	2	
63	7	16	65	50	33	11	33	5	17	57	28	38	3	46	19	21	6	42	16	49	52	30	31	44	31	36	35	45	1	34	37	4	59	39	63	19	47	24	34	4	20	59	40	19	42	67	49	48	37	62	36	29	32	64	11	61	41	43	32	51	17	8	38	15	42	54	55	18	66	
4	30	8	3	66	36	45	2	24	19	48	14	52	6	55	55	12	42	21	64	15	55	9	16	32	22	56	70	2	13	3	4	39	6	5	44	51	58	43	3	10	19	26	66	33	8	49	40	59	17	34	11	2	50	36	46	8	20	41	7	40	52	20	18	67	35	59	47	18	31	
58	20	58	11	25	16	28	12	66	14	18	37	34	29	15	67	70	31	26	51	46	63	42	64	9	36	24	65	13	40	34	70	69	19	14	21	45	39	30	38	62	57	17	23	27	24	18	35	63	41	25	43	44	68	46	61	30	3	54	47	48	33	50	48	56	61	8	40	49	47	
5	29	44	16	62	67	50	19	41	51	69	64	26	39	55	63	28	22	63	21	8	42	57	55	29	40	58	34	7	23	20	21	61	61	46	62	56	34	9	24	12	4	27	36	52	21	38	19	44	28	49	46	10	34	43	35	13	34	11	30	54	26	60	54	14	47	59	17	7	65	
41	31	3	65	4	64	14	51	11	64	19	69	49	24	42	16	68	65	47	3	35	40	25	33	33	48	6	27	54	23	14	22	49	26	28	62	18	41	40	44	41	55	46	17	8	17	45	13	23	29	15	53	8	36	11	50	23	30	5	4	52	28	37	23	57	59	24	9	36	61	
56	4	55	29	30	70	54	11	10	13	37	20	61	54	64	12	31	14	36	45	27	10	1	60	42	62	58	63	68	22	63	65	35	45	32	5	54	25	15	61	37	59	21	38	40	11	46	11	39	8	53	1	16	66	58	54	52	44	56	59	6	67	49	41	42	20	51	23	43	62	
11	16	48	41	49	28	48	22	36	25	26	28	21	50	19	20	43	10	1	38	67	15	23	55	62	62	14	40	12	53	29	32	67	5	69	55	42	57	4	17	24	39	42	51	17	2	64	70	8	4	35	3	17	55	66	6	57	9	44	8	7	70	45	6	18	52	59	65	42	60	
9	58	26	48	33	52	46	36	50	63	38	23	4	64	5	67	67	1	14	49	7	12	46	54	27	69	27	13	61	68	12	11	64	51	55	36	27	42	70	15	30	47	35	31	39	50	40	44	60	53	20	64	2	6	45	24	16	70	56	17	6	57	21	10	31	15	43	68	61	58	
22	21	37	55	61	2	44	26	55	31	14	3	35	23	18	7	44	32	16	18	53	31	15	2	38	42	17	19	49	6	69	69	27	32	63	13	43	34	48	38	4	1	38	39	24	65	53	6	33	10	32	25	37	45	20	13	28	36	29	1	40	24	67	3	65	57	30	50	30	70	
12	43	68	59	19	29	51	1	30	12	4	58	23	50	40	45	61	62	20	20	2	57	52	8	57	54	62	9	29	31	18	50	13	14	37	29	38	15	37	6	36	51	5	68	28	41	53	28	42	70	55	44	66	32	47	56	26	47	69	60	17	16	29	32	39	5	67	12	34	46	
15	63	21	16	1	58	67	50	14	37	59	66	17	52	37	2	41	60	59	36	51	3	58	20	40	32	22	46	42	49	16	66	53	34	9	64	31	15	54	42	65	38	47	5	30	12	18	68	11	2	43	60	3	48	7	55	70	26	25	44	15	39	33	6	11	56	69	45	63	49	
9	64	20	67	65	47	5	8	43	16	10	24	12	21	62	16	69	61	52	35	26	64	70	67	11	8	44	1	46	47	41	63	48	59	57	52	45	1	58	14	11	6	35	22	34	25	50	42	24	30	3	47	33	15	53	34	17	36	45	1	23	24	66	67	13	57	49	64	55	51	
6	62	58	50	22	19	14	7	70	35	29	13	21	66	22	1	39	48	46	10	47	68	31	49	60	51	30	52	42	12	17	57	13	15	34	45	44	45	53	39	20	16	54	37	9	10	47	58	55	20	64	40	25	35	26	27	13	65	67	69	18	23	48	28	34	21	11	3	5	56	
39	21	11	28	67	30	47	41	14	42	1	18	9	35	50	44	56	2	37	52	5	50	3	51	16	43	11	36	48	14	31	21	45	40	49	39	66	33	19	22	2	29	35	8	61	24	62	44	38	46	21	54	15	34	27	41	4	36	20	52	60	44	6	30	12	56	70	16	17	13	
33	17	39	7	34	28	40	22	15	2	57	42	36	11	69	61	61	9	36	4	70	22	45	68	49	65	64	55	20	8	7	62	32	56	66	67	10	33	23	31	35	19	1	7	43	16	12	28	14	52	41	12	3	26	21	63	18	13	54	50	27	58	48	57	40	30	45	60	1	24	
18	30	23	15	46	59	20	52	26	44	30	7	65	41	30	24	40	57	43	21	31	67	21	64	50	67	20	45	66	32	51	11	70	70	35	42	69	66	32	36	48	2	38	53	40	68	2	22	49	42	54	9	36	1	10	25	70	27	3	64	54	55	14	62	58	60	34	56	57	62	
11	26	60	46	17	39	50	18	67	26	68	43	42	31	47	49	66	44	15	3	46	8	46	58	67	27	45	37	16	22	28	24	59	25	9	1	2	56	32	66	21	21	48	2	62	33	52	55	16	4	55	61	19	40	44	13	69	15	51	8	50	12	42	53	46	54	40	57	44	6	
51	4	24	38	4	13	69	49	7	12	61	60	68	8	27	52	30	31	6	17	54	62	26	18	31	11	9	11	67	46	14	56	48	35	33	49	47	29	40	50	50	37	49	58	42	16	39	69	57	55	25	32	41	53	48	12	2	59	20	4	35	44	63	22	5	17	10	60	64	57	
50	34	21	42	20	2	64	64	16	47	45	32	6	24	21	51	33	17	40	62	17	18	32	13	46	47	39	53	46	24	52	23	65	10	1	10	9	63	14	29	38	56	59	39	19	22	29	54	42	12	38	57	26	10	8	66	54	48	58	27	15	31	60	70	38	61	18	67	60	30	
13	9	25	10	57	38	37	14	26	6	18	4	60	46	11	7	49	62	61	31	16	65	2	3	60	50	59	17	44	44	55	66	62	7	3	47	53	37	68	18	53	27	19	52	68	28	56	48	29	45	19	42	37	22	54	36	67	52	63	50	39	45	43	24	60	55	12	52	32	4	
67	12	26	26	61	34	62	45	17	18	28	25	69	4	56	65	38	64	41	40	39	16	12	9	36	11	4	42	60	35	55	3	42	8	43	42	46	21	25	68	44	51	20	49	53	12	47	29	1	14	66	38	27	18	57	60	31	61	42	32	17	24	32	2	42	63	37	22	10	5	
11	55	50	36	26	29	48	57	68	44	12	61	22	37	18	5	34	54	1	23	7	17	38	36	24	18	24	3	35	42	56	43	24	45	18	49	14	61	44	9	44	52	9	62	26	27	5	1	6	3	13	28	30	58	55	51	3	19	47	35	63	40	20	9	16	33	66	23	39	49	
42	4	41	48	5	66	12	7	61	27	20	15	46	45	70	40	32	11	57	15	55	51	52	1	69	4	43	64	36	14	39	17	28	19	62	29	10	13	45	16	47	7	33	24	48	31	59	17	37	54	30	19	50	21	35	44	34	9	49	10	20	22	24	52	35	25	12	58	35	63	
64	11	56	24	30	42	60	28	68	39	20	38	64	61	55	21	27	29	44	67	36	54	29	57	37	57	23	46	40	65	39	45	3	41	3	43	15	62	69	10	25	14	44	16	1	38	48	46	64	6	43	47	69	70	35	33	48	53	18	26	49	67	68	59	30	66	31	52	2	32	
1	14	55	43	38	66	21	19	31	23	36	13	62	31	4	22	5	67	15	33	15	69	25	7	54	52	10	20	42	2	61	41	26	43	22	60	48	44	18	19	60	50	29	59	21	45	8	37	32	32	63	46	34	15	65	10	6	67	39	49	66	28	12	17	9	32	16	54	11	44	
70	67	33	25	65	51	64	3	18	34	42	2	5	68	26	6	5	28	69	53	11	2	7	21	17	12	62	42	8	69	13	4	6	47	37	9	35	29	10	43	14	48	54	19	44	20	21	58	45	23	50	53	22	54	24	49	27	15	17	16	10	41	8	29	21	55	33	59	22	52	
35	22	25	17	35	8	34	49	6	16	13	52	10	31	44	18	18	58	29	46	64	50	11	12	1	29	65	41	9	16	9	40	43	48	68	5	60	45	63	4	63	2	66	69	32	37	26	47	22	56	30	30	41	38	44	42	5	45	14	11	55	28	61	23	20	67	39	2	31	28	
69	33	27	62	29	67	38	64	53	70	56	10	21	25	44	9	3	59	47	11	67	41	47	66	3	56	59	43	61	28	62	70	1	29	2	31	23	36	33	3	45	13	24	6	35	6	7	35	63	51	57	68	20	40	61	19	33	67	65	22	30	60	19	26	23	18	60	44	62	17	
60	45	28	19	47	1	20	63	45	22	43	39	16	70	9	17	28	36	18	20	56	39	14	13	3	35	41	60	21	40	23	12	12	52	26	57	51	59	47	25	4	30	59	32	37	4	44	7	36	68	22	31	47	46	40	47	20	18	48	45	58	1	69	65	50	31	61	28	15	47	
61	28	15	60	68	49	59	50	63	23	46	24	66	19	66	42	6	24	57	50	9	53	46	2	44	25	30	44	64	54	30	49	21	42	36	14	32	34	65	21	55	34	43	55	67	47	27	69	12	9	40	16	70	26	17	41	62	56	24	52	57	51	36	1	33	10	5	4	45	7	
21	34	49	2	17	40	58	53	32	67	68	12	10	65	33	34	45	31	19	66	10	70	59	52	63	29	60	6	29	38	21	61	14	68	58	39	32	43	16	3	49	23	21	56	15	63	20	58	24	44	63	35	38	62	13	39	25	10	57	41	57	4	42	66	66	37	43	46	7	69	
36	53	18	69	48	30	57	4	15	5	54	19	50	31	12	59	67	18	8	60	67	2	59	56	68	52	11	38	17	25	33	62	22	48	58	62	20	51	5	30	66	56	61	41	15	62	39	21	15	44	10	21	35	65	64	40	57	1	18	13	24	48	27	38	36	9	42	51	63	42	
20	50	38	5	30	61	3	66	22	27	41	40	45	9	44	53	60	28	48	4	52	9	49	62	56	24	68	23	2	53	4	33	44	54	47	69	39	46	6	58	70	42	37	55	57	11	30	43	36	16	59	12	23	35	14	26	8	10	64	7	3	63	36	51	29	9	65	7	67	15	
4	5	27	44	55	23	43	24	63	20	38	46	37	58	22	46	7	12	63	54	17	61	41	61	28	9	9	18	25	10	62	26	13	29	3	7	49	56	34	52	69	64	40	45	61	64	31	4	2	21	63	33	11	44	19	46	50	21	59	15	31	48	51	42	16	53	46	6	34	14	
54	42	5	30	27	7	22	55	8	26	3	8	57	22	49	70	65	39	30	56	63	58	39	41	39	53	18	25	54	61	36	47	46	39	6	68	53	24	61	59	54	9	4	60	22	62	63	15	40	16	65	30	14	43	68	62	33	28	14	19	29	48	1	66	17	16	2	64	37	60	
60	32	60	4	7	10	65	6	34	30	19	36	69	43	5	66	35	35	22	43	59	40	20	69	47	41	10	48	52	43	45	44	12	31	44	33	54	50	38	11	15	60	57	11	46	58	14	70	51	37	56	29	7	17	25	61	63	32	40	33	19	18	16	27	42	1	61	39	42	53	
52	53	19	33	3	57	30	17	67	1	53	59	31	7	66	49	58	55	23	28	29	33	40	39	66	21	37	66	56	18	25	25	8	60	70	8	38	26	19	46	22	10	30	61	6	35	35	11	17	65	27	52	38	6	22	34	24	63	32	12	6	62	41	13	43	42	45	16	62	64	
62	13	64	27	68	68	58	46	69	14	50	33	64	14	48	23	39	70	24	2	21	28	57	53	51	35	25	22	48	17	2	44	31	61	67	41	1	65	20	3	6	63	34	10	3	9	29	52	18	50	67	36	37	59	27	4	20	57	17	66	8	26	39	34	26	43	11	30	35	39	
22	39	30	70	51	41	13	13	33	40	2	21	3	16	14	39	36	31	27	57	24	38	12	70	15	44	40	28	53	3	59	6	51	30	8	35	5	16	46	48	53	45	1	65	69	12	32	26	41	64	9	4	29	18	1	38	47	50	68	37	62	61	48	55	13	58	7	27	66	54	
2	56	31	66	52	26	6	23	48	44	24	66	47	48	16	57	25	68	32	31	30	22	22	4	1	33	67	13	55	69	68	51	60	24	44	27	58	64	55	35	29	4	36	13	49	46	65	14	48	38	42	4	1	58	18	70	27	34	19	21	15	15	3	5	37	50	30	20	36	12	
51	8	13	21	15	3	60	25	24	41	66	67	49	62	61	5	2	15	22	12	33	35	23	42	39	67	31	68	14	5	7	5	6	27	20	32	24	19	49	46	54	58	48	43	39	36	42	50	64	4	69	34	51	28	13	14	23	40	22	44	56	18	52	57	59	5	29	18	38	1	
65	13	51	47	63	27	24	44	1	22	52	2	53	32	26	10	42	44	58	56	37	35	16	1	34	5	4	56	19	35	66	7	57	55	61	50	8	11	19	28	30	3	15	22	36	39	25	2	26	13	68	47	54	20	59	8	29	1	60	40	33	64	53	30	34	45	4	51	69	23	
66	35	20	22	51	63	67	27	62	29	31	1	15	5	28	70	10	49	68	14	26	43	60	17	66	38	69	9	11	48	38	16	5	56	40	65	45	37	7	51	2	45	55	4	47	18	13	67	55	20	4	21	69	3	25	8	45	23	11	53	66	50	9	12	44	47	6	26	11	25	
12	18	53	63	28	35	15	37	29	7	66	44	25	1	54	47	65	26	66	3	20	59	59	35	2	40	13	67	64	30	12	3	40	58	5	6	33	15	41	59	19	36	41	57	35	34	39	27	70	32	45	39	42	26	60	23	64	68	38	67	43	38	10	4	46	11	7	5	48	56	
3	63	32	44	43	69	6	9	16	10	51	65	41	7	20	27	46	21	34	68	15	7	34	21	13	6	42	16	70	16	15	64	7	37	38	59	38	48	66	53	59	62	60	26	63	70	54	39	31	24	32	55	19	5	16	28	6	2	52	18	14	8	14	16	49	56	1	14	40	11	
7	19	70	56	52	4	66	30	37	24	55	6	18	10	6	31	34	23	28	25	44	33	32	59	56	2	39	5	15	9	11	27	29	9	11	2	12	3	41	40	39	32	53	52	38	69	22	11	47	45	48	1	17	8	62	12	14	31	13	32	36	14	57	68	41	64	20	35	6	67	
12	40	18	1	31	66	61	50	19	32	34	59	24	60	57	14	8	3	42	22	32	20	38	15	18	67	21	31	43	21	26	50	2	49	52	46	50	53	28	5	1	65	62	25	58	56	32	66	56	33	8	17	29	60	40	54	51	55	21	23	37	68	11	35	31	4	60	10	70	16	
14	55	22	12	23	5	65	56	61	60	67	8	15	36	60	54	13	49	35	31	12	9	28	22	4	46	19	57	58	7	10	15	65	20	23	11	16	15	3	15	17	67	41	27	30	21	33	53	66	59	18	11	39	29	32	46	37	46	42	2	56	49	13	61	65	33	24	7	68	7	
32	69	2	6	23	43	25	39	20	15	17	40	44	13	23	63	50	16	51	7	13	34	64	24	32	58	66	47	3	51	54	32	49	64	41	67	36	52	33	61	8	66	41	42	55	43	35	17	67	4	33	22	45	37	52	5	21	45	50	56	26	42	4	9	33	38	14	11	14	48	
4	27	44	45	64	22	13	29	48	33	22	26	34	17	54	25	20	1	70	67	43	30	36	48	41	8	7	49	9	34	34	13	56	5	4	51	24	14	67	12	29	28	31	3	41	15	25	59	21	35	52	61	60	39	37	36	44	49	16	62	18	46	12	11	63	1	47	21	19	50	
30	50	34	56	53	53	7	15	39	43	58	31	32	44	2	67	19	38	55	29	28	11	10	37	69	68	47	54	26	70	40	52	45	50	47	56	27	50	55	2	13	30	45	47	14	23	41	51	61	23	1	48	21	15	4	59	35	46	11	42	64	65	62	25	22	8	57	63	66	3	
55	10	35	31	54	37	52	32	2	41	60	65	7	69	24	11	26	47	62	47	18	44	17	44	5	45	59	59	40	58	30	28	63	53	42	45	19	27	3	13	9	68	23	12	59	40	22	33	16	22	70	31	61	25	14	64	6	14	1	43	62	29	4	67	8	65	38	34	6	42	
