22	54	41	35	4	7	68	36	64	8	27	62	6	18	44	14	65	25	23	21	55	67	10	69	70	32	45	36	50	41	63	26	33	20	51	1	36	46	46	28	63	2	29	67	30	12	20	31	35	40	49	29	47	68	34	43	27	9	19	4	60	8	39	20	37	17	30	3	3	5	
38	63	12	6	69	48	15	16	6	59	65	52	15	51	47	49	33	1	68	49	17	55	66	63	2	31	8	29	41	20	41	7	10	50	21	7	37	45	32	40	34	37	35	56	15	5	36	57	18	28	46	39	11	42	42	22	9	59	60	61	13	27	62	14	16	23	30	53	67	3	
17	24	35	57	7	59	1	49	43	25	16	28	62	35	65	43	53	13	29	51	70	32	5	2	54	30	21	11	7	14	9	33	46	53	18	63	39	27	39	22	50	64	47	51	31	51	23	7	61	47	56	58	18	3	69	69	40	19	19	44	39	26	17	34	20	43	15	53	68	61	
14	45	53	58	35	19	48	53	36	36	28	30	34	54	28	31	50	7	56	67	60	34	32	4	55	58	57	7	38	64	8	61	48	70	46	10	16	33	62	48	68	26	18	40	20	59	9	66	59	5	2	46	37	43	60	29	28	44	47	5	49	62	65	22	59	51	41	15	10	39	
2	16	63	17	65	9	69	1	14	67	14	26	40	58	66	27	14	33	68	68	47	54	58	38	3	56	27	41	10	46	8	21	4	10	48	63	18	55	3	42	49	14	64	16	70	68	43	22	28	48	29	5	30	26	50	44	11	16	23	31	59	45	47	57	51	33	60	3	15	61	
40	61	12	42	16	8	37	66	39	4	54	65	16	23	19	5	62	38	18	24	64	16	63	50	12	37	22	68	49	34	55	29	34	6	68	47	10	33	53	58	34	35	50	59	54	67	61	56	43	7	7	46	19	9	23	41	54	57	35	30	15	28	60	58	31	52	45	51	24	25	
34	67	56	12	54	37	17	42	31	70	58	35	43	16	40	6	54	36	57	16	61	13	42	59	67	11	35	39	58	68	61	32	63	44	52	56	20	69	25	49	7	22	23	46	38	3	50	17	33	34	30	33	45	14	18	51	41	62	21	17	64	16	66	60	70	47	42	19	48	8	
5	46	26	38	19	59	50	8	3	22	39	42	53	21	63	67	9	22	69	23	48	63	36	32	49	45	10	30	59	48	47	4	21	1	51	51	67	40	55	9	60	33	60	41	63	52	45	70	11	54	31	56	42	64	28	19	37	33	58	34	21	35	47	43	27	37	16	33	6	68	
39	61	40	27	39	30	16	24	27	26	3	55	20	42	58	57	70	34	30	56	64	48	14	51	26	52	27	53	23	29	59	2	31	27	38	65	54	51	17	8	15	16	60	45	61	45	41	65	5	68	48	9	62	2	1	10	62	25	58	12	63	44	28	17	69	64	11	66	37	23	
67	62	49	67	45	44	51	14	37	66	9	12	2	4	23	10	10	24	42	7	46	31	60	66	47	68	52	64	57	27	27	53	16	3	57	58	44	36	11	7	29	30	28	40	32	61	48	50	11	33	54	54	56	55	47	59	63	26	34	44	65	56	25	5	68	19	2	69	52	35	
68	8	50	23	45	10	23	31	67	43	69	60	24	52	40	11	32	16	45	4	57	34	57	19	48	65	36	59	43	28	12	38	33	2	1	17	3	21	58	9	61	54	66	25	45	35	44	5	62	16	6	55	59	7	14	34	64	59	33	47	13	51	12	56	49	10	70	63	40	13	
66	41	48	59	5	32	33	46	46	18	60	49	13	58	61	24	32	64	10	62	38	20	40	48	15	26	67	12	14	47	18	19	17	5	4	17	34	34	2	8	63	59	68	1	57	54	22	16	58	42	5	23	3	54	11	21	20	27	34	35	69	50	45	3	52	65	29	24	31	28	
41	20	27	35	30	11	28	62	24	13	30	38	46	40	31	53	51	48	67	23	18	67	69	1	67	59	57	35	23	32	3	61	44	29	35	14	47	4	3	10	25	34	57	68	10	15	61	57	6	67	8	29	63	16	28	70	17	33	36	47	50	31	37	39	67	12	43	42	10	45	
48	32	12	33	40	19	56	28	16	68	34	33	25	23	46	62	19	70	25	59	44	1	29	19	30	23	26	11	61	45	51	49	4	4	20	53	31	2	8	44	69	40	5	32	3	60	21	18	57	55	17	35	52	42	58	21	65	10	29	63	52	22	37	66	36	65	47	60	7	63	
32	2	42	45	43	54	32	3	11	17	55	25	55	34	64	39	64	66	58	33	67	37	62	44	41	21	36	26	20	28	29	61	40	10	34	9	61	63	9	12	7	65	34	60	35	37	38	38	46	22	68	37	69	57	8	47	17	48	4	49	14	52	36	57	50	70	64	56	59	15	
57	3	13	18	2	57	65	36	22	34	68	30	69	63	26	15	39	41	66	39	27	2	6	59	56	63	53	59	40	49	11	23	49	33	54	60	17	55	24	48	28	19	7	36	21	29	48	58	9	41	25	37	52	44	19	50	30	11	46	8	57	55	40	47	14	30	35	40	12	66	
16	38	24	18	1	43	44	58	28	62	27	61	22	18	39	51	63	8	1	37	13	68	18	52	41	42	9	14	9	30	19	22	65	40	50	5	22	34	60	59	23	26	48	54	42	17	32	32	20	31	66	42	26	24	21	6	5	41	28	11	67	44	46	56	25	27	2	45	53	64	
30	70	11	16	52	50	39	23	22	69	63	27	37	28	48	54	43	50	31	69	1	22	52	41	17	3	70	15	56	47	13	25	57	32	38	49	24	17	68	41	12	59	65	46	26	53	39	67	30	66	63	40	29	45	8	55	58	5	2	50	62	18	4	46	46	60	33	65	64	28	
33	14	26	39	57	50	18	35	44	57	41	46	25	65	27	42	46	9	59	52	68	46	67	9	31	39	69	61	43	70	28	4	12	52	53	8	41	66	41	24	62	9	1	26	13	21	2	60	40	50	47	35	36	40	54	5	18	49	63	58	46	19	1	55	10	61	64	4	66	48	
10	56	47	16	9	69	35	14	53	14	61	40	48	35	20	27	37	34	15	27	31	59	55	42	41	4	30	41	2	24	9	11	19	65	23	25	62	67	38	54	8	39	21	63	70	41	30	46	10	43	1	51	28	66	20	12	7	59	49	6	22	66	26	38	58	57	3	59	52	50	
41	68	13	1	58	22	48	15	66	55	55	6	45	24	10	63	28	14	61	15	30	10	20	64	46	17	48	60	4	38	34	54	33	47	52	31	6	29	43	69	22	37	14	65	56	21	67	24	32	66	50	1	5	65	62	58	12	39	43	13	14	16	70	44	58	53	2	7	19	54	
69	38	30	10	42	25	40	47	46	69	43	21	10	53	25	70	50	32	46	34	51	57	46	54	41	44	32	45	43	60	33	51	38	60	2	7	12	37	63	68	48	42	31	52	33	55	49	11	22	35	52	1	18	26	61	56	65	20	39	47	8	65	25	50	64	22	59	16	56	62	
11	28	30	36	20	60	26	66	10	57	39	59	55	54	12	55	52	15	3	12	2	20	17	23	4	8	54	70	33	49	58	41	18	16	17	34	14	52	39	21	37	5	19	31	62	27	13	45	51	25	61	49	42	10	22	53	29	4	50	64	50	38	40	64	63	56	36	1	32	6	
31	66	3	48	36	68	14	50	40	5	70	34	63	39	53	2	19	10	15	9	6	64	41	42	67	28	22	32	38	65	28	8	69	41	7	32	38	19	6	16	21	3	49	11	51	39	24	9	45	35	15	48	43	1	17	30	33	52	56	10	42	24	18	35	62	8	12	25	36	20	
50	54	21	24	4	12	3	24	30	45	68	54	32	32	49	58	59	19	46	54	26	10	5	53	54	64	68	69	29	31	17	6	12	36	40	13	56	40	47	13	27	41	7	55	70	63	50	1	10	23	50	33	41	65	11	34	56	7	30	25	48	57	27	61	20	8	8	5	43	51	
26	64	32	42	56	41	32	33	37	39	66	26	12	45	17	32	6	12	48	46	45	21	19	13	5	47	15	21	60	56	69	12	59	40	55	43	9	23	16	44	59	20	8	68	63	34	28	65	67	18	37	29	35	64	49	34	38	62	68	25	51	61	50	52	30	40	14	46	57	38	
28	55	54	34	63	54	7	30	45	60	42	22	27	2	25	4	46	61	5	37	29	47	37	10	29	6	56	40	48	52	17	9	35	11	46	38	61	50	64	45	51	33	67	16	44	17	31	29	17	31	65	51	19	41	59	49	43	58	24	18	33	36	31	8	55	13	41	57	66	53	
16	40	16	19	53	58	45	21	14	61	49	17	37	5	67	35	46	37	16	8	63	58	54	21	64	35	38	43	6	26	15	31	63	28	47	56	13	20	16	39	18	66	63	69	7	57	27	62	33	41	67	24	25	47	55	27	10	16	70	24	52	10	59	53	42	39	48	58	1	62	
35	13	64	24	6	68	21	41	58	51	8	52	1	43	38	52	10	44	7	4	9	69	11	57	50	60	35	23	53	30	14	14	54	3	36	55	11	65	37	8	45	41	70	42	23	39	33	30	19	56	48	22	44	67	19	20	47	59	52	40	9	62	61	2	4	24	66	12	17	29	
17	57	9	25	38	29	56	69	68	70	59	51	20	30	42	48	58	28	26	39	64	44	37	55	42	50	4	35	1	18	60	27	15	8	49	50	35	32	58	43	46	45	32	2	12	13	46	3	38	70	43	41	53	19	33	34	67	35	66	7	5	66	34	4	6	8	52	45	54	37	
27	19	20	68	17	29	9	2	35	56	10	5	26	60	33	55	22	27	30	27	32	19	34	3	36	43	8	24	27	67	58	51	13	17	57	39	43	70	50	5	52	58	25	12	57	49	65	18	16	33	44	45	61	14	63	23	54	64	41	9	1	40	69	11	52	59	58	28	47	35	
36	23	32	52	32	17	29	36	33	42	9	14	26	67	26	12	15	20	11	66	25	7	31	34	26	23	16	27	44	3	56	6	37	30	67	6	41	23	54	70	62	60	24	27	53	47	34	8	63	45	12	28	59	40	59	13	60	18	44	43	26	39	57	58	65	55	4	31	21	69	
40	15	51	61	40	42	47	4	57	38	53	66	5	52	34	3	3	35	14	45	14	50	11	11	47	1	1	48	41	12	40	20	24	17	9	3	58	68	14	41	43	64	46	44	55	7	52	56	49	68	28	3	54	36	10	31	56	8	13	16	29	56	32	63	1	62	63	67	54	18	
45	23	8	18	66	60	34	48	43	23	43	10	23	27	55	42	56	28	60	2	52	16	57	22	6	67	11	9	58	61	22	43	12	31	70	18	27	35	65	9	64	44	17	14	68	11	53	63	50	59	62	30	66	46	58	15	37	12	17	36	66	37	5	17	3	2	42	29	49	43	
37	34	14	60	59	21	68	51	12	44	29	1	11	22	43	8	31	23	13	57	64	19	33	66	33	35	7	15	70	48	61	43	25	66	42	6	15	50	56	26	33	9	34	47	41	16	59	17	33	69	65	27	20	38	30	58	18	34	3	8	24	52	49	40	67	32	54	68	7	36	
31	39	53	62	18	21	5	4	29	48	1	33	11	25	68	50	10	6	23	10	24	41	68	12	19	52	40	2	48	44	44	22	21	26	19	36	55	28	38	23	9	48	53	29	14	60	7	20	8	26	38	27	13	32	48	35	11	15	45	69	70	17	13	16	49	30	61	31	60	42	
51	7	15	42	46	34	30	52	51	47	13	15	14	16	56	56	48	6	9	19	2	17	44	24	28	22	63	16	62	62	64	50	8	3	25	51	49	59	26	25	31	38	54	53	62	32	34	37	36	57	67	60	65	37	12	33	68	70	58	55	1	58	35	7	61	62	69	35	2	20	
58	18	54	46	66	56	18	39	32	63	18	29	38	26	2	44	54	67	54	40	49	52	14	21	56	15	10	50	47	55	68	44	14	61	19	11	44	41	41	4	35	68	27	69	22	25	57	68	31	45	51	7	25	59	37	20	69	44	1	56	43	63	30	48	53	66	49	23	26	33	
36	58	25	63	67	40	24	58	47	52	30	20	68	52	18	32	12	25	16	7	8	50	70	45	37	57	27	24	19	50	50	55	35	13	51	41	64	14	28	49	65	53	66	3	45	22	41	54	45	1	58	59	44	64	23	17	48	60	38	66	35	29	56	9	49	34	49	61	46	2	
29	47	51	20	44	35	40	25	16	24	16	13	1	68	4	33	23	62	19	58	65	63	24	49	68	2	10	46	49	53	41	15	39	30	45	23	5	11	44	17	44	70	40	57	64	42	16	21	48	51	12	33	31	50	9	26	56	22	8	44	10	58	67	57	28	27	7	29	55	61	
55	19	58	22	1	61	2	26	15	39	64	37	70	34	11	6	1	5	32	5	50	38	3	29	23	27	65	42	54	40	27	47	69	24	66	67	13	6	33	45	44	35	4	40	69	20	44	7	22	16	20	68	51	20	35	13	57	26	62	48	5	21	22	10	39	28	8	59	20	49	
36	4	11	37	41	17	64	23	20	15	35	50	18	29	67	60	47	50	25	36	37	28	61	56	38	37	12	55	24	40	31	57	42	52	30	7	66	21	40	26	53	1	3	62	24	9	58	68	59	11	43	20	39	33	15	14	70	32	66	45	6	46	13	40	16	52	63	9	22	23	
44	59	22	44	55	57	50	37	61	45	45	32	4	20	60	16	43	53	49	48	21	50	12	43	17	36	23	1	42	51	32	28	38	54	66	29	33	47	5	25	15	62	61	30	8	48	46	59	41	18	34	63	7	43	52	33	6	62	64	57	56	3	9	13	62	2	37	24	54	40	
50	9	26	40	33	43	25	1	34	6	28	63	4	44	43	43	5	46	44	60	42	18	57	61	27	47	1	1	7	52	37	66	58	3	56	29	45	65	41	11	10	7	69	11	48	51	63	64	24	36	47	8	48	47	65	16	19	67	12	38	51	59	26	49	57	68	13	39	3	52	
59	10	57	67	28	45	46	18	33	9	62	19	15	36	69	13	57	17	20	64	46	61	65	70	36	55	5	49	20	4	27	6	22	23	3	66	63	44	2	29	62	6	39	7	47	25	25	31	52	34	35	24	24	21	33	68	3	37	55	32	53	9	38	7	33	46	26	19	30	3	
51	21	15	29	29	62	63	50	18	41	11	49	64	42	9	34	38	21	8	19	53	65	37	26	1	5	11	3	22	37	13	12	64	25	37	20	12	30	67	39	66	17	27	70	57	36	35	23	64	39	49	42	26	13	7	35	16	15	48	46	61	68	2	54	32	31	12	55	68	19	
19	61	33	43	68	17	20	22	47	21	53	36	59	31	58	7	62	18	18	35	68	23	28	62	69	57	34	8	37	28	24	65	26	67	39	11	25	61	43	13	8	40	42	7	50	27	29	39	38	37	14	44	66	37	27	63	45	53	9	68	11	42	64	34	48	36	55	70	41	46	
6	60	68	45	70	63	12	19	38	46	67	44	6	59	21	38	61	52	33	65	62	46	47	59	7	24	34	4	17	10	34	34	61	35	5	2	26	26	18	64	1	20	30	15	9	66	51	13	39	20	6	43	62	49	24	8	10	69	6	27	5	53	66	23	19	11	2	48	33	31	
28	29	44	69	53	64	55	30	59	34	2	62	3	47	39	36	52	58	27	68	10	42	45	14	43	61	24	42	30	51	66	68	20	50	63	70	36	57	40	31	18	25	11	14	1	59	56	60	53	22	60	65	67	28	4	43	32	35	15	5	16	23	6	33	7	9	34	28	50	12	
60	64	29	10	21	37	66	70	24	50	32	7	52	20	45	65	2	68	27	25	62	39	40	63	7	46	54	44	12	33	48	68	34	18	17	47	51	13	57	3	4	15	6	49	44	58	53	47	65	8	65	54	55	44	56	61	16	38	43	37	6	20	44	36	44	67	21	22	9	5	
20	22	17	41	8	1	21	56	42	13	4	46	7	46	18	9	42	43	50	12	19	52	39	60	29	10	58	45	31	64	49	59	9	5	21	24	1	51	8	52	3	66	26	7	54	44	30	25	23	65	40	39	48	18	38	67	27	24	53	63	28	25	55	46	34	8	68	24	61	11	
4	57	10	39	3	54	19	19	13	40	11	64	17	64	5	52	7	37	21	37	28	43	2	3	14	25	20	22	58	6	19	1	70	24	37	12	23	65	42	37	32	61	35	58	53	38	49	51	70	62	27	36	40	29	36	52	60	66	9	59	68	30	63	15	8	33	31	18	25	65	
60	69	54	26	50	46	54	27	24	64	31	60	28	66	29	17	55	21	65	61	68	2	12	67	16	9	36	47	25	58	45	7	68	38	26	57	11	22	6	51	22	42	32	4	34	67	70	15	7	4	18	15	14	35	19	28	44	51	10	70	3	62	8	39	40	39	19	49	5	41	
21	30	4	61	13	35	57	22	60	1	23	15	13	35	44	40	59	12	18	6	22	64	68	34	32	33	14	46	8	18	20	36	44	27	26	66	65	19	19	62	24	35	2	40	67	43	8	69	63	29	11	25	26	5	54	54	34	63	42	51	9	56	16	64	14	38	58	6	70	68	
65	12	42	7	49	36	57	67	41	48	33	49	10	52	62	62	34	35	52	10	14	70	64	27	59	4	6	51	19	69	49	24	9	18	28	68	64	15	59	32	68	16	20	5	64	11	66	36	42	56	45	51	57	45	25	52	61	18	35	4	13	13	25	29	38	60	21	30	68	22	
56	5	31	15	8	38	22	11	10	65	6	53	50	69	36	18	49	26	34	13	23	55	27	57	20	62	44	29	16	54	46	9	55	19	22	3	60	42	29	1	39	25	51	28	24	9	37	9	47	61	21	2	58	48	57	64	35	40	19	52	30	4	68	12	30	14	22	17	63	43	
12	29	65	56	10	24	4	24	48	53	24	57	52	64	28	47	54	2	14	14	45	46	26	36	62	53	59	13	67	61	70	16	17	66	6	10	19	15	44	56	5	68	47	61	55	8	32	49	1	43	69	55	23	22	31	13	3	29	37	67	17	23	15	43	18	25	9	42	38	32	
25	42	23	69	26	17	11	55	4	21	37	70	16	57	20	56	13	31	12	52	33	26	15	47	66	29	68	67	9	35	26	44	1	58	51	40	14	3	17	18	20	51	34	45	49	45	39	54	2	38	34	48	2	52	21	7	13	17	1	41	57	24	13	68	21	61	29	32	60	54	
56	25	34	8	61	13	58	16	5	2	62	47	40	62	32	58	66	53	4	11	23	56	26	33	62	63	28	19	15	20	6	68	36	33	14	37	52	1	69	64	16	50	49	43	50	10	28	55	69	44	57	20	38	21	51	24	21	9	40	29	27	54	41	60	26	47	39	35	65	24	
7	58	2	52	29	61	70	65	43	10	44	26	23	6	45	19	39	47	16	20	15	40	1	46	42	18	20	5	42	16	36	45	70	48	36	50	36	43	41	14	46	12	41	8	27	24	17	4	69	28	13	10	68	25	53	44	49	21	56	22	25	31	68	37	66	54	68	33	14	55	
42	1	58	11	4	14	33	17	19	41	40	39	48	48	50	41	16	45	63	12	43	15	29	58	58	34	25	53	69	30	30	38	47	37	59	39	53	24	52	60	57	19	33	45	4	20	26	29	48	21	38	31	39	6	4	27	35	36	18	31	66	64	3	24	9	64	5	62	10	56	
48	11	18	21	62	15	38	13	49	27	37	31	51	3	29	64	36	61	22	50	32	24	30	38	53	44	29	54	34	56	44	35	53	55	38	59	2	15	66	48	40	28	13	32	39	46	27	6	60	47	52	69	8	16	41	57	1	60	61	33	48	25	48	42	70	16	20	10	38	14	
70	1	46	7	37	24	43	60	23	9	47	10	8	48	35	47	40	39	34	22	66	9	36	48	51	49	58	6	51	25	24	52	41	68	61	9	30	31	66	50	49	55	10	63	15	32	42	55	64	11	3	48	32	53	23	18	17	11	18	14	44	39	1	2	54	49	24	3	13	13	
63	65	62	64	56	16	18	29	68	19	46	9	64	70	52	26	23	11	35	38	13	3	21	14	13	2	60	28	5	65	50	4	61	39	61	42	52	18	4	66	36	41	12	48	49	69	68	2	5	32	47	34	41	61	40	1	8	30	31	1	37	6	3	27	54	7	10	47	20	17	
45	6	57	50	39	47	49	39	51	61	12	15	19	49	15	64	41	2	36	5	16	57	8	25	24	7	25	31	45	57	52	30	53	40	10	21	22	49	70	51	54	11	5	9	58	18	65	32	29	26	33	39	27	56	61	60	48	28	6	42	5	63	14	59	35	3	14	64	62	9	
43	38	28	41	47	3	56	44	50	12	5	16	61	32	59	66	11	49	14	26	6	29	11	6	22	47	13	33	23	63	51	58	41	7	26	15	15	9	61	55	31	67	14	19	23	62	8	30	37	30	52	52	55	4	68	5	51	24	54	70	18	26	53	49	41	18	1	49	25	57	
46	53	59	44	11	8	36	27	52	68	56	39	60	37	39	61	51	22	70	26	20	8	49	12	57	13	27	58	63	61	39	41	62	34	12	64	42	48	21	15	55	68	9	40	45	17	40	35	40	27	4	3	33	46	24	25	68	65	7	67	57	66	36	38	19	41	50	2	20	1	
69	17	58	65	49	49	23	7	3	3	42	2	3	1	51	20	35	39	24	41	33	4	31	68	46	48	42	11	32	59	5	39	67	68	27	43	50	52	47	53	44	18	47	64	26	30	4	61	66	17	36	38	26	58	43	70	31	11	22	1	12	33	44	1	29	3	46	2	69	28	
49	36	55	35	22	7	6	21	1	11	48	41	44	13	24	13	14	65	33	42	69	45	56	40	52	21	61	17	21	56	57	9	23	43	53	54	53	53	9	51	58	3	37	50	10	64	63	25	68	46	62	47	70	57	26	62	15	16	5	28	67	60	42	25	30	29	70	20	4	27	
58	26	10	14	51	18	62	53	54	43	15	25	29	23	22	46	8	25	1	16	58	64	4	27	21	37	47	26	35	66	41	40	2	48	60	44	6	64	21	34	41	32	68	67	53	19	55	59	56	43	5	50	49	17	3	60	13	57	25	20	57	7	10	65	68	63	36	9	36	70	
