16	5	15	9	10	24	5	18	23	15	17	7	9	14	16	11	17	19	3	16	20	10	21	18	22	
21	13	2	17	10	6	14	13	20	22	14	9	1	4	7	15	23	11	21	8	3	5	24	25	10	
11	12	13	4	2	5	25	14	4	15	23	9	3	8	4	20	21	10	22	23	16	5	17	24	25	
23	24	2	18	16	5	1	25	19	5	1	20	4	13	2	17	8	5	21	22	8	9	9	3	6	
6	4	5	23	2	3	18	23	7	11	14	8	11	12	23	13	12	20	16	24	17	10	9	18	19	
19	24	1	3	14	1	8	17	5	3	18	5	21	15	9	4	2	16	14	12	13	2	22	6	20	
17	16	20	20	9	10	14	7	10	18	20	11	21	19	11	24	1	15	23	13	23	22	12	11	8	
23	21	7	16	24	20	9	14	12	25	22	23	13	1	4	25	18	11	2	1	5	19	24	11	10	
12	8	4	23	17	9	18	11	14	6	7	8	15	21	19	10	13	18	20	16	15	23	5	1	24	
5	19	5	6	4	12	13	9	15	7	24	22	24	10	10	2	14	15	11	7	8	19	20	19	16	
6	7	6	9	5	16	13	23	20	14	2	5	25	8	20	7	9	13	3	15	22	8	25	12	15	
7	16	8	1	8	18	6	12	22	12	16	13	2	17	5	14	12	9	15	20	25	16	3	19	21	
10	9	23	7	15	10	16	4	18	12	11	8	14	22	4	1	17	13	25	22	19	13	7	2	19	
1	21	10	22	6	4	4	13	23	16	22	5	21	25	23	6	11	3	18	2	6	20	14	17	15	
6	6	22	12	2	15	10	21	24	6	25	1	7	8	3	16	2	2	9	2	18	13	8	20	3	
9	24	21	17	18	7	22	20	3	8	19	17	15	16	14	18	12	10	24	23	4	11	17	5	25	
18	17	4	24	10	8	3	6	21	20	20	2	16	12	10	22	4	23	9	19	7	2	1	14	23	
16	18	9	8	19	25	22	10	1	16	13	5	20	23	25	12	10	4	5	19	6	21	21	22	2	
13	25	1	11	14	23	24	3	6	9	15	4	24	18	8	14	5	5	7	21	5	16	10	4	14	
22	6	11	15	25	3	2	22	4	10	8	24	9	9	6	18	3	5	6	17	12	17	19	13	22	
13	11	9	14	14	22	10	19	24	23	14	3	21	20	25	5	18	24	10	24	1	17	21	4	7	
14	1	12	3	7	11	15	16	17	1	3	9	8	18	13	5	6	5	4	18	4	24	23	24	5	
3	18	25	2	15	19	6	15	5	13	20	10	22	5	22	21	7	6	25	1	11	2	4	16	25	
9	20	25	13	21	9	12	8	9	8	1	25	13	6	11	19	20	14	17	21	10	3	24	15	4	
20	22	3	19	8	1	17	21	25	4	12	2	18	24	8	23	10	7	6	14	9	21	11	21	6	
