15	14	11	17	11	18	24	25	12	20	17	19	8	24	16	25	9	23	11	1	23	13	2	14	3	
9	15	10	2	18	10	19	6	11	4	5	13	25	1	24	20	15	16	3	14	7	23	19	8	12	
18	21	17	19	7	16	1	21	25	2	14	8	19	20	18	22	23	5	19	24	2	10	9	15	8	
21	15	6	14	13	14	4	8	5	20	15	18	20	7	17	20	19	23	11	9	16	6	10	18	22	
22	17	7	4	4	14	22	16	17	8	3	5	11	8	9	6	21	24	25	1	13	18	18	10	15	
2	25	8	3	15	4	22	6	6	25	7	18	21	23	9	5	25	12	13	10	19	16	24	14	13	
24	2	5	16	11	7	17	9	13	18	22	14	13	25	19	11	6	9	8	3	17	12	25	4	20	
4	19	6	5	8	17	25	9	21	14	17	1	3	25	11	23	22	2	7	19	12	17	6	18	21	
1	10	25	23	10	15	2	4	19	3	9	10	5	17	5	14	8	4	16	6	18	11	24	7	21	
17	17	4	15	9	23	14	16	22	11	1	10	12	2	3	13	10	18	13	25	13	24	5	14	16	
9	1	20	7	5	7	23	19	8	10	25	5	24	16	24	9	17	6	18	17	11	5	3	21	15	
23	1	12	25	15	24	6	12	17	12	16	21	7	7	4	17	10	6	14	20	5	22	10	9	18	
25	16	17	20	2	5	16	1	15	13	12	12	19	24	6	7	10	21	10	15	22	1	23	2	14	
13	3	9	20	12	21	16	23	10	10	24	15	25	22	4	11	14	13	4	5	14	6	17	19	15	
25	4	13	18	2	1	5	5	7	24	14	25	14	9	10	21	5	3	20	23	2	3	8	12	6	
5	25	14	15	4	20	12	7	7	6	8	6	9	8	13	6	24	12	17	25	21	15	4	16	5	
3	18	15	1	1	10	4	24	16	16	2	11	2	4	16	8	7	22	13	12	6	16	13	17	9	
3	8	17	6	23	22	7	12	1	5	10	10	4	11	25	19	6	9	21	6	24	2	10	20	11	
6	19	1	23	10	6	3	15	22	7	10	16	5	5	17	12	4	24	9	11	21	8	14	2	23	
19	22	21	8	10	3	23	5	2	20	11	6	17	22	1	19	12	14	21	4	9	1	7	2	10	
12	20	8	24	22	2	15	16	18	16	25	23	12	3	21	4	7	25	19	1	1	14	6	11	7	
4	23	16	5	14	13	14	10	18	12	4	20	1	17	15	12	18	1	24	17	20	25	19	15	2	
20	11	2	21	20	6	8	13	14	25	19	21	15	10	18	24	3	7	20	16	17	6	4	22	1	
14	4	23	5	19	13	20	1	24	13	21	22	9	6	1	10	19	1	2	17	8	17	16	10	11	
4	24	18	9	6	11	18	14	20	21	21	17	13	22	2	25	16	17	12	19	16	1	7	23	5	
