1	18	10	16	14	14	24	5	22	18	13	11	1	20	12	23	6	12	25	20	19	18	8	25	21	
9	20	24	7	23	21	19	23	11	22	21	13	18	1	8	11	14	16	10	5	2	4	12	15	25	
3	7	17	10	4	7	20	22	6	25	19	23	16	14	6	11	10	18	1	8	23	9	20	21	17	
22	13	18	7	1	17	9	6	6	19	7	12	10	1	15	8	20	12	23	6	21	5	14	8	11	
20	3	13	12	14	2	8	2	19	13	25	10	19	4	13	14	10	24	19	9	12	23	2	1	22	
5	13	22	15	20	1	9	21	12	18	9	12	23	10	6	13	11	14	4	16	24	13	19	20	7	
1	6	2	25	4	19	3	14	15	16	6	17	22	25	23	14	8	9	12	17	13	20	24	4	1	
10	20	8	1	15	12	1	18	11	24	20	5	25	7	17	16	12	6	12	13	25	2	19	9	10	
11	19	1	7	16	23	14	8	5	14	21	14	12	13	24	8	7	1	6	15	17	21	25	18	9	
8	17	1	2	23	9	8	19	9	14	5	6	25	12	8	15	10	21	20	19	18	3	24	22	8	
11	8	3	9	24	3	15	14	4	14	12	11	21	1	18	7	5	22	4	17	2	14	20	20	10	
13	12	9	10	2	16	18	7	14	1	4	15	17	19	15	24	24	25	21	22	20	22	3	10	5	
15	11	14	8	6	22	20	17	3	4	16	16	19	22	5	19	23	16	7	10	5	25	9	3	18	
3	21	14	3	25	12	16	10	25	23	15	20	14	5	22	17	19	13	9	13	1	25	11	6	1	
21	9	25	1	10	15	3	24	1	4	23	12	20	8	11	12	20	3	23	2	4	13	15	14	19	
1	23	18	11	25	18	2	6	17	3	14	4	3	15	4	5	9	15	22	13	25	5	6	1	8	
2	25	12	14	7	5	14	9	22	6	4	16	1	9	3	25	21	8	11	18	10	15	13	23	23	
23	19	4	3	21	25	5	20	13	18	24	14	4	3	9	2	4	1	25	11	19	6	2	7	12	
7	4	25	17	25	24	12	18	18	15	12	19	2	4	1	6	25	14	13	2	22	9	5	13	14	
12	6	5	13	3	24	17	11	24	6	6	17	4	21	9	9	4	2	8	7	14	1	10	16	8	
5	5	16	5	17	3	14	23	25	2	22	24	16	6	19	1	4	9	14	18	15	16	7	13	20	
24	9	11	4	18	15	6	21	7	10	9	25	3	25	2	22	18	19	11	20	10	8	13	17	16	
4	10	6	23	18	13	21	2	19	5	17	8	3	16	9	18	22	11	15	19	7	12	1	22	24	
22	14	16	18	22	4	8	25	9	5	1	19	24	17	13	19	6	20	19	21	1	7	6	8	15	
25	15	19	5	5	20	1	9	8	7	10	18	13	3	21	16	16	12	17	5	23	11	22	24	24	
