24	17	6	13	9	15	21	7	11	19	10	6	12	16	8	11	22	24	2	15	14	22	20	10	23	
7	18	5	3	18	16	3	8	7	14	16	9	7	21	18	25	4	24	10	19	6	15	17	2	20	
2	10	11	20	19	7	1	12	13	4	5	3	6	8	9	16	22	14	22	17	6	21	17	15	24	
9	7	13	20	6	1	21	15	11	16	6	17	14	15	25	15	18	24	19	24	2	7	21	12	1	
9	15	18	23	16	14	6	20	1	25	2	2	19	12	10	9	21	3	20	5	22	8	21	24	4	
17	19	3	9	6	2	15	20	20	12	9	7	15	4	6	12	5	5	8	12	16	11	10	11	13	
7	8	11	25	1	9	14	19	9	22	24	10	11	16	2	18	24	5	6	3	10	16	2	13	21	
13	23	7	15	9	10	19	16	21	18	13	25	6	6	8	1	2	15	9	18	17	21	22	18	3	
17	25	15	16	11	10	2	9	14	16	17	20	7	3	18	24	15	12	4	21	19	1	23	8	4	
14	19	24	3	12	23	17	11	10	8	22	20	9	3	7	22	19	25	3	19	13	24	6	22	1	
1	13	23	24	20	24	9	11	22	11	22	18	3	7	1	8	25	18	14	2	23	10	16	4	12	
7	6	8	12	2	11	11	14	2	9	7	25	15	17	19	23	11	10	23	16	18	5	15	3	18	
15	23	25	2	18	9	8	24	16	18	1	22	3	13	21	8	17	20	23	6	13	19	3	20	14	
8	4	15	21	4	5	6	2	4	10	19	12	13	17	3	6	17	22	5	7	20	12	18	9	11	
23	18	19	14	13	8	18	17	24	10	20	1	16	22	2	21	12	14	11	3	15	25	17	10	13	
18	22	23	7	5	1	4	22	19	15	7	2	5	23	20	13	13	17	12	8	18	24	25	4	6	
17	20	12	7	23	22	21	21	19	2	25	19	4	18	12	17	24	10	1	18	3	7	3	16	8	
10	5	2	22	9	3	11	23	12	16	21	5	17	13	24	11	9	15	13	25	23	4	1	5	7	
12	5	1	14	17	7	20	22	6	13	3	5	21	25	15	11	17	19	20	4	23	3	8	7	16	
6	24	15	1	3	12	9	5	9	21	21	13	13	15	18	2	20	23	18	14	10	17	5	11	20	
7	14	22	14	15	10	23	10	24	17	9	8	24	13	16	17	7	2	2	1	19	3	11	14	18	
25	22	16	4	24	13	8	18	5	19	23	12	10	9	11	3	13	21	20	25	7	9	12	6	15	
3	21	5	10	6	18	12	2	8	20	24	15	14	11	17	6	1	1	16	9	24	13	14	21	2	
14	1	10	17	21	15	16	25	18	23	4	11	5	18	22	12	14	6	22	20	21	2	17	19	13	
19	2	23	8	23	24	22	15	7	8	11	19	23	1	11	20	12	4	21	4	9	6	15	14	25	
