8	20	19	9	18	14	23	12	12	15	22	20	6	11	22	2	10	8	13	3	25	5	10	1	21	
19	7	7	2	17	7	1	25	12	14	3	16	9	14	4	24	8	20	2	18	13	4	5	20	11	
3	17	15	12	15	10	4	21	16	5	13	20	5	14	4	18	12	19	25	23	17	24	6	11	22	
21	23	23	19	16	8	19	7	20	3	21	5	10	17	18	8	2	11	11	9	12	1	20	4	23	
15	21	18	18	4	15	14	1	12	6	16	18	23	21	12	25	14	17	5	3	7	9	8	15	19	
10	1	18	4	5	13	17	23	6	9	1	18	20	24	2	24	14	19	21	8	6	19	21	22	25	
22	25	3	25	12	22	10	13	12	11	15	24	2	10	5	9	16	21	3	6	23	2	18	14	20	
23	19	11	20	13	5	13	10	8	12	22	4	19	7	15	3	19	14	2	1	15	16	10	6	13	
13	1	12	6	15	4	3	8	15	19	18	19	7	1	1	16	20	2	7	24	14	10	17	25	9	
17	12	16	24	17	1	11	18	13	14	5	19	17	15	6	10	3	21	14	3	22	4	20	23	10	
18	12	17	7	9	23	23	20	13	21	11	14	3	1	25	16	5	13	6	15	15	12	15	16	1	
17	5	3	10	25	11	2	11	1	7	17	22	2	12	9	20	20	23	19	20	21	9	24	5	13	
12	18	23	1	3	22	15	5	23	24	4	6	21	13	5	7	9	24	8	16	10	20	11	2	13	
1	19	20	23	21	5	7	13	25	5	14	22	17	17	19	12	21	22	7	10	24	8	9	22	15	
23	2	25	4	1	15	3	16	5	23	12	7	3	22	7	8	11	3	24	24	17	8	19	13	18	
24	9	20	8	3	2	5	1	3	5	25	10	11	16	13	2	1	19	4	20	23	14	4	21	3	
2	10	13	21	20	22	16	3	17	22	1	15	21	4	14	23	22	24	25	11	18	6	12	1	5	
2	22	9	5	16	12	5	2	18	23	19	15	13	15	7	3	15	25	23	14	4	18	10	3	17	
20	10	21	1	8	16	25	4	21	10	17	9	12	18	22	5	6	11	11	19	14	13	8	7	8	
25	8	25	3	7	14	19	16	4	17	21	18	18	22	16	19	22	1	25	5	15	2	13	21	10	
24	11	22	5	10	3	21	17	25	25	21	13	14	19	16	6	4	7	1	1	20	12	15	9	12	
14	20	10	22	13	17	16	24	11	20	2	11	15	16	21	10	12	23	3	25	11	7	23	17	4	
4	13	5	9	19	14	22	8	21	13	20	11	3	23	24	1	14	6	8	7	16	15	15	8	12	
8	24	11	11	14	6	8	15	7	13	2	21	4	9	12	17	18	5	16	11	19	8	25	20	23	
5	3	2	13	6	11	20	21	19	22	7	23	20	21	8	25	17	19	9	22	11	18	1	24	24	
