12	13	19	11	8	23	19	21	14	25	8	20	13	17	13	16	21	22	11	9	21	5	20	6	8	
7	14	22	4	19	16	25	9	9	23	5	21	17	24	10	15	6	1	2	20	12	18	13	8	3	
21	1	2	15	5	7	21	17	3	22	10	17	23	18	25	16	19	17	6	17	24	20	20	4	19	
12	8	8	24	13	5	19	14	4	6	18	11	25	7	10	21	16	2	15	10	23	6	1	14	9	
13	10	4	5	6	22	16	14	7	13	1	7	8	14	9	10	11	17	7	12	1	2	25	3	15	
3	21	18	25	7	1	10	16	2	15	22	23	5	8	24	17	6	4	9	18	11	3	6	2	12	
3	2	8	2	25	22	3	20	12	25	4	11	9	17	13	23	14	8	1	18	6	17	24	7	10	
14	17	12	10	19	20	12	18	3	13	18	22	12	15	9	11	11	19	19	1	3	15	16	11	21	
2	14	5	23	20	14	11	12	25	18	3	19	4	21	22	11	10	15	24	22	1	6	5	13	22	
5	16	11	14	24	23	15	12	1	10	5	12	20	14	17	13	16	3	11	8	19	22	18	9	23	
12	4	21	16	16	15	19	5	23	7	2	20	19	12	18	3	17	6	22	4	14	6	20	15	24	
22	8	13	12	14	2	23	15	21	12	6	10	3	7	7	7	9	24	25	19	16	1	8	20	19	
9	11	24	25	22	12	21	2	22	8	16	22	6	5	17	14	8	25	14	13	3	19	21	1	17	
13	18	16	19	9	9	1	16	5	25	11	15	18	13	12	24	25	7	3	5	21	10	14	17	22	
23	19	14	15	17	4	25	7	18	20	15	24	16	4	3	12	12	21	5	25	25	8	21	10	23	
23	24	6	7	13	3	4	6	13	16	22	17	16	2	8	5	15	4	20	15	9	6	10	21	11	
24	20	8	17	1	3	14	22	8	20	9	7	21	11	20	10	6	12	25	15	13	3	18	16	19	
8	20	25	6	15	9	2	7	10	19	3	13	4	23	20	24	3	5	17	13	18	1	21	24	23	
22	12	25	13	25	18	18	19	15	23	7	18	1	13	2	20	13	10	19	11	4	16	10	25	5	
25	15	3	11	10	25	8	21	22	21	19	14	12	16	25	7	18	20	11	3	17	19	23	24	13	
23	25	24	8	21	6	5	10	4	14	17	4	18	10	23	10	7	10	19	16	15	9	11	2	4	
10	22	23	21	10	8	18	6	9	25	25	5	24	19	11	1	22	13	1	7	5	12	9	14	4	
21	23	1	25	16	4	6	2	11	2	9	8	19	20	8	18	12	14	21	17	22	23	15	23	25	
17	3	8	1	18	10	17	8	9	24	23	12	22	23	14	19	4	11	11	21	16	7	2	5	13	
17	5	15	3	11	7	17	13	16	1	24	25	7	4	6	21	2	12	14	22	20	21	23	12	18	
