21	4	25	5	7	2	8	10	6	9	12	23	21	14	15	12	3	7	24	3	11	8	13	12	16	
4	8	20	5	16	23	4	9	14	21	16	13	5	23	17	10	11	15	3	24	1	18	25	12	19	
24	11	17	9	22	5	10	2	24	15	16	21	18	23	8	14	13	18	19	8	12	24	20	20	1	
13	21	12	10	3	21	9	13	15	17	7	16	24	8	13	18	20	11	4	19	13	22	4	6	4	
11	14	2	1	7	25	13	3	11	22	4	6	3	16	18	17	20	5	15	25	19	7	21	23	8	
10	8	18	11	13	21	22	25	20	20	6	17	7	5	2	1	8	5	9	23	17	19	15	19	12	
14	7	7	6	2	8	15	9	25	1	20	18	19	17	12	11	20	3	15	4	5	16	6	9	14	
24	20	6	13	11	10	24	17	14	3	16	22	15	23	19	13	18	12	5	6	21	15	23	25	4	
22	18	17	24	19	6	22	11	9	7	21	16	3	12	2	5	1	20	18	25	12	4	12	2	6	
15	10	19	12	3	20	5	18	11	1	13	14	20	21	22	1	16	8	6	1	9	17	2	3	23	
20	10	23	5	4	1	19	12	19	6	12	15	8	4	21	9	14	10	3	11	2	2	24	10	3	
21	16	7	18	17	25	11	1	22	19	2	21	9	13	14	11	23	24	20	24	25	3	13	4	25	
19	3	1	14	10	4	8	5	7	23	14	8	8	15	1	22	14	21	3	2	7	11	6	13	9	
18	24	1	3	22	7	21	24	1	8	9	2	16	6	10	12	19	12	22	13	14	14	4	6	15	
16	10	3	9	15	1	1	13	2	3	8	2	22	4	25	4	9	6	18	14	8	5	6	17	21	
11	1	8	4	5	22	18	14	20	2	3	24	25	11	22	6	17	21	23	20	7	9	10	20	13	
17	25	18	19	14	11	2	15	18	4	18	20	21	6	6	19	7	1	18	16	20	23	6	22	13	
23	8	13	24	25	2	12	23	17	2	11	3	3	1	20	7	16	9	2	21	15	16	5	10	14	
13	5	24	16	17	12	14	4	22	10	22	23	20	19	13	21	6	15	25	4	8	1	19	15	23	
12	22	13	15	6	19	22	7	16	12	23	1	23	20	20	8	15	17	24	9	3	17	14	18	24	
13	23	14	4	8	7	16	2	19	24	6	11	1	11	3	2	10	25	7	25	17	6	14	20	1	
25	9	18	7	23	13	17	21	14	20	1	20	6	3	12	4	8	22	17	18	19	24	8	14	2	
21	6	21	7	12	18	1	19	10	2	17	25	17	9	1	8	15	23	13	22	4	13	16	22	5	
7	13	21	8	1	9	23	3	3	5	12	19	2	5	4	25	18	14	17	1	10	12	7	11	8	
16	2	22	6	20	19	25	6	14	11	5	20	10	7	20	13	21	16	3	3	18	8	9	19	17	
