20	11	14	25	18	7	3	11	19	22	13	4	14	15	17	15	21	11	23	7	16	11	5	11	24	
5	25	3	21	14	9	17	19	7	20	12	1	22	21	16	18	8	23	6	24	10	2	15	4	11	
18	6	24	23	16	9	25	13	12	18	1	18	10	19	24	4	2	22	25	3	10	15	3	5	21	
20	7	14	6	23	2	24	3	23	19	16	8	18	2	20	8	25	6	15	15	4	18	17	23	22	
9	7	5	11	6	23	4	13	10	9	8	8	7	12	13	25	23	14	16	22	24	1	20	2	15	
7	3	3	22	23	15	5	4	20	13	8	14	16	18	22	1	6	4	8	7	9	4	10	15	17	
24	12	11	18	13	21	25	14	23	18	15	10	20	13	2	8	19	16	23	17	10	22	9	25	24	
15	17	25	17	7	15	16	16	1	6	3	21	3	14	16	22	25	2	18	10	5	20	3	19	23	
12	23	10	20	8	6	9	25	5	24	6	22	14	21	18	17	1	11	20	13	24	16	7	21	2	
14	20	20	17	8	10	3	5	19	23	11	25	3	9	2	2	12	19	13	3	15	4	22	21	21	
4	17	8	8	11	7	21	5	2	10	10	12	10	13	3	4	20	24	7	1	25	5	10	22	18	
13	4	18	9	21	14	10	11	20	17	20	24	12	24	25	19	6	7	2	15	8	4	16	6	8	
9	8	12	16	24	1	3	2	18	9	18	3	18	4	22	9	23	19	17	19	18	10	24	7	13	
16	5	11	24	10	18	1	13	3	16	9	3	19	7	19	6	4	21	18	2	17	25	23	9	20	
14	1	21	10	22	4	21	6	14	15	17	5	15	23	7	4	9	9	24	11	2	21	8	3	11	
8	13	10	3	21	24	18	19	21	25	13	23	1	14	9	10	22	15	21	16	17	6	17	11	19	
25	25	13	7	1	22	14	8	6	14	2	2	4	16	19	1	5	14	20	15	23	3	11	8	9	
23	2	16	15	23	8	14	22	16	21	18	11	6	21	14	20	21	17	25	9	8	19	12	24	10	
1	15	7	9	25	24	6	19	16	19	19	17	5	11	8	23	3	17	4	20	12	20	13	17	14	
22	22	4	8	17	13	7	9	24	14	25	16	15	18	5	8	10	20	11	17	1	12	16	18	8	
10	18	25	1	6	11	17	7	12	2	16	6	1	20	14	12	18	4	1	8	5	9	14	23	25	
3	21	22	18	9	4	2	23	4	21	5	11	13	6	24	7	17	19	10	12	11	16	25	10	16	
8	14	20	2	12	16	22	3	8	18	10	9	12	5	10	11	6	25	16	7	14	23	21	13	1	
6	11	17	5	20	4	11	10	24	7	12	13	2	14	12	14	24	1	3	25	18	2	19	21	4	
11	9	15	4	14	12	8	24	25	10	21	2	19	22	1	22	7	4	5	18	19	13	3	10	4	
