23	16	23	21	10	23	2	16	17	24	22	5	10	19	6	17	25	8	7	22	9	1	18	23	11	
21	1	20	14	15	16	3	25	7	16	17	3	18	5	18	19	2	20	23	22	25	12	14	6	24	
8	11	18	25	7	22	18	9	16	10	19	2	6	16	12	21	5	13	11	14	24	3	15	18	20	
3	17	5	14	22	23	21	6	13	18	12	10	10	16	23	14	9	25	20	24	5	15	1	11	2	
9	9	17	18	1	10	17	19	15	3	12	11	23	20	22	13	1	4	20	16	2	9	24	24	5	
18	2	11	16	12	7	25	20	23	14	21	6	3	11	24	5	22	4	1	10	23	13	8	4	4	
22	1	12	16	24	10	7	24	21	22	8	2	19	3	22	6	21	2	7	9	20	9	23	22	10	
5	20	15	13	19	21	7	22	3	23	15	14	1	13	8	23	24	7	16	21	4	25	16	9	6	
19	21	7	16	16	12	22	8	2	6	1	20	12	23	25	9	8	10	7	18	16	4	11	22	15	
4	23	6	19	25	6	10	20	11	24	13	21	17	15	22	22	16	18	8	7	12	11	14	20	1	
4	8	14	12	2	3	16	24	7	7	21	13	17	17	19	15	21	13	4	11	9	5	25	25	9	
6	10	13	16	3	1	17	8	12	4	9	13	20	6	18	25	25	5	14	13	19	1	16	7	4	
18	12	1	17	9	5	19	16	16	11	17	15	2	22	25	3	4	11	21	8	6	18	7	25	13	
17	16	4	22	17	6	15	2	8	5	10	11	21	1	3	2	18	12	25	9	11	1	13	19	18	
20	19	8	22	21	11	13	7	12	9	22	17	21	24	23	1	5	6	14	3	4	14	17	15	16	
1	21	16	11	15	2	3	10	9	22	24	18	12	6	4	15	3	20	13	23	15	7	5	20	19	
4	24	6	20	8	16	18	4	25	1	18	3	3	2	6	23	22	9	5	25	7	20	6	16	3	
24	6	9	18	4	25	21	21	24	15	3	13	5	4	13	7	23	9	10	17	15	2	11	12	8	
10	8	21	6	23	21	24	1	4	15	2	19	11	25	17	22	20	14	25	5	13	8	22	22	7	
7	9	6	23	18	8	24	3	3	12	18	24	1	21	22	16	17	13	2	8	5	18	4	10	15	
23	18	19	14	11	19	20	19	22	8	14	3	7	6	5	8	1	24	6	15	20	21	4	13	17	
11	8	10	15	12	20	9	5	9	21	10	25	13	4	1	24	10	22	25	19	3	6	12	22	14	
25	14	4	2	20	16	12	24	24	13	11	15	4	10	21	22	19	20	9	20	16	25	17	8	22	
18	7	2	2	5	9	1	12	12	25	3	4	10	1	20	8	11	15	17	21	4	16	10	23	7	
12	13	22	7	6	1	23	21	5	2	20	16	19	8	9	15	10	18	24	25	14	11	19	21	18	
