9	18	2	22	12	18	3	14	11	23	10	3	13	19	18	15	2	4	7	7	5	8	2	16	3	
20	13	5	16	12	18	12	15	21	6	18	14	8	6	22	4	17	23	10	7	13	24	9	19	2	
12	13	9	11	2	10	3	13	14	16	24	6	25	15	24	5	1	9	17	4	3	13	18	23	22	
18	8	17	21	21	19	5	9	25	15	8	10	15	20	23	5	14	1	4	24	24	11	24	7	18	
2	7	5	17	3	25	8	8	16	2	4	7	6	8	9	19	15	13	8	10	11	12	21	14	18	
18	5	20	16	9	10	16	17	14	7	18	11	12	21	25	10	22	6	19	4	13	7	23	23	14	
22	5	24	15	13	11	7	16	5	21	24	17	9	12	25	14	25	11	23	1	8	6	17	18	20	
19	21	1	10	16	12	6	20	9	20	5	19	2	20	24	20	18	7	1	3	6	13	4	14	8	
19	22	10	8	7	4	1	25	2	9	15	12	13	11	20	6	13	11	3	6	14	20	24	17	20	
23	15	6	20	4	11	13	22	21	19	1	22	17	25	22	2	12	8	11	21	7	16	6	10	24	
9	16	11	5	24	3	24	18	8	19	14	19	4	11	12	22	9	6	15	9	2	11	20	7	21	
11	6	8	16	15	22	23	2	6	1	25	8	24	13	16	13	3	9	17	12	16	14	17	21	22	
22	23	7	14	4	1	24	8	10	12	22	3	8	2	6	9	21	14	5	11	4	15	5	13	16	
13	23	15	24	18	9	20	13	17	9	16	13	5	22	17	21	16	19	22	14	23	3	6	11	3	
10	12	15	13	17	19	21	19	6	18	4	15	13	16	1	19	4	11	22	23	1	20	11	24	7	
21	13	12	24	22	7	7	10	21	17	23	13	11	9	17	3	12	5	12	25	1	3	2	11	4	
24	11	13	6	1	12	25	11	18	22	6	23	1	14	19	16	7	2	8	13	20	4	3	5	9	
21	20	10	23	3	6	15	21	11	24	12	21	16	23	11	10	2	6	13	17	21	25	17	22	24	
5	13	21	2	8	2	22	25	12	15	3	16	7	17	25	20	23	18	9	18	6	18	19	6	1	
3	24	25	18	21	23	2	6	15	20	13	15	14	10	4	1	11	12	3	22	9	5	7	8	17	
11	25	19	1	3	20	4	2	22	21	21	9	13	3	22	7	10	10	18	17	12	18	5	17	23	
25	1	15	19	5	15	23	23	8	2	24	4	3	25	17	17	20	24	6	16	20	9	24	12	10	
15	9	18	13	6	10	10	24	1	25	2	13	19	23	21	17	16	20	12	13	22	7	8	5	5	
17	23	14	25	24	13	1	11	4	13	6	18	22	4	10	15	24	20	16	13	15	19	3	9	3	
13	14	16	14	19	17	9	12	22	3	7	9	18	24	10	8	5	25	21	20	6	10	22	1	15	
